 -255 -138 -181 -271 -180 -134 -192 -170 -108  -95 -111  -99  -96  -74  -80 -120  -77  -45  -82  -22
  -30   19 -123 -171 -134 -157  -61  -37  -56  -94  -78 -102   10   22   26   23  -13   25   42   27
   20   15   45    4   50   49   41   60   30   49   29   64   61   75   46   82   82   82   60   86
   74   50   65   90   91   70   98  119  100  146  107   82   91   83  103  117   93  103  100  107
   95  152  137  167  133  137  173  163  181  189  131  142  151  167  165  172   85  100   61  101
   95   83   78   94  105   89  102   71   86  114   93    2  108   76   63   97  106   78  112  128
  162  -24  -12  -28  -28   10    1  -48   43   49   48  -52  -40  -23  -39  -27  -12  -56  -57  -38
  -70  -46 -162  -70  -45  -60  -51  -49  -53  -43  -35  -32  -66  -64  -67 -150 -100 -119  -18  -85
 -255 -234 -274 -271 -237 -195 -219 -198 -188 -177 -185 -174 -175 -149 -161 -120 -142 -110 -110  -90
  -79  -43 -146 -211 -169 -185 -121 -101 -105 -144 -122 -102  -53  -34  -28  -24  -13  -19   -7  -15
  -24  -21   -8    4    3    9    1   21   30    2   20   27   37   31   46   47   43   43   60   49
   40   40   50   57   56   70   59   88   64  118  107   68   53   83   68   79   54   63   60   68
   57  146  125  144   97  122  135  145  155  168   93  106  116  132  142  134   53   66   30   67
   95   60   66   49   79   68   72   71   63   83   63  -16   97   82   69   98  101   78  112  118
  162  -18  -12   -4  -19  -11  -20  -51   31   41   38  -52  -78  -23  -88  -66  -55  -84  -57  -93
  -70  -72 -162  -77  -90  -99  -99  -95 -119 -108  -83  -32  -66  -64 -173 -150 -100 -119 -119 -176
 -255 -174 -230 -271 -243 -157 -167 -146 -134 -117 -137 -127 -126  -95 -112 -109 -135  -68  -73  -46
  -44   -5 -112 -162 -128 -132  -84  -61  -81 -106  -83  102  -20    4   -2    7  -13    3   22   17
    3   12   19    4   33   36   25   45   40   21   33   40   57   59   51   80   78   66   75   74
   62   46   63   69   65   85   90  112   97  144  122   92   78   83   85  102   68   74   76   76
   64  165  148  169  119  144  157  172  177  188  100  117  138  150  164  155   60   73   57   97
   94   78   90   59  106   92   96   71   84  107   80    3  117   93   64   98  109   92  121  137
  165  -22    4   -9   -7    0   -3  -33   39   48   43  -52  -62  -23  -82  -52  -52  -38  -59  -69
  -70  -45 -130  -71  -86  -82  -76  -77 -110  -84  -44  -50  -81  -85 -135 -150 -100 -134  -74 -125
 -237 -214 -275 -271 -242 -179 -190 -171 -160 -159 -165 -189 -154 -134 -163 -156 -192 -147 -108 -103
  -76  -49 -141 -239 -211 -222 -126 -120 -136 -165 -155 -136  -57  -42  -57  -42  -53  -46  -10  -17
  -33  -41  -22  -45   -2    0  -15    3   -9  -24   -9  -10   20   19    9   44   41   25   36   30
   14    5   21   22   22   48   50   88   60  120   89   55   40   52   51   64   29   34   31   34
   28  149  120  147   89  111  129  146  159  175   59   83  109  121  138  132   25   28    7   53
   61   35   51   20   63   53   54   44   42   66   42  -41  111   90   64  102  106   90  117  114
  166  -45   -8  -20   -9  -34  -67  -99    8   18    9  -99  -97  -70 -129  -95  -99  -98 -111 -115
 -126 -124 -172  -82 -127 -135 -137 -118 -108 -150  -89  -70 -123 -133 -150 -201 -159 -196 -145 -184
 -196 -151 -182 -271 -159 -117 -132 -128 -122  -98 -100 -100 -101  -79  -81  -82  -75  -49  -54  -25
  -27   18  -94 -126 -103 -126  -65  -55  -71  -93  -89  -81   -9    1    1   14    0   13   42   36
   22   18   36   25   55   51   41   65   56   32   45   54   61   82   70   87   78   86   67   89
   81   74   92   94   87   91   87  118   87  135   96   98  102   98  106  114   91  102   98  114
   88  151  134  150  133  131  158  163  180  190  125  134  158  163  180  153   78   92   68   91
  111   76   97   74  114  101  107   88   92  124  102    5   96   59   40   68   82   72   91  116
  140  -45  -13  -31  -30   24    9  -31   55   57   68  -23  -33  -12  -54  -23  -13  -28  -31  -42
  -52  -34 -154  -80  -42  -46  -46  -35  -41  -30   -4    8  -32  -39  -60 -106  -78  -88  -33  -82
 -283 -226 -296 -271 -273 -199 -226 -195 -193 -174 -196 -192 -177 -176 -182 -150 -197 -150 -120 -109
 -103  -49 -162 -243 -187 -228 -137 -114 -117 -127 -132 -120  -57  -50  -40  -33  -37  -19  -13  -13
  -31  -30   -8  -15    6   11   -2   19   17   -2   17   19   23   30   30   51   50   45   48   50
   40   34   48   53   49   60   63   96   71  121   96   71   58   68   70   84   56   64   58   67
   54  147  123  147  108  118  140  150  159  167   94  108  130  144  153  139   42   51   32   71
   79   51   73   40   89   78   81   65   70   95   67  -17  112   76   60   96   98   88  113  123
  162  -39  -10  -19  -18    3  -20  -60   22   31   34  -61  -61  -31  -93  -53  -48  -74  -70  -89
  -73  -67 -181  -83  -91  -96  -91  -79  -71  -73  -42  -30  -74  -66  -92 -145 -113 -118  -57 -129
 -234 -174 -235 -260 -198 -152 -179 -157 -170 -141 -148 -160 -123 -109 -128 -108 -110  -88  -74  -57
  -39   -6 -121 -193 -133 -186 -124 -105 -118  -89  -93  -82  -21  -13  -11   -7  -11    7   25   11
    0    7   18   19   31   35   25   44   45   27   48   55   46   56   59   71   74   70   73   75
   73   68   76   81   79   83   88  115   98  141  124  100   82  103   98  112   81   91   96   92
   76  163  149  165  133  146  161  174  190  200  113  135  155  167  180  171   69   79   55   89
  110   78   89   69  106   97  102   86   88  108   91    1  109   79   69   93   99   92  109  141
  163  -42  -14  -16  -19   28    8  -34   55   60   62  -29  -39   -6  -57  -30  -17  -49  -40  -55
  -48  -38 -163  -65  -50  -64  -49  -38  -46  -38  -20  -13  -39  -29  -60  -97  -64  -67  -31  -82
 -236 -148 -160 -217 -181 -125 -155 -140 -142 -125 -127 -132 -106  -84  -88  -89  -68  -42  -51  -27
   -5   20  -90 -112  -73 -102  -62  -35  -49  -74  -72  -66    6   13   24   12   19   25   46   33
   24   23   35   28   49   47   40   55   54   33   47   51   58   55   63   74   69   77   58   80
   72   69   82   83   82   82   81  114   79  135   96   91   92   87   98  113   90   96   90  101
   87  152  137  150  132  135  161  164  184  187  118  124  156  163  180  147   81   85   54   89
  105   79   89   74  104   96   96   82   78  103   88   -3  104   80   67   85   88   83  104  124
  140  -31   -5  -10  -21   26    0  -41   47   61   68  -24  -24   -4  -51  -28  -20  -43  -35  -47
  -48  -38 -132  -54  -49  -60  -52  -55  -41  -38  -17  -11  -42  -36  -58 -124  -83  -79  -28  -95
 -239 -192 -225 -303 -201 -146 -189 -159 -158 -148 -149 -138 -132 -114 -120 -101  -99  -74  -65  -60
  -41  -14 -122 -160 -123 -147  -87  -64  -80 -107 -108  -91  -17  -12  -10  -17   -8   -1   19    6
   -6  -11    7    6   35   34   13   37   27   11   25   34   51   49   47   73   68   59   75   65
   55   46   63   68   66   81   88  121   99  145  128   87   74   94   88  103   68   76   77   73
   69  168  156  167  125  153  161  178  183  202   93  114  136  143  164  151   58   63   39   78
   96   70   78   60   93   84   87   72   69   93   73   -4  107   81   72   97   93   95  118  146
  183  -36    4  -10  -17   10   -9  -49   40   51   44  -42  -42  -10  -75  -43  -37  -50  -56  -75
  -64  -52 -139  -64  -79  -88  -84  -68  -90  -78  -44  -34  -65  -70 -101 -179 -139 -169 -106 -150
 -293 -199 -232 -299 -259 -168 -224 -184 -173 -150 -182 -158 -157 -129 -150 -139 -154  -98 -101  -71
  -72  -32 -133 -191 -148 -167 -107  -86  -97 -134 -130 -119  -36  -33  -19  -32  -22  -10    1  -14
  -24  -24   -7   -9    7   10    4   22   17    6   24   31   24   28   34   45   47   48   44   54
   40   48   58   62   61   53   66   93   75  121   94   73   64   75   75   94   66   74   71   74
   65  144  129  146  111  131  145  155  166  182   95  106  132  136  159  136   56   71   42   67
   90   70   83   57   95   90   91   77   75   95   79   -8   96   84   73   96   94   86  120  116
  169  -36    1  -13  -11    4  -14  -49   35   44   45  -53  -63  -25  -94  -55  -43  -56  -58  -74
  -66  -59 -154  -58  -72  -87  -91  -64  -64  -54  -35  -14  -50  -56  -87 -145 -105 -113  -66 -111
 -212 -187 -231 -257 -199 -147 -170 -140 -136 -123 -144 -131 -142 -112 -128  -97 -103  -79  -83  -56
  -45  -18 -122 -168 -148 -165  -93  -79  -94 -108 -104  -83  -30  -18  -19   -7   -9    6   18    8
   -5    4   10    9   25   28   22   40   35   18   29   40   44   49   54   67   66   68   69   75
   56   48   70   72   69   78   84  106   95  133  117   92   82   96   93  110   76   83   81   85
   74  160  152  164  128  151  161  173  187  201  105  129  142  150  172  155   67   83   51   90
  103   77   79   65   96   85   91   75   74  101   83  -13   96   63   45   72   80   75  107  132
  167  -62  -33  -41  -38   13   -7  -59   37   49   50  -35  -40  -15  -74  -33  -33  -46  -44  -46
  -88  -56 -203  -91  -61  -81  -72  -69  -68  -58  -45  -41  -73  -60  -79 -118  -80  -99  -38 -112
 -231 -165 -183 -235 -195 -140 -170 -158 -157 -130 -131 -125 -127  -91 -100 -101  -91  -59  -60  -39
  -27    9 -102 -115  -78 -109  -69  -45  -52  -84  -75  -65    1    4   16    8   10   18   35   22
   13   15   30   25   41   41   39   52   43   34   41   51   54   54   61   65   65   69   58   76
   62   61   81   75   74   70   79  102   80  126   94   89   83   87   92  106   84   90   85   91
   71  143  126  146  116  133  148  159  170  178  106  126  137  147  162  146   65   79   49   83
   98   64   71   59   88   75   88   72   67   93   78   -1   96   72   61   86   90   76  116  128
  154  -51  -15  -26  -19   18   -5  -46   39   56   57  -37  -30   -7  -82  -30  -33  -50  -38  -48
  -68  -46 -153  -80  -60  -79  -76  -72  -70 -107  -87  -58  -68  -67  -87 -120  -84 -105  -78 -110
 -252 -157 -193 -244 -211 -147 -173 -155 -143 -134 -142 -144 -124 -101 -108  -88 -116  -73  -72  -46
  -39   -3 -106 -159 -130 -160  -89  -73  -77 -108 -102  -89  -26  -12   -8  -10   -7    5   22    4
   -3    1   12   11   30   31   26   42   38   25   40   50   47   49   52   68   68   63   63   70
   53   58   73   72   75   76   82  109   83  134   98   85   77   82   86  100   78   87   82   90
   75  154  134  153  115  138  152  163  178  187  104  125  136  150  166  146   71   78   54   84
   98   78   84   67  101   89   97   75   81  102   84    0  101   72   55   78   84   77  108  126
  154  -57  -16  -37  -35    6  -18  -50   42   61   61  -66  -44  -20 -102  -42  -50  -56  -45  -62
  -71  -52 -179  -84  -66 -102  -67  -69  -41  -55  -38  -35  -72  -65  -72 -120  -77  -94  -60  -97
 -273 -194 -231 -275 -236 -172 -202 -173 -178 -160 -144 -156 -131 -108 -112 -153 -122  -79  -77  -57
  -42   -2 -118 -160 -115 -135  -84  -59  -70  -97  -92  -75  -14   -8    6   -2    5   13   23   11
    1    3   20   17   32   32   30   46   39   25   36   47   44   46   52   59   59   62   55   68
   53   56   65   68   63   68   74   99   77  127  100   79   75   76   83   98   64   78   72   78
   59  148  128  146  113  133  145  152  168  177   96  113  135  140  160  134   49   53   29   55
   84   55   70   51   86   79   82   62   65   90   69  -19   90   71   55   75   82   65  103  106
  151  -73  -14  -16  -16   13  -18  -54   33   48   53  -39  -40  -19  -77  -35  -36  -58  -48  -49
  -71  -51 -154  -62  -57  -80  -70  -67  -59  -52  -36  -35  -62  -62  -74 -154 -103 -110  -99 -112
 -314 -231 -267 -320 -267 -205 -230 -216 -206 -178 -193 -179 -176 -134 -153 -104 -130  -96  -77  -67
  -69  -21 -138 -161 -125 -142  -95  -76  -89 -128 -118  -96  -39  -22    4  -15   -6   10    6   -5
  -12  -10    2    7   16   20   20   31   29   26   27   39   28   34   39   49   51   45   47   52
   44   43   61   59   62   58   60   89   70  124  103   69   58   73   74   86   68   71   78   71
   64  150  134  156  112  135  146  161  171  190   90  113  129  141  154  139   52   57   34   71
   88   53   70   49   84   70   75   54   59   85   65   -8  103   87   73  101  102   94  126  132
  174  -37  -11  -20  -23    2  -40  -74   23   44   51  -49  -54  -31  -92  -63  -50  -67  -63  -74
  -75  -70 -221  -68  -77  -99 -102  -87  -86  -69  -49  -47  -81  -78 -101 -168  -83 -139  -46 -140
 -306 -229 -295 -328 -287 -211 -237 -194 -188 -168 -181 -165 -164 -141 -159 -135 -150 -126 -116  -92
  -75  -40 -144 -188 -152 -166 -119  -90  -98 -123 -122 -117  -47  -33  -34  -31  -33  -18   -4  -10
  -22  -26   -5  -10   11   15    7   17   13   -5   10   15   30   30   24   61   53   40   60   47
   31   30   39   47   41   67   72  105   88  133  123   72   55   76   69   89   46   51   56   53
   48  157  149  164  117  145  159  173  188  207   79  104  135  139  170  148   43   54   33   72
   78   60   76   40   86   78   79   68   66   85   68  -12  106   84   83  105   95   95  118  148
  177  -24  -10   -7   -7   -5  -16  -48   33   42   29  -56  -58  -35  -95  -60  -51  -60  -69  -81
  -71  -61 -157  -58  -81 -102 -102  -85  -74  -77  -47  -42  -76  -77  -96 -263 -143 -156  -74 -153
 -211 -197 -233 -258 -200 -171 -209 -183 -180 -167 -187 -191 -155 -156 -179 -153 -170 -131 -105  -95
  -97  -54 -141 -225 -198 -215 -121 -105 -120 -185 -191 -210  -60  -50  -36  -52  -44  -30  -27  -42
  -49  -51  -31  -27  -14  -20  -19   -7   -7  -14    5   10   -8   -1    7   10   17   25   24   39
   23   32   47   46   48   19   36   62   44   94   71   45   44   50   54   68   49   57   51   54
   50  122  106  125   89  110  119  134  146  164   72   93  106  116  132  122   39   46   27   50
   74   58   72   39   83   73   79   63   65   85   66  -27   88   67   60   80   87   69  108  111
  162  -56  -23  -39  -24  -23  -33  -65   21   36   25 -113  -92  -57 -130  -94  -93  -77 -105 -146
  -82  -78 -186  -98 -111 -133 -137 -108  -84  -58  -45  -46  -94  -81  -95 -145  -70 -134  -20 -135
 -274 -196 -254 -287 -219 -160 -171 -179 -179 -128 -126 -125 -132  -95  -92  -89  -91  -50  -50  -33
  -24    4 -109 -127  -95 -117  -69  -54  -52  -81  -76  -70  -17   -1    9   12   11   21   39   40
   24   18   39   29   55   57   48   64   56   35   49   60   71   75   74   95   95   86   98   95
   76   70   88   85   89  106  113  139  126  166  151  119  105  130  125  150   95  107  122  111
   96  183  181  185  167  187  193  201  218  210  136  165  187  193  212  190   85  105   74  121
  131   93   99   86  116  103  113   87   91  121   97   13  120   85   76   95   86   96  113  149
  164  -25   -5  -16  -25   31   11  -32   58   66   66  -13  -18   13  -50  -16  -21  -31  -32  -43
  -49  -36 -125  -60  -49  -64  -67  -62  -57  -38  -20  -16  -51  -51  -74 -158 -129 -114  -93 -104
 -298 -211 -263 -295 -250 -193 -239 -214 -203 -172 -204 -185 -158 -124 -161 -138 -138  -88 -100  -61
  -65  -19 -127 -181 -147 -168 -108  -89  -84 -126 -120 -105  -34  -29  -13  -24  -17   -5    4  -10
  -18  -21   -1   -5   10   17   15   30   23    9   25   40   25   32   42   49   50   55   50   64
   51   55   69   69   71   58   63   88   72  118   86   76   71   76   82   97   70   84   83   85
   70  137  120  137  110  131  141  154  165  178  107  123  133  137  159  149   61   69   40   68
  100   63   77   59   89   81   84   62   69   90   77  -12   88   76   70   91   92   81  117  118
  164  -37  -26  -18  -21    0  -23  -59   32   44   51  -60  -55  -34  -94  -61  -43  -70  -64  -78
  -81  -63 -160  -66  -75  -88  -80  -68  -85  -41  -25  -23  -56  -54  -83 -135  -66 -100  -10  -95
 -239 -188 -238 -265 -226 -157 -198 -168 -155 -135 -148 -146 -130 -119 -126 -146 -127  -90  -84  -63
  -61   -6 -125 -174 -121 -147  -93  -70  -72 -116 -104 -100  -31  -16  -17  -11  -13    3   16    3
   -5   -2   16   11   23   32   26   42   38   16   35   49   41   47   54   69   67   65   71   73
   62   56   74   73   73   79   80  110   94  138  119   90   79   91   87  101   77   82   83   83
   74  158  148  164  124  147  155  169  181  194  105  126  140  152  162  154   65   76   51   83
  105   79   90   62  105   95   99   76   79  104   83   -4   96   76   65   88   85   84  117  120
  171  -29   -6  -16   -8    8   -4  -39   43   58   56  -41  -45  -22  -82  -47  -31  -48  -54  -71
  -59  -44 -151  -61  -59  -72  -73  -65  -58  -50  -24  -31  -64  -56  -77 -156 -122 -140  -75 -137
 -233 -184 -226 -244 -182 -157 -182 -152 -144 -123 -146 -142 -124 -107 -117 -105 -132  -88  -74  -51
  -61  -15 -114 -181 -146 -171  -90  -85  -90 -121 -106 -104  -38  -27  -24  -26  -26  -15    9    9
  -15  -23   -1  -11   17   23   15   31   25   -6   21   30   35   39   40   59   67   55   60   61
   42   45   61   64   61   70   74  102   77  129  104   80   70   78   78   96   58   71   68   75
   66  150  134  151  115  134  144  159  169  183   97  119  133  143  161  149   63   74   58   83
   94   74   82   63   97   92   99   71   78  108   86   -1   93   67   47   68   80   73  103  117
  160  -67  -18  -42  -29    5  -10  -45   27   48   49  -58  -57  -25  -90  -44  -37  -44  -50  -63
  -58  -43 -190  -93  -54  -59  -61  -44  -39  -24    1    3  -37  -37  -57  -85  -32  -62    3  -61
 -271 -179 -220 -263 -223 -162 -211 -197 -189 -147 -159 -157 -142 -125 -119 -109  -89  -64  -65  -40
  -34    1 -112 -146  -99 -129  -75  -62  -60  -96  -88  -84  -20   -9   -6   -1    3   11   23   26
    1    5   17   16   28   34    3   44   42   22   31   44   45   49   53   62   67   64   62   69
   55   52   69   66   68   69   76  102   80  130  103   70   74   81   79   93   69   77   75   77
   71  151  134  153  109  135  144  161  172  198   92  111  131  136  158  143   62   67   44   75
   93   72   85   64   91   89   93   75   78  100   81   -3   96   79   73   99   92   83  117  131
  167  -65  -10  -18   -4    7  -11  -55   40   57   58  -40  -67  -20  -70  -38  -43  -57  -54  -66
  -73  -54 -141  -68  -70  -88  -84  -73  -61  -47  -39  -35  -63  -64  -80 -151 -105  -92  -60 -102
 -233 -171 -208 -255 -222 -164 -196 -167 -150 -132 -158 -135 -114 -120 -123 -108 -120  -77  -63  -53
  -60  -11  -93 -144 -119 -136  -75  -66  -64 -108  -95  -82  -17  -14    1   -9    0   13   11   15
  -10  -11   -2    2    6   13    1   32   36   24   37   43   24   27   40   41   59   58   41   69
   56   63   74   77   74   50   61   83   59  111   76   76   76   63   77   92   74   91   74   93
   84  134  111  134  110  122  134  153  163  176  110   99  131  129  156  137   75   77   47   76
   99   74   83   74   98   82   94   74   82   82   88  -10   90   75   60   81   90   77  109  114
  149  -71  -14  -26  -12   15  -11  -50   40   50   66  -49  -46  -20  -84  -49  -30  -61  -56  -59
  -80  -53 -160 -104  -67  -81  -66  -71  -64  -70  -33  -34  -66  -52  -69 -105  -47  -96  -35 -110
 -289 -204 -235 -291 -237 -184 -216 -196 -157 -171 -168 -160 -154 -128 -133 -122 -115  -84  -90  -68
  -60  -20 -131 -183 -152 -163 -102  -79  -86 -136 -132 -124  -36  -26  -19  -11  -12   -3   10    6
  -12   -9   -9   -1   13   20    6   22   18    4   14   18   39   38   31   65   58   43   59   51
   42   35   47   50   49   68   72  107   90  138  126   77   60   79   74   93   54   60   68   62
   54  158  146  164  118  142  148  165  174  183   87  114  136  146  160  149   40   52   24   77
   85   61   67   41   75   71   74   57   58   79   58  -24  112   80   66   90   81   86  111  134
  166  -17  -26  -11   -1   -3  -26  -58   33   38   32  -61  -59  -23 -108  -57  -69  -55  -78  -88
  -80  -64 -192  -54 -106 -117 -121 -122 -107  -96 -130  -88 -117 -113 -139 -203 -133 -190 -110 -170
 -231 -173 -207 -263 -185 -153 -172 -177 -170 -155 -149 -164 -120 -115 -123 -129 -166  -87  -86  -68
  -61  -21 -109 -161 -135 -153  -95  -70  -77 -111 -111 -106  -27  -19  -10  -17  -13    0   12   12
   -8  -12    2   -4   13   17   11   22   17    3    7   24   29   28   29   45   58   41   36   48
   32   38   48   50   44   53   53   77   54  100   74   58   52   53   57   69   46   60   47   57
   47  126  104  123   88  113  120  134  138  157   73   95  108  113  133  120   40   49   28   55
   66   40   50   40   67   51   63   42   44   70   58  -32   76   58   45   66   72   49   95   90
  133  -42  -20  -28  -19  -10  -47  -89   18   30   37  -71  -61  -39 -102  -68  -80  -86  -98  -92
  -98  -87 -161  -77  -94 -108 -105 -103 -138 -107  -87  -84  -92  -97 -154 -142  -87 -173 -103 -147
 -281 -214 -258 -296 -246 -203 -224 -189 -182 -161 -188 -182 -149 -144 -146 -130 -119  -88  -87  -67
  -48  -17 -136 -166 -123 -146 -101  -74  -67 -102 -102  -89  -24  -14   -1   -4    6    6   15   21
    0    4    1   10   19   26   21   39   35   22   31   42   40   44   46   60   68   62   60   69
   56   51   69   64   68   68   78   97   82  127  110   84   75   87   87  105   72   82   83   82
   70  146  137  146  125  142  149  159  169  186  100  127  144  149  166  149   55   56   28   83
   98   62   71   55   79   71   77   55   58   81   67  -22  100   75   75   90   85   84  107  115
  115  -22  -10   -8   -4    6  -20  -57   29   37   48  -43  -43  -23  -87  -53  -50  -62  -64  -68
  -76  -67 -142  -45  -79  -97  -91  -84  -89  -72   19  -10  -79  -79 -104 -194 -131 -159  -98 -149
 -265 -175 -225 -263 -248 -166 -199 -192 -174 -150 -167 -160 -140 -130 -134  -91  -81  -81  -63  -54
  -22    6 -128 -160  -97 -126  -81  -51  -46  -70  -66  -56   -9    6   11   17   18   26   39   45
   22   28   38   27   53   57   47   59   50   35   43   52   65   66   66   88   89   80   78   86
   70   65   83   84   83   94   98  130  107  153  129  103   94  104  105  125   85  100   93   99
   87  167  158  167  141  168  172  181  193  205  120  144  160  161  187  168   79   97   66  103
  118   84   87   75  103   97  104   80   86  108   91    4  103   70   55   81   88   78  110  130
  161  -50  -30  -24  -15   26    3  -43   49   59   61  -13  -16    8  -43  -15  -15  -34  -31  -31
  -58  -38 -249  -75  -46  -59  -57  -44  -33  -37  -22  -32  -47  -38  -57 -116  -81  -92  -55  -98
 -219 -180 -227 -261 -204 -151 -198 -171 -155 -135 -155 -147 -120 -107 -121 -108 -106  -75  -78  -57
  -34   -3 -115 -144 -102 -127  -82  -63  -52  -87  -86  -75  -26  -13  -13   -1   -5   11   26   30
    7   12   20   19   30   35   32   49   49   22   41   55   46   50   58   70   72   72   66   80
   66   63   85   77   81   78   82  112   93  139  114   98   92   99  104  117   84  101   95  102
   83  156  145  157  135  153  163  175  188  198  119  142  152  162  183  153   73   87   63   90
  108   79   81   73   97   86   93   72   77  104   92   14   98   75   65   82   91   86  118  134
  166  -51   -1  -26  -16   13    4  -32   39   56   59  -22  -37   -3  -54  -18  -17  -22  -27  -41
  -31  -24 -151  -69  -31  -44  -47  -45  -46  -35  -14  -15  -36  -40  -69  -85  -51  -73    0  -75
 -237 -168 -217 -247 -194 -153 -150 -133 -132 -103 -120 -127 -122 -102  -85  -90  -85  -45  -53  -30
  -25   13 -101 -127  -94 -120  -64  -67  -51  -81  -83  -76  -16   -3   -1   10    7   18   31   32
    8   29   26   24   35   39   32   49   51   32   51   57   54   55   57   85   82   77   80   86
   76   69   90   83   86   93  100  125  112  148  128  110  105  114  117  132   95  112  109  114
   94  160  151  160  147  160  167  173  184  196  129  154  161  169  183  167   73   91   57  102
  117   83   94   75  102  101  104   87   89  110   93    4  102   75   59   82   91   81  110  132
  162  -36  -21  -16  -28   19   12  -37   60   70   71  -19  -32    1  -57  -25   -9  -34  -32  -46
  -49  -41 -147  -63  -43  -57  -55  -51  -69  -36  -20  -16  -45  -46  -74 -122  -55 -106  -10 -103
 -231 -212 -255 -278 -221 -169 -193 -176 -167 -161 -170 -165 -156 -137 -156 -118 -155 -116 -100  -88
  -92  -36 -127 -183 -138 -170 -104  -86  -73 -107 -100  -84  -39  -28  -11  -17   -8   -1    0    7
  -19  -13    3    1   10   19   15   34   37   18   37   54   27   32   41   50   60   63   56   74
   60   65   84   80   79   57   73   98   81  130  106   86   82   88   93  105   80   96   91   95
   83  152  138  154  129  146  158  173  185  199  109  131  145  151  170  149   69   75   51   78
  105   79   90   74  101   93   93   68   78  106   89   -6   99   84   71   90   99   91  121  131
  179  -32   -2  -14   -6   14   -6  -48   44   59   69  -37  -47  -37  -82  -38  -26  -41  -45  -54
  -49  -47 -142  -68  -48  -64  -53  -46  -57  -32  -17  -26  -46  -42  -62 -134  -59  -94    3  -97
 -218 -162 -200 -253 -194 -134 -171 -138 -124 -108 -129 -116 -104  -96 -105  -92  -96  -66  -68  -48
  -40   -3  -96 -146 -130 -154  -66  -77  -74 -129 -115  -91  -14  -13   -4   -9    0    6   18   18
   -6   -4   11    5   16   22   19   30   27   20   28   41   31   33   38   54   58   53   45   63
   51   56   70   71   66   58   61   93   64  120   90   72   67   69   74   89   63   79   69   78
   71  133  122  140  109  131  139  152  162  173   96  119  125  139  153  133   60   63   34   58
   92   60   67   59   76   68   70   55   60   82   67  -23   84   77   72   92   97   74  119  102
  159  -49   -4  -30  -52    2  -23  -63   26   38   49  -34  -50  -20  -84  -51  -41  -57  -63  -70
  -66  -67 -155  -90  -86 -103 -114  -90  -89  -70  -47  -47  -78  -77  -96 -133  -93 -130  -54 -110
 -223 -163 -200 -247 -207 -139 -164 -146 -132 -118 -126 -129 -112 -107 -112 -132 -116  -66  -70  -46
  -51    2 -106 -161 -126 -156  -74  -72  -65 -106  -99  -82  -15  -11    4   -3    9   12   20   23
   -4    1   10    8   20   26   23   37   39   26   36   52   35   35   44   55   59   54   44   62
   54   59   70   71   66   57   60   92   61  120   81   67   66   64   70   80   61   73   63   72
   56  138  115  143   97  123  131  140  149  172   84  104  108  120  138  123   46   50   29   58
   77   52   55   47   74   62   68   46   54   79   63  -22   69   53   44   69   81   56  103   98
  148  -55  -23  -30  -13    7  -24  -74   19   36   56  -32  -40  -19  -79  -44  -39  -57  -53  -51
  -84  -73 -195  -71  -66  -87  -76  -73  -70  -56  -29  -37  -67  -61  -80 -141  -81 -124  -66 -100
 -220 -165 -220 -243 -200 -151 -177 -172 -158 -145 -149 -142 -107 -101 -119  -99 -113  -72  -71  -52
  -51   -7  -87 -132 -106 -126  -68  -55  -49  -90  -87  -79    1    2   15    6   15   19   22   23
   -2   26   16   15   20   28   25   41   42   28   40   55   33   38   46   53   58   63   47   71
   62   65   79   79   75   56   61   86   63  113   85   74   74   74   80   93   74   85   95   79
   69  127  121  137  109  128  143  150  161  181   95  113  125  129  153  123   61   67   44   63
   82   72   86   59   94   90   93   68   75   98   81  -16   81   56   53   69   77   64  103  102
  152  -40   -9  -23  -17   17   -5  -55   42   54   65  -21  -36  -10  -73  -39  -31  -42  -50  -53
  -61  -56 -154  -73  -64  -82  -71  -71  -58  -49  -35  -34  -50  -68  -69 -104  -79  -79  -44  -89
 -269 -192 -211 -275 -210 -165 -187 -164 -159 -144 -146 -139 -132 -114 -121 -118 -109  -74 -108  -60
  -52   -2 -123 -162 -151 -174 -104 -104  -95 -127 -130 -166  -31  -24  -20  -21  -22  -16    7    4
  -20  -20    0  -11   11   16    1   19   13   -3   14   15   30   29   27   55   50   42   44   47
   32   33   42   45   41   58   60   91   69  123  101   64   52   66   63   85   41   50   53   51
   46  138  126  146  107  133  140  155  163  182   72  103  120  133  151  131   36   35   19   54
   72   52   66   33   72   65   66   53   52   73   55  -25   98   87   77  100   98   96  122  137
  177   -6   -5    5   15  -11  -33  -59   28   37   35  -62  -69  -39 -111  -76  -75  -59  -92 -104
  -77  -67 -120  -36  -99 -106 -123 -103  -95 -100  -81  -75 -100  -94 -117 -237 -196 -206 -175 -192
 -253 -207 -242 -268 -240 -199 -225 -196 -195 -159 -192 -167 -148 -135 -150 -138 -149  -93  -90  -82
  -82  -40 -139 -212 -159 -185 -100  -90  -87 -110 -105  -99  -36  -30  -30  -24  -17   -8   -8   -4
  -28   -8   -8   -9    4   14    2   19   17    0   12   26   24   23   26   46   44   39   35   46
   32   39   46   52   52   53   55   91   64  123   92   61   52   65   63   83   46   63   60   62
   55  136  122  144  106  130  144  162  175  193   90  117  126  145  161  145   49   60   42   79
   83   52   74   44   78   75   80   60   62   85   70   -2  101   78   68   79   90   82  112  121
  167  -37   -5  -16   -7    1  -12  -48   28   32   38  -38  -53  -25  -90  -49  -38  -43  -56  -70
  -54  -55 -211  -66  -66  -84  -76  -64  -58  -47  -27  -20  -51  -52  -75 -140  -83 -112  -57  -92
 -240 -167 -207 -246 -234 -140 -164 -152 -138 -117 -127 -128 -111 -104 -106  -98  -86  -58  -71  -43
  -28   -5 -118 -163 -110 -142  -76  -68  -71 -100  -95 -101  -17   -9   -5   -2    2    9   19   20
    0   12   12    8   23   29   18   38   36   18   22   42   43   45   45   70   71   66   68   71
   56   52   70   66   68   79   81  112   89  131  110   93   84   95   98  118   70   94   91   95
   80  145  142  154  137  148  162  168  179  191  120  150  150  168  179  164   67   80   54   95
  111   63   83   63   94   80   93   71   73   99   86    4  118   83   73   90   96   90  119  135
  174  -18   -5   -9   -7   16   10  -32   38   49   47  -33  -35   -3  -68  -34  -22  -30  -34  -61
  -53  -33 -135  -64  -54  -69  -65  -66  -52  -59  -32  -30  -57  -54  -82 -112  -69 -120  -47 -102
 -258 -178 -203 -244 -200 -158 -180 -172 -170 -137 -138 -122 -111  -83  -90 -112  -84  -45  -48  -34
  -33   11  -81 -113  -88 -103  -42  -65  -53  -89  -81  -67   -3   -6   13    6   12   18   30   30
    3   31   19   16   26   33   26   46   48   28   40   64   37   35   49   55   63   64   46   72
   63   68   88   80   82   64   62   94   69  125   98   79   77   76   82   97   70   91   75   80
   73  138  128  147  116  135  149  155  163  174  104  124  131  134  154  126   64   67   47   72
   87   52   75   58   90   78   85   59   66   90   79   -1   86   70   61   76   94   60  113   98
  154  -67    2  -21  -10   16   -5  -49   31   52   65  -34  -43  -12  -67  -35  -19  -32  -36  -51
  -37  -41 -139  -80  -40  -55  -44  -45  -76  -43  -26  -17  -43  -50  -83 -110  -56  -93  -16  -77
 -230 -173 -222 -252 -200 -140 -180 -150 -140 -119 -155 -137 -111  -93 -118  -98 -107  -61  -60  -41
  -41    1  -94 -154 -110 -135  -67  -56  -54  -84  -82  -74   -2    4    7   11   14   22   21   23
    0   22   19   19   25   36   24   52   50   23   38   54   46   51   59   71   73   77   63   84
   73   64   85   78   82   76   78  103   82  129  101   99   93   93  103  115   77   98   87   93
   84  139  131  145  130  142  160  164  176  185  119  135  145  164  176  168   75   93   64   99
  119   81   84   73  104   86   96   72   78  100   85   12  116   87   75   82  102   88  120  131
  168  -27    8   -9   -8   16   -1  -36   40   52   58  -22  -26    0  -69  -27  -20  -25  -38  -47
  -32  -36 -125  -60  -49  -56  -60  -56  -41  -31  -14  -14  -42  -41  -53  -74  -19  -59   -5  -62
 -202 -171 -213 -235 -194 -138 -177 -158 -143 -128 -140 -129 -119 -101 -108  -95  -93  -65  -64  -51
  -37   -5 -101 -149  -90 -116  -77  -51  -34  -56  -52  -45   -2    2    5    9   12   18   28   32
   11   29   25   22   34   46   34   53   51   25   42   47   53   58   62   72   76   78   63   83
   64   56   79   79   76   77   79  104   80  131  105   95   90   90   95  109   74   89   80   84
   75  145  132  149  124  140  156  162  177  193  121  122  131  152  167  152   73   73   53   84
  100   71   77   68   90   77   87   71   73   96   83   -2   87   66   48   69   85   73  105  129
  157  -54  -20  -37  -25   34    8  -34   40   55   52   -9  -22   12  -38   -4   -3  -17  -16  -19
  -28  -28 -168  -84  -27  -46  -36  -35  -11   -4  -10   -2  -37  -31  -31  -39    0  -10    0  -31
 -198 -155 -184 -227 -159 -119 -130 -122 -120 -114 -115 -116  -94  -90 -100 -120  -94  -79  -50  -42
  -40    3  -94 -153 -104 -133  -62  -61  -56  -82  -77  -73   -8   -5    2    4   11   15   22   29
    2   26   25   14   27   36   25   45   44   20   39   52   44   44   50   66   68   64   58   66
   61   60   78   74   74   78   71  111   86  141  118   82   75   86   86  106   70   85   82   84
   73  152  146  164  136  157  171  178  190  200  106  123  157  169  188  161   69   85   60  100
   96   74   85   65   97   84   95   72   77  100   88    9  109   79   65   77   95   87  114  130
  168  -40    0  -16  -12    9   -2  -39   36   53   42  -23  -34  -11  -62  -31  -22  -26  -39  -46
  -39  -38 -125  -61  -52  -69  -67  -62  -65  -48  -33  -33  -58  -59  -94 -104  -80  -75  -19  -72
 -250 -195 -232 -281 -221 -185 -195 -165 -175 -140 -154 -140 -150 -112 -120 -103  -94  -81  -82  -58
  -35   -1 -119 -152 -114 -132  -85  -75  -70  -88  -85  -70  -18  -11  -10   -5   -1    7   23   25
    0   17   13    5   26   29   21   36   35    8   25   42   45   44   46   74   68   59   60   69
   60   51   74   66   71   83   78  115   86  139  114   83   73   91   90  104   72   86   88   88
   71  152  146  163  122  153  157  176  185  199  107  127  150  163  183  161   67   86   45   80
   96   69   79   63   95   81   85   70   70   93   76   -1  100   73   59   79   93   81  113  127
  165  -57   -8  -24  -20    5  -10  -51   34   46   34  -30  -39  -20  -70  -35  -34  -39  -52  -51
  -53  -52 -139  -65  -67  -73  -75  -65  -40  -35  -24  -14  -46  -44  -71 -117  -70  -81  -43  -85
 -228 -177 -208 -250 -219 -161 -194 -130 -135 -136 -156 -136 -120 -100 -114 -110  -98  -83  -53  -44
  -38    6 -108 -150  -99 -137  -64  -59  -48  -76  -70  -59   -3  -11   -4    5    7   11   30   31
    0   24   28   18   34   43   33   50   49   22   37   52   55   57   61   81   85   75   77   85
   70   62   82   76   84   90   91  118  105  145  130  100   91  108  106  124   85  101  101  104
   86  160  161  174  139  168  171  185  192  205  120  143  161  175  188  167   75   96   62  100
  120   82   80   72   97   81   95   76   81   99   91    8   94   60   46   60   84   76  100  122
  159  -52  -22  -35  -39   11    3  -42   37   49   42  -21  -26   -7  -53  -22  -19  -26  -33  -40
  -37  -38 -157  -74  -50  -53  -63  -50  -34  -40  -32   -6  -49  -44  -64 -108  -62  -85  -39  -85
 -239 -179 -203 -257 -220 -159 -192 -164 -161 -134 -148 -137 -119 -100 -122 -109 -116  -94  -63  -57
  -61   -3 -107 -161 -121 -144  -91  -74  -67 -108 -100  -92  -21  -17    7    2   10   12    6   21
  -16   19   16   13   25   29   24   36   37   19   37   44   35   37   43   59   60   60   49   64
   60   61   76   72   73   66   65   94   77  129  102   57   71   76   79   92   66   82   69   80
   64  144  126  154  110  135  146  162  168  182  101  107  128  141  155  136   55   66   43   73
   83   59   66   54   82   69   76   60   65   82   76   -4   95   76   70   87   95   88  125  121
  171  -33    6  -11   -4    7   -4  -45   33   47   40  -38  -44  -16  -89  -50  -40  -39  -60  -69
  -46  -51 -130  -58  -66  -81  -85  -66  -40  -50  -28  -28  -60  -68  -81 -148  -93 -146  -67 -121
 -232 -185 -206 -253 -206 -159 -201 -165 -159 -133 -159 -128 -150 -117 -117  -96 -102  -69  -72  -59
  -46   -8 -129 -168 -116 -146  -85  -73  -62  -89  -89  -85  -14  -16  -15    5   -2   10   18   27
    2   19   27   23   44   51   36   56   51   27   44   50   64   67   67   93   87   79   87   80
   72   61   85   76   79  100   95  127  105  155  140  103   92  105  103  115   80   91   95  100
   82  171  158  186  137  161  168  187  198  216  115  134  157  165  180  158   75   82   57   92
  111   85   88   72  105   89   97   86   88  106   86   -4   98   71   66   80   95   93  111  133
  172  -33  -12  -14   -8   21    8  -43   51   58   52  -18  -26   10  -62  -19  -24  -20  -33  -49
  -46  -37 -142  -64  -45  -60  -58  -47   -7  -28  -20  -33  -39  -23  -51  -88  -56  -76  -49  -81
 -197 -198 -184 -233 -176 -125 -149 -132 -121 -116 -122 -111 -106  -89 -102  -82 -108  -76  -53  -46
  -43   -8 -118 -135 -114 -141  -81  -60  -59  -90  -89  -84   -4  -10    9    2   13   14   12   18
   17   19   18   10   22   28   23   37   36   26   38   44   34   38   44   62   61   65   51   71
   67   64   77   76   71   64   65   93   72  120   99   82   79   79   84   96   71   85   71   85
   70  135  126  149  109  140  149  161  168  188  104  111  128  149  155  144   59   64   38   76
   93   65   79   58   93   80   79   74   75   88   74  -15   95   76   67   83  100   91  114  118
  166  -43   -8  -10   13   17   -8  -46   37   52   44  -31  -32   -9  -75  -45  -34  -34  -52  -55
  -74  -49 -161  -81  -71  -88  -80  -73  -62  -62  -47  -32  -68  -65 -106 -110  -76 -116  -72  -97
 -280 -197 -217 -272 -226 -158 -201 -196 -187 -148 -146 -141 -122  -87 -105  -98  -76  -52  -35  -26
  -28   20 -105 -117  -76  -93  -57  -53  -38  -82  -71  -58    9   -4   25   17   26   29   22   39
    1   40   27   25   34   44   36   54   57   41   45   66   49   48   64   71   76   74   56   80
   74   75   89   86   91   73   71  103   78  131   99   89   84   87   93  105   79  101   89   99
   89  146  143  161  118  152  162  173  181  194  121  127  141  158  167  144   70   78   48   77
  105   68   68   74   90   74   82   64   71   87   78   -8  100   80   67   83  104   90  127  123
  183  -40   -8  -19   -7   25   -9  -56   31   42   48   -8  -23  -11  -59  -23  -10  -43  -37  -39
  -73  -54 -154  -59  -51  -77  -74  -66  -69  -56  -28  -40  -57  -60  -85 -125  -64 -107  -32  -70
 -237 -167 -188 -251 -196 -135 -146 -142 -134 -116 -108 -124 -112  -84  -84 -118  -87  -54  -48  -36
  -35    4  -99 -124  -90 -119  -70  -77  -53  -78  -74  -74  -15  -18   -1    6    9   15   14   33
    3   25   30   16   39   44   33   52   49   26   41   47   53   58   59   81   73   70   70   73
   63   58   71   70   71   79   83  111   96  140  124   89   78   94   92  110   74   79   88   84
   71  155  150  172  129  152  163  178  187  210   96  116  146  155  171  153   55   68   46   82
   97   70   72   60   86   73   77   64   78   80   66  -19  106   79   74   95  109  105  130  145
  194  -35  -12  -17  -16   13   -8  -65   39   57   47  -23    3   -2  -56  -32  -36  -34  -47  -55
  -70  -50 -170  -80  -69  -84  -80  -75  -70  -66  -42  -36  -67  -70  -92 -134  -93 -133  -76 -108
 -249 -175 -216 -255 -204 -132 -180 -158 -144 -127 -126 -115 -107  -89  -98 -108  -97  -58  -43  -34
  -50   15  -96 -153  -84 -129  -77  -64  -40  -65  -69  -43    1   -6   20    1   25   26   26   41
    5   37   23   26   45   52   38   54   53   38   45   56   62   60   62   94   86   76   74   86
   76   72   90   89   85   97   92  122  105  148  131  106   96  108  106  124   87  102   98  104
   83  163  157  178  137  164  175  185  188  198  130  139  150  174  177  167   77   88   58   95
  113   67   84   78  104   89   97   83   84  101   89    6  101   77   70   86  110  106  128  138
  182  -42   -4  -15   -3   40   17  -37   51   64   56   -2  -12    9  -37   -4    3  -10  -19  -28
  -50  -30 -137  -62  -21  -53  -41  -39  -18  -34   -7    3  -33  -27  -52 -130  -69  -94  -43  -77
 -213 -176 -224 -259 -183 -139 -168 -153 -147 -128 -136 -127 -110  -96 -119  -96  -98  -81  -59  -45
  -41    1 -103 -150 -103 -129  -79  -62  -54  -90  -77  -63   -6   -7   17   16   23   28   15   36
   -5   28   19   21   41   45   34   51   41   41   43   59   34   49   62   74   69   72   51   80
   76   70   89   84   88   72   74  104   74  130  100   88   87   80   89   99   82   96   79   94
   82  148  131  154  110  138  148  157  161  174  112  112  127  126  147  128   67   78   45   89
   94   60   66   67   85   69   82   59   70   89   79  -11   95   73   54   77  102   82  115  103
  146  -48  -12  -23   -6   28   -4  -53   27   41   39  -22  -25   -4  -59  -33  -17  -34  -38  -44
  -63  -48 -160  -73  -60  -70  -52  -45  -36  -32  -10    0  -45  -50  -72 -104  -49  -85  -16  -70
 -289 -214 -242 -298 -266 -200 -218 -199 -190 -175 -184 -181 -171 -149 -150 -131 -108  -93  -63  -57
  -51  -10 -148 -155  -94 -120  -87  -77  -54  -71  -65  -51   -6   -3   12   24   22   27   46   42
   12   37   30   33   51   58   46   64   58   43   46   58   63   71   72   91   87   79   78   82
   75   61   81   80   80   95   92  127  102  150  123   99   89  101   98  111   79   92   88   94
   79  167  151  178  126  157  173  185  193  203  117  126  153  158  182  154   74   69   54   92
  103   67   79   74   97   79   92   76   79  103   82   -3   97   74   67   78  102  103  126  136
  186  -42  -10  -23   -2   28   11  -42   46   53   53   -3  -10    9  -37    0    0   -9  -18  -26
  -58  -31 -137  -77  -22  -56  -54  -50  -32  -50  -30  -27  -60  -51  -61 -119  -66  -96  -39  -70
 -217 -194 -228 -278 -196 -152 -179 -154 -142 -131 -143 -137 -124 -109 -122 -111 -127  -99  -79  -73
  -58  -20 -121 -160 -141 -157 -108  -93  -83 -106 -101  -95  -24  -25   -9   -3   -4   -3   26   11
  -19   -5    4   -2   26   17   14   34   22    7   18   23   42   48   46   72   66   56   59   55
   45   38   53   53   53   76   72  104   80  136  116   76   66   76   74   88   51   62   58   66
   54  154  139  167  110  145  153  165  172  197   84  102  127  131  148  142   48   47   40   80
   80   61   67   47   86   71   83   65   68   88   71   -7  115   77   73   87  100  103  122  139
  175  -16   -7   -2   10    7   -7  -52   29   38   29  -47  -46  -10  -74  -36  -37  -32  -53  -69
  -66  -49 -134  -57  -68  -96 -110 -106  -83  -80  -50  -32  -74  -80 -117 -186 -131 -164  -81 -152
 -230 -199 -245 -282 -220 -186 -194 -195 -170 -131 -149 -135 -141 -112 -127 -124 -112  -92  -79  -71
  -44  -23 -116 -178 -130 -153 -106  -87  -62  -95  -96 -100  -29  -24  -18  -10  -12  -14    8   19
  -10   -8    9    3   33   33   23   37   26   11   25   28   49   50   48   78   69   61   67   65
   54   42   59   60   59   85   83  116   92  141  123   90   74   95   90  105   62   67   73   74
   62  155  145  169  125  150  160  172  181  204   93  115  141  144  165  151   58   56   47   86
   95   76   77   59   96   79   87   69   78   92   74    2  113   79   77   92   99  104  124  138
  178  -23   -5   -5    5    1  -10  -45   36   50   42  -48  -50  -17  -73  -45  -42  -37  -63  -67
  -67  -50 -119  -42  -70  -94 -105  -83  -51  -80  -50  -35  -76  -79 -117 -147 -105 -117  -68 -118
 -222 -157 -206 -252 -189 -128 -163 -154 -132 -114 -130 -135  -96  -87 -105  -92  -98  -73  -46  -46
  -40    5  -82 -158 -104 -135  -69  -65  -52  -87  -85  -83    3   -6   16   10   18    1   19   27
   -3   13   17   13   32   31   24   36   30   37   31   36   42   47   45   65   64   64   54   69
   58   51   67   64   66   74   66  103   74  130   96   79   79   75   80   90   67   77   66   80
   69  144  125  158  106  137  151  169  182  196  104  106  128  134  162  144   61   57   40   77
   97   69   75   62   94   83   95   76   82   94   76  -12  106   80   75   86  102  103  125  132
  179  -41   -1   -1    6   23    0  -37   45   51   42  -28  -32   -9  -62  -30  -27  -23  -49  -61
  -66  -42 -126  -38  -50  -78  -73  -71  -48  -48  -14  -16  -57  -62  -83 -143  -75 -123  -44 -102
 -242 -195 -230 -275 -208 -175 -195 -179 -173 -153 -160 -150 -146 -117 -133 -111 -106  -92  -59  -66
  -41   -5 -111 -153  -98 -119  -81  -75  -51  -59  -61  -57   -5   -9    1    8    5   -2   25   38
    9   16   26   18   48   49   39   55   44   24   30   42   63   69   58   91   84   74   67   78
   73   59   76   74   74   97   80  120   84  145  109   98   89   92   92  103   72   86   79   86
   72  160  143  173  121  156  168  176  182  207  110  115  137  135  172  143   69   72   60   83
   96   69   81   51   96   81   84   80   76   97   85    0  105   73   66   81   95   87  113  128
  152  -24   -8   -5    4   29   11  -35   46   49   45  -25  -22    5  -42  -15  -17  -12  -26  -33
  -55  -31 -130  -40  -35  -57  -60  -54  -27  -43   -7   -3  -40  -42  -61 -122  -72  -79  -42  -83
 -223 -210 -236 -271 -220 -179 -193 -183 -175 -162 -167 -161 -146 -131 -156 -135 -158 -127  -89  -85
  -82  -38 -125 -207 -157 -175 -115 -100  -86 -110 -103 -104  -25  -30   -5   -7   -3   -8  -17    4
  -23   -8   -1    2   20   21   15   32   23   19   25   31   24   38   36   49   55   57   48   66
   58   55   72   69   74   58   59   87   69  122  101   75   70   75   72   87   71   78   72   81
   70  137  133  155  109  143  153  159  165  191   94  101  129  127  154  133   58   45   30   65
   91   68   70   59   88   73   76   59   57   85   70  -15   99   84   78   93  106  102  128  124
  174  -34    0   -8    5    5  -30  -55   36   45   33  -50  -51  -18  -87  -57  -39  -48  -69  -78
  -82  -61 -134  -46  -73  -97 -103  -84  -72  -69  -42  -35  -74  -72 -122 -149  -70 -129  -47 -108
 -260 -168 -219 -254 -197 -138 -166 -153 -144 -119 -121 -117 -120  -95  -93  -93  -86  -68  -66  -37
  -32   -2  -99 -159 -112 -131  -74  -86  -59  -77  -78  -68  -10  -17    4   -2    7    0    9   28
   -2   16   12   19   36   36   29   45   36   30   25   43   47   53   50   82   77   67   66   74
   68   58   78   75   76   84   79  114   85  142  110   86   81   84   85   98   78   89   77   89
   72  158  139  172  117  140  164  172  175  208  109  113  137  140  169  144   63   59   45   80
   96   70   76   62   94   78   86   78   69   94   80   -9  101   77   71   87   97   98  119  133
  175  -36   -7   -8   12   22    2  -41   38   50   44  -29  -25    5  -50  -24  -15  -33  -36  -43
  -64  -47 -147  -51  -36  -59  -63  -52  -45  -87  -28  -17  -53  -51  -76 -110  -62  -94  -53  -88
 -210 -153 -189 -231 -200 -128 -145 -119 -125 -104 -106 -100  -98  -97  -95  -69  -87  -76  -62  -38
  -38   12  -90 -149  -94 -125  -66  -68  -45  -62  -63  -67    5    0   13   16   21   14   23   36
   12   23   31   31   51   51   41   58   44   39   50   55   58   67   65   92   87   80   78   86
   77   63   82   80   83   97   93  130  105  152  129  101   92  101   99  116   84   92   92   97
   79  168  156  179  140  156  180  183  191  205  114  130  158  161  183  159   73   62   49   96
  107   77   88   69  103   88   92   82   78  101   85    0  115   87   73   94  103  109  125  151
  179  -24   -7   -5   10   30    7  -26   50   56   48  -20  -16   13  -45  -17  -15  -12  -40  -44
  -54  -31 -119  -41  -41  -61  -67  -56  -36  -45  -19   -7  -45  -48  -72 -103  -64 -101  -58  -90
 -240 -179 -204 -264 -202 -157 -175 -154 -133 -114 -116 -104 -115  -88  -96  -98  -92  -70  -53  -35
  -42    3  -96 -144 -113 -128  -70  -81  -62  -89  -86  -76  -10  -13   16   11   19    9   14   30
    4   24   18   24   41   42   34   46   40   38   44   60   45   58   59   75   76   73   62   81
   74   67   90   80   89   80   74  110   79  135  106   90   87   83   91   99   84   99   89   97
   84  142  134  164  117  133  160  170  169  192  111  110  132  133  159  137   72   63   54   79
  102   63   76   71   95   78   84   75   71  100   83    4  109   85   61   84   99   94  120  134
  166  -30    2   -7   10   33    1  -42   46   53   43  -30  -27   -2  -59  -27  -11  -26  -38  -42
  -59  -45 -126  -41  -45  -61  -70  -51  -31  -40   -7   -2  -45  -44  -67 -138  -61  -89  -27  -82
 -231 -206 -237 -262 -222 -187 -198 -200 -194 -170 -167 -161 -153 -126 -143 -120 -120 -111  -82  -71
  -64  -22 -128 -174 -120 -156  -91  -94  -82 -101  -98  -94  -23  -28   -5   -2   -1   -8   -1   15
   -4    8    9   14   19   28   21   31   30   29   37   41   36   45   46   64   67   55   56   65
   58   55   69   70   71   71   70  102   80  127  113   80   73   87   86  101   70   80   80   81
   66  143  136  158  114  135  159  161  176  198  103  118  147  154  170  161   56   55   51   87
  100   67   83   59   99   90   89   77   79  103   80   -3  105   80   76   96   97  105  115  142
  172  -59   -5   -7    5   18   -2  -41   48   54   44  -46  -45   -6  -73  -35  -30  -30  -39  -56
  -64  -47 -147  -52  -48  -60  -68  -58  -34  -46   -6    1  -43  -40  -72 -152  -92 -114  -52 -100
 -228 -212 -236 -260 -226 -196 -197 -184 -179 -158 -163 -153 -160 -125 -141 -114 -106  -97  -66  -52
  -59   -8 -124 -159 -116 -130  -87  -88  -61  -92  -86  -72  -10  -18   19   12   24   17   14   31
   12   32   22   34   31   47   39   57   55   55   53   70   49   65   67   79   82   75   62   86
   64   76   90   87   91   84   76  107   71  134  103   93   90   89   97  105   86   97   94   95
   77  148  136  161  111  136  164  170  178  195  115  119  144  148  175  150   69   67   52   83
  101   58   68   69   90   77   80   75   69   97   84    0  100   80   68  101  105   95  126  146
  191  -45   -5  -18   -3   38   -8  -58   43   50   49  -19  -17    5  -55  -24  -12  -39  -28  -39
  -73  -55 -153  -72  -46  -70  -75  -66  -54  -58  -21   -7  -62  -62  -92 -144  -86  -98  -29  -82
 -231 -195 -266 -289 -225 -158 -195 -161 -163 -146 -141 -157 -132 -113 -131 -123 -121 -102  -83  -61
  -56  -17 -111 -189 -139 -159  -94  -74  -65  -81  -81  -84  -10  -16    0   -4   -3   -5    1   18
   -1    2    9    8   19   27   18   30   21   22   34   32   35   42   39   65   63   52   58   63
   45   54   69   67   72   69   70  101   76  127  100   78   74   75   78   89   70   78   70   78
   67  148  129  159   99  127  155  158  161  180  100  104  130  125  153  133   51   36   28   61
   91   62   74   50   88   79   78   71   69   86   72  -22   91   82   73   99  109   88  129  118
  182  -16   -3    2   18   20    1  -40   52   53   38  -36  -32   -2  -68  -23  -26  -31  -43  -57
  -71  -49 -125  -53  -61  -88  -79  -73  -42  -54  -47  -33  -66  -63  -77 -135  -75  -98  -65  -91
 -231 -225 -280 -296 -245 -214 -228 -203 -198 -175 -194 -180 -162 -148 -167 -129 -147 -129 -103  -86
  -89  -44 -163 -205 -154 -179 -139 -105 -111 -100 -103  -93  -42  -39  -22  -19  -18  -16  -22    0
  -21  -13   -2   -4   12   19    5   22   20    5   23   23   31   35   34   63   60   47   60   56
   39   38   52   50   48   69   68  100   76  128  116   73   66   82   79   89   59   68   70   71
   54  151  144  162  103  139  148  164  177  206   93  111  140  144  169  153   50   51   36   82
   92   60   78   32   94   82   84   74   68   91   71   -2  108   80   74  101  104   95  121  148
  182  -27   -5  -10   14   12    8  -44   41   47   30  -53  -47  -14  -70  -34  -36  -36  -41  -52
  -65  -51 -130  -58  -61  -82  -70  -61  -63  -82  -31  -11  -57  -62  -99 -195 -134 -156  -96 -126
 -227 -140 -192 -217 -178 -116 -166 -157 -159 -126 -140 -150  -89  -85 -112  -95 -111  -81  -56  -43
  -40    0  -78 -145 -104 -131  -71  -60  -54  -81  -83  -69    1   -7   17   -3   17   -1   18   25
   -3   18   12   12   25   22   24   27   26   36   42   51   36   47   36   70   63   50   43   72
   45   68   83   76   77   66   62   95   66  120   89   71   78   72   80   84   75   91   85   86
   74  138  112  150   88  115  124  143  144  169  107   97  117  110  141  126   63   49   34   61
   95   67   78   51   93   77   80   69   60   90   77  -16   82   70   57   78   96   76  108  106
  159  -41  -13  -20    0   16   -6  -48   41   55   54  -29  -33   -6  -51  -38  -16  -34  -39  -45
  -83  -52 -184  -80  -43  -75  -66  -56  -25  -49  -21  -14  -60  -52  -70  -95  -43  -63  -31  -68
 -257 -191 -233 -263 -209 -161 -191 -186 -178 -156 -171 -155 -135 -111 -132 -113 -124 -101  -61  -56
  -75   -6  -97 -147 -114 -136  -84  -65  -69 -102  -94  -83   -5  -11   14    0   19   25    8   23
    4   16   10   12   16   22   18   24   34   43   39   54   31   46   45   64   64   51   48   69
   45   65   78   62   74   63   66   96   62  123  100   73   76   77   81   92   73   89   83   86
   74  138  123  154  103  125  132  145  151  179  105  104  129  125  146  136   64   53   38   66
   96   67   79   52   91   81   77   72   58   90   74  -13   88   78   79   93  107   85  122  123
  182  -27    1   -2   17   14   -6  -46   38   49   58  -25  -42   -3  -67  -48  -26  -32  -46  -56
  -79  -53 -130  -62  -62 -105  -91  -83  -59  -83  -49  -35  -74  -91  -97 -126  -73 -122  -51 -108
 -219 -159 -208 -225 -172 -146 -179 -157 -146 -111 -140 -108 -109  -84  -94  -89  -87  -55  -49  -28
  -27   13  -91 -138  -97 -134  -62  -55  -54  -74  -68  -56    2    0   11    2   17   28   27   37
   19   27   26   19   37   40   37   44   45   40   42   55   52   64   62   85   79   66   74   67
   59   66   78   60   69   87   89  118   98  140  127   89   87   94   91  101   74   83   83   80
   72  159  147  179  113  146  148  165  176  202  102  114  137  140  161  139   64   60   48   81
  103   76   85   47  101   93   92   84   74  102   84   -6   96   86   68   90  111   88  125  136
  179  -31  -12  -10   12   15    9  -33   53   61   58  -11  -14   12  -39  -28  -18  -24  -26  -35
  -63  -48 -141  -71  -36  -60  -56  -56  -16  -48  -31  -12  -53  -60  -65  -91  -30  -90  -27  -66
 -246 -160 -203 -248 -216 -151 -192 -163 -148 -110 -134 -117 -106  -78  -90  -84  -84  -68  -45  -28
  -30    7  -83 -129  -74 -117  -57  -54  -45  -59  -60  -49    2    2   14    9   21   37   27   41
   21   36   32   36   41   49   47   55   57   52   57   69   63   73   70  100   95   78   83   78
   69   71   93   80   87  100   99  133  104  155  130  105  100  110  107  122   91  103   95   98
   83  170  156  188  134  162  174  188  192  209  127  130  162  161  188  165   78   80   67  101
  112   83   95   61  111   91   98   90   85  113   95   14  112   94   76   90  120  101  132  140
  188  -12    7    4   18   28   23  -18   62   70   69    7   -9   30  -20   -5   11   -8   -4  -15
  -47  -25 -115  -51  -19  -42  -36  -31   -8  -33   -4   11  -27  -33  -49  -92  -40  -64   -8  -51
 -257 -202 -254 -306 -233 -180 -229 -187 -174 -150 -171 -142 -133 -103 -124 -111 -108  -83  -69  -50
  -62   -6 -107 -151 -103 -130  -88  -69  -59  -82  -78  -65   -2   -5   14   -4   17   23   12   30
   13   25   22   24   30   34   33   41   47   45   48   61   43   56   54   79   74   63   63   66
   54   70   85   76   82   76   77  106   81  133  112   83   88   86   91  103   83   98   84   94
   80  154  138  171  115  145  156  171  176  190  118  118  145  141  164  141   70   65   51   78
  103   80   85   58   99   78   82   79   65   99   86   -1  101   90   88   95  122   93  128  123
  179  -12   12    8   20   14   -6  -37   47   53   62  -11  -31    8  -49  -31  -13  -26  -31  -45
  -64  -45 -122  -47  -41  -69  -56  -47  -34  -39  -32  -10  -39  -40  -71 -107  -47  -62  -34  -69
