 -226 -179 -245 -259 -211 -161 -183 -165 -151 -138 -140 -134 -134 -113 -124 -108 -107  -87  -72  -76
  -57  -39 -115 -177 -127 -154  -97  -55  -69 -103  -82  -82  -20  -10  -10   -5   -2   -7  -11   -4
  -12   -4   14   11   14   18    9   31   29   12   34   29   46   40   42   51   53   48   55   54
   44   51   61   64   50   53   77   91   89  117  107   74   60   78   75   97   50   60   73   66
   52  125  134  146  118  133  152  152  171  189   94  119  139  150  150  163   49   70   53   90
   91   69   83   49   95   86   96   74   81  104   83   -7  144   94   88  124  126  118  128  158
  172   10  -26    3    8    1  -13  -22   37   57   49  -34  -53   -2  -46  -38  -42  -23  -37  -57
  -51  -24 -138  -52  -50  -62  -58  -45  -20  -36  -27    1  -31  -22  -79 -144 -107 -130  -65 -172
 -226 -230 -282 -259 -265 -190 -183 -165 -174 -163 -178 -167 -161 -142 -162 -108 -169 -121  -72  -99
  -95  -53 -115 -177 -127 -154 -127  -79  -95 -133 -112  -82  -43  -31  -36  -23   -2  -20  -22  -19
  -25   -3  -11   11    1    2   -9    8   29   29   34   16   18   23   42   40   36   30   55   34
   30   51   61   49   41   53   48   74   79  106  107   74   41   78   61   88   41   52   63   61
   46  137  134  145  116  133  154  152  176  203   81  107  130  143  150  164   42   74   50   97
   91   65   79   48   98   87   97   74   80  101   80    6  146   94   93  126  127  116  128  162
  172   19  -26   16   18   10    1  -25   47   57   49  -34  -58   -2  -61  -42  -32  -30  -37  -60
  -51  -32 -138  -26  -71  -74  -80  -33   -6  -13   -4    1  -31  -22  -49 -144 -107 -130  -44 -149
 -226 -183 -238 -259 -199 -141 -178 -173 -143 -130 -143 -136 -125 -109 -121 -114 -121  -86  -80  -79
  -74  -45 -113 -200 -166 -174 -101  -75  -87  -96  -77  -82  -35  -21  -21  -10   -2   -1  -16   -2
   -9   -4   12   11   23   29   20   38   32   15   28   29   38   45   43   59   64   58   67   64
   55   44   63   64   66   69   75   91   90  117  107   87   73   78   87  104   68   76   86   85
   71  132  152  150  126  147  154  166  170  184   97  116  138  144  154  159   62   81   59  100
  101   73   86   56  103   97  105   74   91  115   93    9  119  112   83  118  124  110  128  150
  172   -6  -26    8   13   28   34   -3   57   63   42  -34  -34   -2  -33  -10   -7    2  -18  -39
  -51   -9 -134  -94  -33  -38  -30  -10   17   11    7   27  -31  -22  -36 -144 -107 -130  -44 -100
 -195 -180 -234 -259 -201 -148 -161 -139 -126 -121 -129 -127 -127 -100 -113  -93  -98  -74  -65  -59
  -34  -27 -103 -181 -105 -109  -84  -38  -27  -70  -60  -60   -8    1    4    8    4   12    3    1
  -10    7    8   13   17   22   19   37   34   25   40   42   34   42   44   52   56   52   59   57
   55   53   64   69   66   61   69   81   85  110  114   81   68   89   83  101   67   75   85   77
   65  128  142  143  118  138  146  159  172  193  102  129  134  158  170  168   62   78   54  106
  103   75   93   57  107   95  103   84   89  113   84   19  140  112   86  121  125  111  139  151
  179    3   10   22   37   16   13  -19   53   63   51  -35  -24   -3  -37  -22  -24  -14  -30  -40
  -49  -31 -104  -31  -42  -48  -55  -41  -95  -49  -32  -15  -37  -38 -133 -152 -120 -152  -90 -135
 -263 -206 -264 -259 -255 -175 -202 -192 -182 -163 -155 -170 -147 -110 -144 -120 -110  -75  -50  -50
  -45  -15 -119 -165 -104 -121  -70  -40  -48  -67  -65  -55  -11   -7   22   17   20   30   13   11
   12   16   27   30   37   39   40   58   55   42   48   58   43   62   64   62   67   72   67   76
   73   64   76   83   77   68   78   95   87  120  120   85   77   95   89  108   81   89   94   94
   84  137  154  149  130  156  162  178  180  196  108  131  153  165  175  176   79   81   57   97
  111   74   84   68  105   93  100   84   92  115   92    6  131  110   93  125  124  113  138  160
  168  -28    7   11   27   37    8  -33   55   59   64   -7   -9   10  -32   -8  -19  -19  -34  -36
  -54  -29 -146  -59  -45  -58  -45  -38  -24  -41    0    8  -28  -23  -78 -153 -108 -154  -66 -125
 -251 -207 -268 -259 -257 -183 -214 -195 -198 -160 -177 -151 -144 -122 -134 -115 -139 -104  -92  -78
  -67  -43 -132 -190 -151 -179 -121  -73  -88  -98  -96  -90  -31  -29  -11  -13  -11    4  -18  -16
  -24  -12   -3    8   10   14   11   34   33   13   30   40   20   37   45   43   52   56   56   59
   58   55   61   69   59   54   64   79   73  102  109   74   66   81   72   86   61   68   68   68
   62  122  134  137  109  132  140  155  165  194   91  117  126  143  158  157   56   69   49   79
   95   66   86   49  104   95  101   81   87  115   89    1  127  100   81  112  112  113  127  157
  169  -26    1   -2   -5   24   12  -15   52   58   49  -38  -41   -5  -59  -23  -25  -17  -37  -50
  -45  -30 -131  -59  -54  -54  -59  -32  -16   -3   16   18  -16   -7  -46 -162 -113 -150  -82 -134
 -222 -225 -291 -286 -242 -190 -218 -183 -186 -159 -195 -171 -170 -150 -186 -132 -175 -135 -111 -110
  -83  -66 -161 -233 -176 -220 -141 -109 -118 -141 -129 -115  -59  -54  -37  -38  -31  -20  -29  -33
  -46  -35  -26  -26  -16  -22  -22  -17  -13   -5    9    2    3    3    1   19   21   15   25   19
   18   22   24   36   31   26   37   60   44   78   70   41   26   38   35   48   27   35   32   33
   33  101   99  111   69   95  104  120  129  160   54   73   83   97  112  121   19   26    9   41
   61   44   63   18   71   64   63   56   54   74   47  -41   91   83   60   99  100   90  122  125
  159  -39  -41   -5    2   10  -12  -60   32   41   25  -69  -59  -25  -85  -49  -55  -48  -68  -81
  -72  -55 -155  -60  -77  -90  -90  -68  -39  -30  -53  -22  -49  -38  -86 -185 -159 -150 -105 -151
 -214 -159 -220 -238 -203 -148 -184 -165 -170 -138 -168 -162 -119 -116 -141  -97 -129  -95  -73  -64
  -47  -32 -124 -196 -129 -189  -90  -65  -78  -86  -83  -77  -16  -17   -3   -7    0   13   -3   -4
  -11    3   15   21   25   27   24   39   41   29   44   46   33   40   47   40   49   55   48   57
   57   59   63   67   64   47   62   79   69   98   94   67   62   74   71   86   64   71   68   72
   68  114  121  124  103  120  129  139  146  166   85  103  115  128  141  143   50   56   33   65
   87   70   84   57   94   87   85   78   75   92   80  -14   87   77   54   96   96   76  120  119
  164  -38  -42   -7    6   33    8  -44   43   48   58  -31  -30   -4  -50  -23  -14  -34  -34  -42
  -47  -37 -161  -67  -47  -53  -41  -23   -5  -10    0   14  -21   -5  -45 -123  -67  -96  -35  -83
 -201 -148 -193 -233 -165 -105 -135 -116 -107  -98 -103 -101  -91  -78  -77  -73  -63  -42  -43  -31
   -7  -10  -88 -140 -100 -115  -66  -34  -55  -71  -65  -63    2    4   11    9   17   25   14   17
    3   15   19   22   29   30   26   35   32   29   36   35   39   44   46   56   56   53   64   58
   53   46   50   61   50   64   75   93   87  114  122   77   66   86   79   96   51   60   65   57
   48  137  150  154  116  146  152  164  169  195   85  111  137  148  160  160   40   52   32   82
   85   66   81   42   93   86   87   76   69   89   69  -15  106   82   49   85   94   83  118  138
  164  -44  -41  -12   -6   22    6  -44   45   59   47  -20  -14   15  -33   -6  -26  -21  -22  -36
  -54  -36 -146  -69  -50  -49  -47  -28   10  -26  -28   -2  -30   -8  -27 -130 -107 -114  -74 -117
 -207 -150 -190 -243 -165 -107 -148 -137 -127  -98 -107  -96  -86  -62  -79  -65  -68  -31  -18  -21
  -17    4  -67 -126  -78 -101  -44  -18  -30  -51  -44  -32   20   22   39   24   36   46   30   21
   25   33   39   43   50   45   49   62   56   54   59   66   48   57   68   66   71   77   78   86
   73   75   88   91   89   79   89  105  100  125  126   99   93  104  105  128   93  101  102  106
   84  139  157  143  145  159  168  170  179  186  120  135  162  162  175  168   77   86   66   95
  110   81   98   74  114  110  115   99   94  118  100   11  120  101   75  104  102   98  130  138
  178   -9   -4   12    4   50   34  -19   62   79   69   -1    5   28  -24    2   11   -5   -1   -7
  -22  -12 -115  -46  -14  -33  -15   -2  -49   12   20   36    2   12  -63 -122  -88 -114  -46  -96
 -227 -164 -221 -251 -220 -132 -195 -159 -161 -129 -159 -130 -117  -87 -111  -94  -99  -61  -52  -44
  -40  -13  -92 -135  -87 -116  -60  -25  -42  -79  -70  -67   13    8   23   16   22   40   17   20
   18   25   32   38   42   39   44   58   52   47   57   61   45   54   60   51   53   67   56   70
   68   75   77   81   74   47   56   74   70   99  100   69   67   78   77   94   73   79   80   77
   67  122  131  133  111  130  140  154  160  179   93  112  123  132  145  143   52   59   25   62
   94   71   74   54   87   84   82   74   69   82   72  -29  106  101   69  108  104   92  132  130
  188   -8  -26   11   20   34    2  -54   44   62   72  -21  -14   14  -55  -24  -22  -36  -38  -41
  -65  -49 -138  -45  -75  -74  -69  -43  -11  -10  -35   -8  -37  -18  -53 -131 -104 -115  -68 -102
 -218 -160 -217 -238 -191 -117 -153 -146 -135 -121 -120 -139 -103  -95 -105 -108 -122  -83  -69  -57
  -40  -18  -99 -150 -132 -162  -80  -61  -62  -76  -63  -60   -8   -2    6    6   13   24    7   11
    8   12   24   21   33   39   38   57   50   34   47   56   45   55   64   58   63   79   72   86
   70   68   89   81   82   68   83   90   90  114  119  100   95   98  106  122   97  104  102  107
   90  131  140  137  136  143  153  158  169  175  123  147  150  154  160  161   86   93   65   95
  117   78   99   72  108  107  109  102   95  111   99    7  121   91   76   96  102   95  129  134
  177  -13  -19    5   -5   31   22  -22   58   73   61  -23  -17    6  -37  -17   -6  -13  -26  -30
  -37  -24 -160  -51  -39  -58  -42  -31  -13  -23    7   20  -23  -15  -42 -129  -78 -121   -4 -115
 -183 -142 -197 -226 -172 -122 -168 -155 -167 -133 -159 -165 -106  -96 -113  -99 -123  -76  -68  -59
  -43  -29 -102 -179 -120 -144  -80  -44  -66  -86  -78  -73  -11  -13    5  -15   -3   10   -7  -16
  -18   -8    2    6   11   12   18   31   32   21   41   45   19   35   47   31   42   60   55   72
   57   66   80   79   74   38   68   72   74  102   92   82   79   80   85   95   82   85   79   80
   64  120  121  131  113  129  141  150  158  171   95  114  128  133  149  143   49   57   35   61
   90   68   83   52   94   89   93   76   76   97   82  -16  100   92   75  101  101   86  128  129
  167  -32  -16   -2   -4   19    1  -41   48   63   57  -36  -33  -10  -63  -31  -26  -27  -42  -55
  -46  -37 -144  -62  -37  -49  -45  -27    8    2    6   16  -15   -4  -24  -88  -54  -39   -7  -64
 -231 -199 -265 -282 -239 -178 -202 -175 -170 -159 -193 -184 -152 -137 -174 -144 -165 -134 -118 -114
  -72  -72 -145 -238 -201 -223 -134  -93 -117 -133 -127 -140  -52  -45  -65  -60  -63  -42  -35  -40
  -51  -54  -44  -41  -30  -28  -38  -22  -27  -34  -14  -21    1    0   -7   20   17    3   25   10
    1    0    7   20    8   27   31   58   52   87   90   38   18   45   36   56   12   16   25   15
   10  114  116  125   81  112  121  134  139  164   42   73   97  104  125  121    3   22   16   52
   52   32   51    1   63   56   60   41   42   61   40  -20  119  102   70  109  102   90  134  131
  175   -9  -33   13   11  -22  -35  -49   10   16   -1  -89  -68  -37  -85  -63  -82  -47  -63  -77
  -66  -58 -130  -41  -88 -105 -120  -84  -37  -44  -29  -17  -55  -56  -83 -189 -141 -191  -98 -176
 -241 -208 -250 -282 -243 -181 -217 -177 -188 -167 -182 -172 -144 -112 -140 -137 -126  -82  -66  -57
  -61  -23 -116 -138  -95 -124  -84  -41  -53  -71  -63  -69  -17    0    5    7    9   21    8   12
    6   13   22   27   31   33   32   44   44   32   42   49   41   51   56   57   64   65   75   70
   63   60   70   74   69   67   82   95  101  120  142   92   80  104   96  120   76   83   93   83
   71  143  164  158  144  164  169  178  182  204  107  137  156  162  175  178   60   79   54  107
  109   78   89   58  103   92  100   85   86  106   87    2  126   96   68   98   90   95  121  151
  169  -14  -25   -1   -5   30   12  -29   57   65   56  -18  -21   10  -46  -21  -19  -20  -33  -45
  -41  -30 -130  -52  -40  -51  -52  -38   -8   -8  -18  -19  -33  -20  -34 -144  -84 -125  -73 -123
 -262 -203 -227 -278 -236 -167 -190 -181 -172 -142 -138 -130 -126  -82  -98  -93  -93  -53  -40  -42
  -45  -16  -90 -109  -68  -90  -53  -39  -32  -60  -48  -38  -25   -5   17    9   19   39   18   20
   15   20   27   36   40   40   43   58   53   45   59   66   50   59   65   66   72   69   75   77
   71   75   86   88   89   74   84  102   98  130  128   98   84  106  103  121   93  101  113  109
   96  143  156  156  137  158  165  176  185  203  123  147  156  170  179  179   91  102   69  105
  126   84   93   83  111   99  108   83   86  115   93   17  131  108   86  109  104  104  134  162
  180  -12   -4   15   12   53   33  -24   64   86   80  -10   -9   22  -24    4    9   -9   -5  -18
  -33  -22 -131  -36  -17  -37  -27  -12   -4   12   22   28    1    3  -28 -143  -87 -102  -28  -94
 -213 -173 -223 -250 -196 -133 -154 -136 -113 -113 -122 -124 -112 -103 -112 -112 -142  -85  -80  -68
  -61  -40 -112 -190 -138 -196  -94  -66  -81 -120 -110  -98  -33  -22   -4  -13   -7    5  -16   -6
  -17   -9    4    9   19   16   15   28   25   15   31   28   25   38   41   40   46   48   48   57
   45   45   55   57   52   47   57   71   65   97   93   66   56   64   66   74   56   65   62   63
   57  119  120  128   93  117  123  137  138  160   78   98  107  114  126  131   47   49   29   56
   82   55   67   41   79   66   70   56   58   76   55  -14  104   89   69   96   99   88  130  121
  174  -22  -26   -3    1   13  -10  -51   33   48   42  -56  -48   -6  -91  -45  -48  -31  -50  -70
  -62  -46 -144  -59  -57  -67  -72  -52  -21  -28  -21  -12  -40  -32  -61 -151 -115 -159  -85 -151
 -174 -180 -246 -243 -168 -153 -184 -166 -153 -145 -173 -162 -139 -129 -164 -115 -148 -119 -103  -87
  -80  -66 -133 -231 -189 -206 -122  -92 -106 -138 -139 -166  -49  -41  -34  -39  -27  -16  -36  -40
  -44  -35  -17  -12   -4   -1    0   11   10    3   19   26    1   18   26   18   25   34   32   42
   36   43   47   49   45   23   35   46   38   69   66   47   44   48   49   56   47   49   44   44
   36   89   89  100   76   88   94  100  109  132   58   73   78   89   94  100   16   14   -2   13
   53   43   58   20   65   59   57   42   43   62   42  -53   70   79   60   89   86   83  117   96
  167  -31  -43  -14    5    1  -21  -63   32   45   36  -50  -65  -28  -92  -62  -61  -44  -82  -88
  -77  -60 -155  -62  -81  -89 -101  -65  -33  -26  -19  -12  -48  -40  -65 -163 -116 -126  -78 -121
 -302 -241 -295 -332 -263 -200 -208 -209 -205 -169 -175 -166 -188 -149 -158 -130 -137 -116 -114  -99
  -71  -74 -161 -196 -146 -163 -128  -88  -89  -99  -94  -92  -51  -52  -28  -45  -35  -27  -36  -37
  -53  -43  -45  -33  -29  -29  -39  -21  -29  -18  -17  -14    3    3   -5   26   20    2   27   12
   -2    4   16   24   19   33   37   63   53   91   88   42   23   42   43   54   21   28   27   30
   31  111  108  122   75  101  109  127  140  177   57   88   96  115  128  138   29   51   37   70
   72   47   69   21   88   73   78   56   58   83   64   -5  133  100   85  109  101  102  136  149
  169    3  -21   15   18  -16  -22  -49   22   24    4  -69  -52  -30  -60  -41  -58  -38  -55  -69
  -60  -51 -117  -32  -74  -97 -107  -82  -46  -83  -39  -38  -74  -73  -91 -249 -205 -203 -172 -192
 -240 -187 -237 -266 -204 -151 -190 -162 -154 -132 -161 -139 -131  -98 -134 -100 -108  -69  -62  -55
  -43  -21 -115 -182 -107 -144  -85  -56  -57  -79  -69  -66  -20  -10    3    0   10   21   11   14
    4   11   21   24   32   34   39   48   49   32   50   56   40   52   57   60   67   63   69   71
   66   65   77   79   77   68   82   93   98  118  128   90   79   96   91  114   78   85   96   88
   75  135  158  149  134  160  165  175  181  200  105  132  152  165  180  170   65   85   63  105
  106   79   93   63  107   98  102   86   89  107   91    0  128  100   70  103  101   99  128  154
  182  -22  -28   -2   -4   38    9  -30   57   71   68  -18  -18   16  -39  -10  -16  -16  -25  -35
  -42  -32 -150  -54  -35  -52  -50  -32   -4    1   11   16  -20   -7  -39 -136  -73  -92  -37  -79
 -218 -194 -244 -267 -195 -145 -165 -155 -164 -137 -143 -140 -145 -116 -123 -121 -118  -77  -90  -71
  -58  -41 -126 -198 -146 -171 -103  -62  -78 -117 -116 -128  -29  -23  -11  -17   -9    1  -17   -8
  -21  -12    0    2    7   13   11   20   20    7   25   30   21   29   32   40   47   44   58   50
   42   43   54   53   53   50   70   78   90  103  118   75   62   87   79  105   58   67   76   68
   56  127  141  138  129  147  149  159  158  176   89  118  141  142  151  152   46   66   44   85
   90   60   81   46   92   88   92   71   72   96   72   -2  110   79   66   96   86   76  123  128
  168  -38  -31   -7    5   10   -7  -36   38   51   40  -46  -37  -13  -81  -28  -39  -13  -35  -75
  -54  -28 -155  -63  -47  -54  -54  -31  -12   -8   -4   -1  -25  -15  -39 -165 -114 -130  -65 -123
 -237 -186 -251 -254 -203 -150 -179 -152 -151 -142 -162 -171 -139 -114 -129 -141 -138  -90 -101  -80
  -55  -48 -140 -180 -145 -178 -107  -80  -81 -114 -112  -98  -39  -31  -31  -40  -29  -12  -24  -22
  -35  -33  -13  -15   -5   -1   -5   -7  -13   -2    3    0    8    8    5   25   22   16   24   22
   17   18   19   29   21   30   31   60   51   86  101   38   22   46   38   59   21   27   35   28
   28  115  127  126   87  126  128  146  152  183   53   82  110  125  145  142   17   28   18   73
   56   39   61   18   69   67   69   54   53   75   55  -26  121   91   79  105  104   85  128  141
  175   -9  -23   12   17   -4  -30  -65   27   31   20  -65  -53  -19 -105  -56  -75  -55  -67  -75
  -78  -69 -131  -47  -80  -90  -96  -81  -40  -43  -40  -37  -64  -55 -106 -206 -165 -182 -148 -170
 -202 -180 -231 -251 -186 -146 -187 -170 -162 -125 -154 -124 -122  -97 -108  -80  -95  -66  -61  -48
  -37  -19 -100 -162 -110 -137  -74  -65  -58  -70  -65  -64  -24  -11   -4    9    7   17    8   14
    3   14   20   28   30   35   33   45   45   31   41   48   45   54   54   67   69   63   82   71
   61   57   70   74   73   77   94  110  123  134  153  102   84  123  112  139   78   90  110   99
   81  151  177  166  157  177  186  197  207  222  122  160  182  186  200  193   80  110   82  130
  129   87   97   72  115  107  118   96   94  122  103   34  150  107   82  114  105  108  140  170
  191   -7  -19    7   10   45   28  -17   65   75   60   -2   -2   28  -26    7   -7    3  -12  -24
  -19  -12 -126  -50  -33  -40  -48  -27   -5   -3   16   29   -3   -7  -55 -157 -113 -104  -70 -112
 -248 -194 -224 -259 -232 -172 -180 -162 -165 -141 -165 -142 -144 -113 -123 -109 -110  -83  -72  -70
  -57  -41 -122 -162 -118 -142  -87  -59  -65  -91  -84  -73  -20  -12    2   -9    6   14   -9   -5
  -12   -3    3   12    8   14   13   22   24   20    2   35   22   28   28   38   44   40   47   50
   39   41   49   52   46   45   60   72   67   95   89   67   57   69   72   87   52   63   66   68
   56  109  115  116  101  112  119  135  143  165   84  107  116  127  131  140   46   51   28   61
   84   51   67   40   76   75   78   56   66   84   68  -27  102   87   85  108  104   83  137  124
  171    8  -12   22   34   11   -9  -48   33   44   37  -33  -33   -3  -62  -33  -51  -40  -47  -59
  -63  -54 -116  -26  -62  -72  -75  -55  -19  -63  -75  -50  -62  -42  -76 -194 -150 -171 -133 -158
 -222 -181 -236 -260 -202 -158 -177 -155 -159 -126 -139 -127 -121 -107 -120 -100 -116  -79  -71  -59
  -46  -25 -106 -155 -105 -144  -84  -52  -54  -99  -68  -64  -20  -12    3    0   15   22   -2    8
   -3    1   16   20   26   31   31   41   44   32   48   51   37   45   51   52   63   63   71   71
   65   64   76   77   73   63   83   92   93  117  124   88   80   97   92  112   77   83   92   83
   71  134  150  148  134  153  159  167  172  191  103  136  150  160  166  170   59   66   45   88
  106   80   90   62   98   95   94   83   83  100   80   -1  126  100   83  106  100  102  134  150
  190   -1  -20    9    7   33   16  -27   62   73   63  -23  -21   11  -45  -15  -18   -9  -23  -34
  -37  -30 -206  -45  -37  -17  -48  -34  -12  -13  -18   -7  -29  -17  -42 -122  -86 -108  -54 -104
 -214 -161 -224 -246 -166 -122 -144 -139 -127 -109 -119 -117 -108  -74  -83  -83  -69  -41  -43  -32
  -14   -8  -90  -97  -58  -94  -55  -22  -21  -47  -43  -34    1    3    7    8   12   19   16   20
    8   17   23   23   31   36   31   48   45   29   46   43   46   55   60   64   70   71   76   77
   66   61   74   73   69   73   87   96   94  125  122   94   87   99   98  114   75   87   92   93
   84  138  149  152  128  153  155  167  175  195  108  137  143  154  166  166   74   90   65   97
  116   81   90   72  100   97  105   85   90  110   90    8  131  102   82  105  102   98  131  145
  180  -13  -12   14   21   35   16  -29   52   61   58  -16   -8   19  -26   -5  -13   -9  -24  -15
  -35  -15 -115  -36  -23  -34  -32  -14   12   -9  -30    9  -15   -4  -25 -125  -90  -99  -59  -88
 -244 -207 -261 -277 -225 -179 -205 -190 -182 -154 -173 -164 -139 -124 -133 -111 -120  -91  -86  -73
  -65  -37 -126 -164 -118 -140  -96  -61  -66  -94  -90  -68  -22  -16    8   -5   10   21    1   -4
   -6   24   11   19   18   21   27   35   39   31   45   45   23   26   33   30   40   38   39   43
   43   49   59   65   55   37   47   66   56   92   88   56   47   63   63   80   54   64   65   64
   50  110  116  118  105  120  127  136  140  151   80  101  116  118  130  125   42   44   19   47
   76   50   62   40   73   73   69   58   58   74   64  -27   73   74   74   95  102   72  127  106
  178  -25  -26    5   33   21   -3  -54   43   59   54  -28  -29   -4  -69  -30  -28  -36  -43  -50
  -57  -50 -140  -76  -51  -68  -53  -40  -66  -48  -27   -4  -39  -33  -79 -152 -106 -155  -91 -119
 -223 -193 -238 -260 -223 -169 -209 -198 -179 -169 -184 -176 -140 -128 -164 -125 -143 -103  -73  -76
  -68  -42 -117 -187 -126 -141  -91  -53  -58  -95  -84  -69  -23  -24    4   -9    4   11  -13    5
  -12    2    4   10   14   21   17   31   31   21   46   37   30   35   42   44   54   54   58   62
   49   48   61   65   59   53   70   83   83  114  111   77   66   86   83  105   60   73   79   75
   63  131  131  138  117  133  140  153  156  181   94  126  128  140  145  148   53   72   48   81
  101   65   78   52   93   86   91   64   69   94   76   -6  119   90   73  101  100   88  128  134
  176  -17  -25    2    5   17    0  -41   44   59   50  -38  -39  -13  -89  -40  -37  -26  -63  -67
  -50  -42 -155  -46  -61  -74  -70  -60  -62  -69  -73  -69  -71  -50  -84 -142 -108 -142  -80 -120
 -213 -178 -210 -235 -192 -142 -173 -157 -148 -131 -143 -134 -120  -86 -110 -109 -103  -59  -47  -46
  -37  -15 -103 -115  -72  -98  -63  -39  -38  -58  -53  -26   -5   -2   16   12   22   32   15   21
   10   28   25   33   39   43   40   58   57   43   50   60   48   60   65   67   80   80   84   84
   76   74   90   94   87   77   94  103  103  132  129  103   95  108  110  126   87  100  105  109
   99  150  156  162  149  162  169  175  187  208  128  157  165  173  182  178   96  109   78  116
  136   94  101   88  117  109  115   92   97  120  106   13  121   93   79  109  105  102  135  160
  182  -26  -18   -4    3   49   30  -18   65   81   74   -1   -8   23  -32    4   13   -2   -7  -17
  -18  -16 -133  -49  -10  -31  -20  -19    2    6   18   23   -9   -1  -32 -110  -57  -86  -25  -72
 -195 -184 -234 -250 -193 -145 -181 -158 -150 -131 -162 -142 -121 -117 -132 -102 -119  -80   -5  -63
  -63  -34 -105 -153 -129 -150  -83  -59  -71  -91  -89  -94  -29  -20   -8  -11    0    9  -11   -6
  -16   -9  -10    9    5   12   17   31   33   17   35   36   19   32   36   36   38   47   42   51
   49   51   55   56   51   39   44   57   52   87   92   53   49   61   56   70   56   57   60   55
   53  114  117  123   92  115  120  128  137  167   71   90  111  118  135  127   35   37   14   52
   74   53   66   39   74   71   72   55   55   74   57  -30  123  100   69  102   96  102  133  135
  186  -13  -31    5   11   12   -2  -49   37   56   48  -36  -36  -10  -69  -39  -38  -25  -54  -60
  -55  -47 -125  -38  -59  -70  -80  -49  -19  -19  -32   -8  -34  -34  -42 -142  -81 -117  -67 -120
 -230 -183 -239 -258 -200 -141 -166 -149 -150 -130 -147 -133 -102 -105 -123  -97 -107  -72  -51  -61
  -53  -27 -110 -176 -120 -153  -84  -61  -62  -74  -71  -63  -14  -10    7    1   12   22   -4    1
   -5   12   10   20    1   25   23   38   42   34   41   45   28   40   44   53   56   55   64   61
   55   57   66   68   68   61   72   89   85  117  121   81   69   88   84   98   72   77   84   80
   75  126  148  150  117  147  151  167  179  206   97  122  131  143  161  156   67   70   52   86
  102   70   84   66   99   89   94   75   83  103   87   10  145  103   86  107  104  104  137  162
  183   -4   -9   16   20   28   16  -24   49   61   59  -18  -24    1  -52  -18  -22  -10  -25  -38
  -39  -28 -114  -31  -44  -57  -51  -37  -10  -18   -3    6  -24  -18  -43 -151  -89 -126  -57 -111
 -176 -148 -199 -229 -161 -112 -140 -134 -121 -106 -118 -106 -100  -76  -86  -86  -82  -45  -54  -33
  -28   -6  -86 -127  -91 -125  -55  -34  -30  -50  -46  -44    4    6   11   12   17   21   10   12
    6   13   16   17   21   26   24   34   36   27   38   35   30   41   42   50   50   52   60   55
   50   50   52   58   52   55   62   80   75  102  112   69   60   77   73   91   53   59   68   59
   46  121  136  139  113  133  137  153  161  188   79  107  122  136  147  150   40   51   33   80
   80   60   75   41   82   79   80   67   67   86   66  -16  118   92   63   93   91   88  127  141
  185  -18  -26  -11    0   38   15  -31   47   56   50   -8  -12   19  -31   -8  -20    1  -17  -23
  -35  -25 -143  -55  -33  -46  -50  -23    6    2    6   12  -16   -7  -17  -83  -64  -69  -46  -78
 -234 -186 -248 -271 -232 -155 -192 -179 -165 -138 -156 -134 -122 -114 -125 -109 -121  -85  -65  -79
  -57  -33 -121 -194 -153 -172  -93  -71  -83 -101  -96  -87  -21  -14   -5   -6    6   13   -8    1
  -13   12    9   14   17   22   24   37   38   19   37   43   24   39   43   48   54   59   59   64
   56   54   67   67   64   55   68   85   74  103  101   75   69   76   74   88   67   69   70   70
   61  110  130  129  108  125  130  141  153  175   85  104  114  129  136  137   51   58   33   64
   83   64   83   47   91   90   92   74   76   96   79  -22   99   77   51   84   85   84  116  137
  185  -46  -40  -27  -13   27    2  -47   46   59   56  -22  -31    2  -61  -28  -28  -15  -39  -48
  -46  -44 -185  -82  -52  -58  -49  -40   -1   -3    4   12  -23  -13  -41 -113  -51  -77  -12  -74
 -227 -202 -255 -260 -219 -165 -199 -187 -174 -154 -164 -144 -131 -114 -131 -117 -120  -84  -80  -68
  -66  -40 -121 -175 -147 -159  -95  -69  -82 -108 -107 -103  -25  -23  -16  -18   -6   -2  -20  -11
  -24   -3   -3   -3    4    8    9   16   17    1   17   19   12   20   17   32   27   28   32   33
   35   33   42   43   41   34   35   61   50   85   89   44   37   53   46   62   45   46   47   48
   43  108  120  129   82  117  118  133  132  156   62   80   94  107  119  122   28   31   10   56
   65   50   62   30   71   65   71   56   55   71   57  -19  140  110   99  121  106  110  144  155
  197   25    9   20   37   10   -9  -46   32   40   32  -41  -46  -12  -81  -43  -49  -27  -58  -68
  -53  -45 -102  -19  -72  -82  -90  -69  -32  -41  -32  -29  -55  -51  -69 -187 -141 -134 -119 -149
 -217 -198 -254 -267 -210 -160 -181 -150 -150 -129 -155 -122 -128 -113 -115  -93 -101  -74  -77  -61
  -48  -35 -131 -173 -133 -149 -101  -64  -65  -76  -73  -73  -19  -14   -5   -6    1   10   -7   -1
  -11   11    4   12   18   23   14   33   33   17   30   33   32   39   42   55   57   55   67   60
   48   46   59   60   58   61   71   91   81  113  110   79   67   81   78   93   60   69   74   73
   64  123  135  142  115  132  137  151  161  191   93  116  123  142  150  157   57   65   47   84
   98   61   81   50   88   86   90   73   76   96   80   -5  123   96   69   91   88   93  125  148
  184  -21  -23    1   11   21   11  -25   49   55   43  -25  -28    3  -48  -21  -20   -5  -28  -40
  -33  -25 -155  -58  -42  -57  -57  -38  -12  -11   13   26  -10  -11  -47 -135  -79 -109  -45  -96
 -169 -157 -197 -225 -172 -132 -163 -142 -129 -120 -142 -127 -107 -101 -120 -105 -122  -75  -74  -62
  -64  -34 -105 -199 -130 -165  -85  -61  -66  -95  -89  -83  -18  -13   -6   -4    3    6  -11   -2
   -2    9    3    6   10   18   13   31   33   11   33   40   20   30   37   41   45   54   49   61
   58   59   67   69   64   44   52   69   62   91   90   69   67   73   72   82   64   72   71   70
   58  104  115  123  102  119  132  144  156  185   86  110  113  129  140  145   46   46   34   70
   85   64   78   46   80   75   79   64   67   87   72   -9  114  100   81  104  103  100  139  144
  190  -18  -13    3   12   22   10  -34   46   56   52  -40  -43   -6  -77  -42  -30  -12  -39  -54
  -39  -34 -164  -48  -49  -58  -57  -35   -1   -7    3    7  -24  -15  -33 -147  -95 -132  -69 -116
 -197 -172 -208 -247 -193 -132 -170 -146 -143 -120 -140 -129 -112 -102 -115  -99 -108  -75  -72  -67
  -51  -31 -109 -172 -101 -134  -74  -51  -39  -50  -41  -39    1    0   18   16   24   33    0   10
    5   31   19   28   28   36   34   48   47   38   39   55   42   51   55   63   72   68   73   79
   68   61   78   75   76   74   79   96   98  124  141  101   84  108  107  131   81   95  106  102
   89  134  162  156  153  168  175  183  194  206  127  157  166  176  190  182   81   95   77  130
  127   88  104   73  122  109  116   96  100  122  107   19  139   97   85   97  100  102  132  157
  188    1   -1  -20   15   43   39  -15   61   64   60   -2   -3   22  -20    6    8   14   -2  -12
  -12   -8 -106  -28  -17  -23  -21   -9   28    9    8   25   -1   10   -7  -98  -60  -74  -14  -67
 -211 -198 -247 -263 -207 -156 -193 -179 -163 -143 -160 -139 -127 -110 -126 -111 -120  -83  -76  -62
  -55  -31 -116 -157 -130 -146  -85  -69  -64  -78  -78  -82  -14  -12   -7   -2    6   11   -8    2
  -15   13    5   13   11   17   14   24   27   12   27   32   19   29   30   46   43   43   42   44
   44   40   48   49   48   52   50   77   63  104  109   59   48   65   58   73   49   53   56   57
   51  122  133  144   97  127  136  156  166  196   67   87  114  119  145  139   41   40   30   71
   71   54   72   39   87   72   78   61   62   81   65   -9  146  111   91  111  106  112  141  160
  198   10    2   25   30   16   -6  -46   35   50   39  -30  -30    3  -58  -30  -36  -21  -36  -47
  -45  -40 -104  -25  -60  -69  -72  -47  -24  -27    0   -1  -38  -33  -74 -206 -146 -173 -104 -151
 -154 -133 -194 -220 -165 -100 -145 -107  -98  -83 -109  -99  -74  -68  -72  -64  -65  -31  -36  -40
  -12    2  -74 -120  -79 -103  -44  -26  -22  -51  -54  -58   16   19   22   21   27   28   17   20
   11   31   24   19   24   26   21   30   30   21   23   26   32   40   39   56   55   52   57   54
   48   38   50   50   49   61   67   89   77  114  113   73   61   74   71   88   49   56   60   59
   45  127  145  145  108  145  145  159  158  170   80   96  134  129  144  142   32   43   20   75
   74   46   61   33   73   64   70   55   56   76   56  -25  119   98   68  102  111  100  139  135
  199   -7  -27    7   22   16   -4  -51   40   40   34  -26  -11   10  -40  -20  -43  -18  -35  -40
  -37  -44 -129  -42  -47  -58  -59  -42   -8  -15   -3    0  -33  -27  -47 -134  -97 -124  -83 -119
 -186 -143 -180 -204 -172 -131 -139 -132 -127  -99 -109  -96 -105  -69  -67  -80  -57  -51  -42  -38
  -15  -11  -89 -104  -66 -112  -55  -37  -36  -49  -31  -47   -6   -5   -7   10    1   11    3   16
    7   21   18   15   22   27   22   33   30   15   29   30   38   42   38   58   53   50   61   52
   44   44   51   54   50   66   71   93   88  119  123   74   61   85   77  101   54   60   72   65
   51  138  148  153  125  146  146  158  160  189   75  115  137  146  157  154   47   72   45   87
   93   66   80   42   90   79   84   68   70   88   73    1  129   97   62  100  103   98  126  147
  188   -6  -20   11   16   24    1  -31   38   52   37  -22  -15   12  -32  -17  -35  -10  -17  -23
  -29  -35 -129  -41  -36  -45  -44  -27   10   -1    4   13  -15   -9  -29 -130  -85 -105  -59 -100
 -190 -185 -209 -242 -170 -120 -153 -127 -127 -117 -124 -135 -103  -80 -110 -106  -92  -75  -56  -48
  -42  -19 -110 -151 -102 -127  -73  -47  -45  -65  -60  -57    1    3   13   12   75   29    4   15
   -4   15   23   27   29   35   35   46   47   35   43   48   37   53   56   59   69   72   77   73
   66   58   78   75   74   72   86   95   96  121  123   94   85  103  100  120   78   92   94   94
   78  132  146  151  136  157  162  170  178  199  109  134  155  164  178  166   65   81   48   93
  107   78   90   65   95   88   94   79   80  101   83    1  133   99   87  106  111  103  141  148
  190    9    0   24   29   39   23  -23   63   60   54  -13  -12   22  -40   -7   -9    2  -15  -29
  -23  -22 -107  -31  -33  -47  -45  -29   10  -31  -16   -1  -29  -21  -37 -145  -87 -120  -76 -103
 -195 -150 -176 -221 -189 -126 -167 -132 -121 -104 -121 -104 -120  -69  -86  -88  -83  -54  -37  -27
  -31  -43  -79 -141 -102 -129  -80  -40  -41  -65   -2  -17   18    5   33   25   41   43  -70   10
    4   20   33   37   36   46   44   59   62   41   52   64   45   57   67   65   72   80   69   81
   79   73   86   77   79   70   73   81   79  103  103   80   83   87   82   92   80   84   81   85
   70  112  123  132  105  124  127  141  155  180   92  102  117  129  143  132   52   59   31   64
   87   66   79   53   91   82   86   70   72   80   75  -24   90   73   70   74   85   78  112  122
  177  -44  -37  -16   -6   36   13  -43   54   61   51  -13  -22   14  -55  -23  -14  -10  -26  -38
  -45  -39 -162  -70  -42  -55  -54  -30    8    1    4   15    0  -12  -27 -109  -47  -88  -23  -80
 -156 -138 -173 -206 -152 -102 -136 -114  -99  -92 -109  -97 -120  -70  -85  -68  -72  -47  -35  -28
  -23   -3  -86 -135  -75 -112  -49  -35  -27  -55  -49  -33   16    6   31   34   45   48    0   24
    7   47   32   44   38   47   47   56   60   53   58   64   46   59   65   67   88   83   81   86
   77   74   89   84   86   81   90   94   95  127  123   95   93  104  102  119   86  100   93  101
   83  137  151  153  135  159  161  171  185  202  100  127  150  158  173  159   75   93   72  101
  108   83   94   72  114  102  113   94   93  113   99    0  123   94   72   88  104  105  126  160
  186   -6   -8   11   22   43   26  -16   76   70   65    6    1   29  -27    6   -1   17    1  -14
  -10   -5 -115  -32  -16  -15  -19    2   38   18   15   32    1   16   -5  -96  -67  -59  -30  -72
 -178 -141 -181 -211 -185 -122 -161 -121 -115 -101 -135 -110  -87  -75 -102  -73  -95  -66  -37  -40
  -34  -12  -86 -144  -81 -119  -61  -33  -37  -55  -52  -52    8   -3   14   19   23   30    1   13
    0   31   18   27   24   31   29   38   37   30   39   35   33   44   42   53   55   54   59   60
   54   53   62   62   62   62   67   87   77  113  115   75   68   79   77   93   62   70   71   75
   65  127  143  150  119  143  149  168  180  211   87  111  137  145  164  160   60   70   53  103
   94   65   83   55  105   91  103   80   82  105   85    6  149  101   72  104  111  115  136  167
  202  -10  -14    0    0   31   16  -26   51   59   46  -19  -25   17  -37  -14  -22    7  -17  -27
  -17  -18 -129  -47  -37  -38  -46  -18    5  -10   -3   16  -11  -12  -35 -124 -106 -116  -90 -117
 -170 -132 -155 -200 -146  -95 -142 -143 -118  -97 -107  -93  -76  -64  -77  -76  -72  -53  -39  -27
  -24    3  -82 -126  -84 -111  -69  -32  -25  -51  -44  -37   21    7   28   24   35   39   10   22
   -6   40   30   35   33   38   38   48   54   40   52   58   35   50   58   57   62   70   61   73
   76   71   83   79   81   65   69   84   72  101   96   82   78   88   82   89   79   86   80   88
   76  114  121  132  108  125  133  144  152  180   99  120  127  133  147  139   56   57   35   61
   95   69   75   54   80   79   86   69   71   80   71  -24  101   60   68  100  108   94  132  122
  182  -25  -14    2    6   41   15  -45   55   68   54   -8  -10   21  -34   -7  -11   -4  -17  -25
  -53  -38 -156  -55  -36  -40  -37  -18   25   -6   -2    2  -19   -1  -17  -90  -37  -78  -36  -72
 -168 -155 -185 -226 -169 -115 -136 -124 -112 -106 -103 -105  -95  -87  -94  -90  -95  -74  -44  -48
  -52  -24  -97 -142 -119 -135  -80  -55  -60  -88  -83  -84   -4  -13   12    9   18   12  -10    5
  -20   25   13   15   20   24   19   33   34   21   35   39   26   34   38   46   47   53   48   59
   60   55   69   64   67   51   53   70   61   99   91   74   65   73   77   86   67   78   69   81
   64  111  117  128  105  121  125  135  142  163   93  107  115  132  134  142   48   57   34   64
   93   51   67   41   84   69   76   63   65   80   65  -15  100   89   81  104  116  102  132  124
  185  -15   -5    8   12   22    2  -35   42   54   37  -29  -32   -2  -64  -33  -27  -15  -41  -52
  -48  -35 -119  -55  -50  -63  -68  -43    4  -17  -13    2  -29  -23  -43 -121  -82 -131  -52 -110
 -187 -153 -203 -236 -176 -101 -120 -128 -107 -101 -101 -116 -110  -70  -93  -77  -87  -65  -32  -37
  -33  -12  -83 -133  -82 -104  -60  -33  -31  -52  -50  -52   13   15   25   24   35   40    1   18
   -1   40   28   37   34   41   37   49   53   42   51   54   41   52   54   63   66   68   66   71
   75   70   77   78   72   72   75   95   90  100  102   82   81   97   93  107   73   80   85   85
   67  140  137  143  126  137  144  152  156  177  106  119  135  144  149  144   56   60   39   78
   96   75   82   58   96   86   91   78   80   91   85  -20   92   84   60   91   99   97  130  125
  191  -22  -26   -5   14   38   24  -25   59   69   55  -10   -9   22  -33   -3  -17    9  -18  -23
  -45  -21 -163  -65  -35  -55  -46  -35    4   -5    7   18  -19  -14  -31 -136  -82 -105  -58  -93
 -158 -120 -158 -198 -143  -80 -102 -105  -94  -82  -79  -80  -72  -48  -50  -61  -50  -27  -13  -11
   -1   10  -61  -87  -56  -74  -38  -10  -20  -32  -25  -25   24   15   40   32   47   47   17   30
   13   45   42   43   48   53   50   60   62   52   58   66   58   66   68   76   82   81   80   85
   81   77   89   88   87   86   95  108  104  124  124  101   94  102  104  107   87   92  105   96
   81  134  146  150  125  148  156  171  177  204  106  124  140  152  167  159   68   79   56   95
  103   78   93   66  105   89   99   89   88  104   85    5  127  101   84  106  116  121  142  161
  201  -27   -3    1   27   56   33  -12   66   76   65    0    9   37   -4   14    2   23   11    2
  -18   -9 -117  -42  -11  -23  -22   -5   18   10   17   32    1    4  -15  -81  -53  -65  -36  -58
 -209 -146 -166 -208 -168 -105 -155 -151 -125 -114 -104 -100  -81  -63  -82  -77  -80  -48  -22  -26
  -32    5  -61 -112  -78 -108  -44  -21  -18  -44  -39  -38   22   16   47   23   54   56   18   39
   14   48   37   49   52   57   56   68   66   62   75   78   56   68   75   74   81   91   78   95
   92   94  103   99  104   83   93  107  104  132  132  110  102  113  115  131  104  112  103  113
  101  145  157  164  142  165  176  187  192  202  128  143  162  165  184  178   92   96   63   99
  129   86  103   79  114  104  114  100   98  119  103   20  140  111  119  127  140  143  158  162
  208    2   27   37   40   61   39  -13   75   89   77    5    3   39  -27   -1    7   13  -15  -20
  -30  -12  -88   -2  -23  -38  -35  -15   26    9   18   31   -3    7  -15  -89  -29  -69   -9  -60
 -205 -175 -229 -260 -210 -135 -180 -158 -141 -133 -144 -139 -101  -98 -132 -101 -121  -91  -60  -63
  -57  -26 -102 -181 -132 -170  -88  -75  -57  -82  -75  -74  -14  -19    4    6   14   15  -18    3
  -18    7    6   17   19   25   24   34   36   26   44   44   25   40   44   43   47   53   49   57
   63   61   64   67   63   54   59   79   76  101  108   68   60   71   68   80   64   62   63   68
   57  125  131  140  107  129  144  158  161  183   77   95  124  119  141  128   41   30   24   54
   77   63   75   45   91   83   87   56   74   86   71  -23  110   91   73  104  111  107  139  140
  193  -19  -17   -5   18   34    8  -44   53   59   52  -23  -15   18  -51  -20  -22  -14  -33  -41
  -60  -43 -144  -57  -43  -58  -50  -41    5  -19    3    4  -33  -27  -41 -125  -63  -92  -50  -95
 -229 -203 -230 -284 -222 -169 -199 -174 -156 -147 -165 -155 -139 -112 -139 -110 -113  -89  -61  -70
  -54  -26 -123 -147  -88 -106  -85  -55  -35  -51  -48  -41  -15  -16    5   10   18   19   25   20
    6   16   20   18   35   40   34   48   41   26   43   43   46   59   58   68   71   70   80   72
   69   62   74   79   78   80   86  105   95  129  129   97   84   98   93  109   78   85   93   92
   74  143  152  162  122  151  155  166  170  189  105  120  138  139  150  152   72   67   57   88
  104   82   96   68  111  100  108   99  100  112   96    4  124   98   89  108  121  117  147  147
  201   11   10   26   47   50   27  -17   65   74   59   -7   -2   31  -21    9   -2   11  -10  -15
  -33  -19 -119  -23  -20  -46  -36  -13   15   -1   19   25   -8   -5  -29 -136  -72  -98  -36  -89
 -153 -124 -174 -211 -150  -97 -117 -105  -84  -70  -78  -81  -55  -41  -47  -59  -51  -17   -1   -4
  -14   22  -52  -88  -48  -72  -31  -24    7  -16  -12  -14   34   37   63   64   74   56   46   48
   32   70   49   69   61   50   69   78   72   77   78   80   62   78   87   86   91   97   91   96
  100   90   99   98   98   91   96  109  105  134  142  111  102  120  112  133  101  106  144  113
   93  146  166  165  150  172  177  183  186  207  123  148  170  167  183  185   83   85   70  114
  122   87  103   82  116  109   95  101  106  119  105   16  143  107  100  114  124  129  150  159
  199   -3   11   23   36   69   40   -7   71   84   78   18   20   53   -1   19   16   25   11    3
  -23  -18  -98  -25    4  -15  -30   -4   30    6    5    7   -6    3  -14  -95  -28  -85    7  -69
 -190 -138 -194 -221 -174 -115 -128 -159 -134 -100  -89  -92  -86  -60  -64  -75  -60  -40  -22  -25
  -15   -4  -70 -134  -95 -126  -51  -38  -32  -51  -47  -43    9    4   24   32   30   23    9   22
    7   31   24   34   36   38   40   49   44   39   44   46   48   57   61   69   76   74   79   79
   71   56   73   70   73   82   85  104  108  131  144  101   89  110  106  126   81  100  101   98
   84  142  167  165  144  173  181  187  194  214  117  144  165  172  188  184   83   89   85  129
  126   89  102   73  126  108  117  106  110  126  107   25  150   97   79  106  111  116  137  163
  189   -5   -9    5   14   55   43   -6   65   73   55   -1   17    1  -16    2    7   25    2  -12
  -24   -3 -107  -32  -17  -31  -31  -39   14  -12   17   26   -6    2  -51 -124  -71  -89  -48  -85
 -184 -149 -190 -218 -183 -129 -147 -146 -124 -103 -109 -103  -86  -58  -76  -80  -67  -31  -11  -17
  -21   13  -68 -106  -69  -93  -43  -26  -19  -39  -31  -27   29   23   53   53   65   52   32   37
   28   58   48   63   62   66   65   80   77   77   79   94   67   85   85   86   95  105   91  108
  112  101  116  108  115  100   99  115  100  140  126  120  111  113  109  123  106  113  112  113
  100  143  151  157  140  183  167  163  166  186  127  136  152  152  164  161   88   76   65   92
  117   83   92   84  106   91   95   93   85  110   97    2  120   96   84  104  114  109  142  141
  188  -21   -7   -1   13   68   20  -24   66   78   74   10    9   45   16   10   10   13    1   -3
  -37  -21 -131  -38   -2  -35  -21  -10   12   -7   26   34   -5    2  -37 -115  -41  -78  -11  -69
 -176 -203 -247 -268 -201 -168 -193 -165 -156 -156 -167 -159 -141 -119 -151 -116 -128 -109  -88  -78
  -64  -47 -128 -199 -158 -180 -114  -89  -88  -98  -98  -97  -29  -31  -15  -13  -11   -8  -23   -9
  -25  -14   -4    0   10   12    8   19   15    3   12   11   19   31   26   43   44   39   48   40
   36   27   36   39   36   53   54   82   73  105  117   64   47   67   57   76   38   44   49   49
   38  125  141  142  103  137  144  150  164  203   63   90  126  134  157  143   32   34   44   92
   73   55   76   20   94   76   76   64   63   88   68    1  151  122   90  128  130  141  159  176
  205   -2   -1   16   38   19   10  -22   44   45   25  -40  -28    7  -64  -22  -24   -5  -40  -49
  -44  -29 -121  -33  -47  -60  -66  -38  -13  -37  -17   -2  -35  -29  -55 -186 -115 -168  -91 -148
 -210 -187 -213 -254 -212 -161 -179 -164 -148 -121 -127 -108 -115  -88 -106  -86  -93  -81  -57  -54
  -47  -22  -89 -146 -102 -122  -74  -64  -53  -70  -65  -76   -9  -14   17    6   22   23   -3    7
   -1   21   10   27   23   30   30   38   40   39   38   41   32   43   45   56   62   56   61   57
   58   50   58   60   60   70   68   99   89  125  131   82   65   91   82  101   66   71   78   73
   60  139  163  160  132  160  174  175  182  205   89  111  150  143  167  152   55   55   50   84
   97   69   79   52   90   80   84   78   75   95   77   11  131  107  103  115  124  132  152  164
  209   15   20   38   48   26   22  -15   55   60   50  -10   -4   32  -32    4   -1    4  -16  -22
  -31  -21  -99  -15  -18  -28  -33   -6   19   -8    8   16   -7    5  -32 -110  -44  -61    8  -67
 -191 -123 -164 -198 -142  -81 -118 -131 -124  -89  -70  -69  -57  -30  -36  -45  -39  -15   -4    6
    3   29  -42  -86  -41  -78  -17  -14   -1  -21  -23  -19   37   33   54   55   64   53   43   50
   43   70   56   69   70   71   69   83   77   76   74   86   71   88   91   95  105  109  105  115
  107   93  114  106  112  106  112  121  117  140  145  126  121  130  133  144  114  130  137  135
  114  154  169  174  156  170  189  191  199  211  149  166  176  188  201  194  115  117   93  131
  149   98  108   97  128  117  125  121  110  138  119   25  134   89   72   88   97  106  121  156
  188  -10  -13    1    9   75   51   -2   79   84   79   24   24   59   14   29   35   36   17   11
  -22    6 -129  -42   17    2   -1   17   42   22   46   59   17   25   11  -82  -39  -67    1  -50
 -155 -154 -200 -231 -160 -114 -145 -131 -112 -105 -105 -107  -90  -81  -94  -77  -99  -79  -61  -47
  -46  -18  -88 -149 -120 -138  -74  -61  -56  -93  -94 -101    6   -7   25    9   21    5   -6    5
  -10   10    7   18   25   24   18   27   16   28   33   31   21   25   27   40   39   41   39   50
   49   48   57   58   61   41   44   68   58   91   88   61   55   61   61   71   53   60   55   58
   52  111  103  122   94   98  118  118  120  133   75   88  103  104  112  116   36   22   11   40
   74   48   65   40   74   69   63   57   55   70   57  -38   67   80   68  101  106   85  138   95
  187  -16  -18   -3   14   17  -12  -72   43   50   35  -43  -34  -10  -81  -46  -43  -41  -74  -77
  -79  -67 -156  -59  -74  -89  -91  -72   -7  -66  -59  -56  -88  -44  -48 -124  -80 -108  -56  -96
 -216 -174 -210 -250 -202 -147 -168 -163 -150 -123 -115 -121 -109  -80  -91  -79  -80  -73  -45  -40
  -17    0  -83 -116  -69  -84  -53  -40  -21  -28  -28  -31   10    7   31   30   37   41   22   35
   26   51   46   60   52   62   59   67   66   59   69   71   68   73   77   89   95   89  102   96
   88   79   97   92  100  101  106  125  133  155  188  124  108  138  129  156  106  112  129  118
  104  166  207  185  184  202  215  207  210  225  143  166  210  203  210  214   98  104   99  153
  147   99  108   88  129  112  122  112  108  138  112   39  165  117   99  126  126  139  151  189
  200    9   12   27   38   64   49    3   78   85   73   13   15   50    2   34   19   32   13    9
   -8    1  -92  -10   10  -10  -17    0   28   10   35   48   12   12  -33 -150  -83  -83   -5  -88
 -214 -208 -238 -275 -224 -178 -194 -187 -169 -152 -155 -140 -134 -107 -129 -102  -97  -92  -67  -57
  -39  -27 -114 -157 -109 -124  -83  -63  -45  -47  -47  -53  -10  -15   10    9   13   13    1   12
    5   26   27   28   34   44   46   48   50   37   46   49   50   60   63   75   78   70   82   85
   66   60   81   72   80   82   87  103  107  133  141  105   93  108  111  123   86   96  106   99
   81  140  158  157  134  152  168  170  182  212  119  135  159  165  177  181   66   77   65  127
  114   75   88   68  108   92   95   86   82  106   85   23  152  114   98  124  123  133  149  180
  196    1    4   23   33   46   34   -4   63   69   56   -8   -4   31  -25    6    0    9  -10  -28
  -32  -16  -96  -13  -19  -32  -49  -27   18  -24   -4   18  -11  -11  -33 -181 -121 -134  -56 -123
 -180 -153 -204 -230 -183 -139 -155 -135 -130 -101 -116 -109  -92  -72  -94  -68  -70  -58  -36  -37
  -26  -18  -72 -135  -79 -110  -55  -38  -35  -37  -37  -44   -1   -8   15   14   21   15   -6   16
    5   26   20   27   21   34   34   41   44   33   46   52   37   50   54   60   67   68   77   79
   60   69   82   78   79   68   77   89   91  114  117   94   87   95  100  109   84   97  107  102
   82  130  144  144  126  140  159  150  157  180  115  127  147  143  152  158   80   77   63   89
  116   66   89   64  105   92   95   82   76  102   86   22  142  109   93  112  116  124  139  163
  202   -6    1   16   25   42   26  -12   59   70   57  -14   -3   20  -16    2    5   14    6  -11
  -27   -8 -107  -25  -14  -34  -37   -7   29    1   15   26   -9   -4  -21 -118  -61  -81  -27  -87
 -209 -198 -249 -272 -211 -142 -172 -161 -149 -134 -124 -135 -120 -105 -119 -113 -110  -88  -69  -57
  -64  -30 -109 -184 -125 -152  -98  -71  -76  -77  -78  -87  -13  -22    5    5   11    5  -20    3
   -7    9    6   21    8   19   22   26   26   29   36   30   23   30   35   44   43   37   50   43
   41   48   50   57   42   53   56   78   72  106  114   65   55   74   66   86   55   58   66   56
   47  122  140  141  100  130  137  149  158  178   73   90  126  121  135  131   34   25   22   63
   70   57   72   22   87   74   72   64   60   82   60  -12  142  122   95  128  124  131  146  166
  201    2   -1   20   38   25    8  -39   48   57   38  -32  -22    7  -56  -24  -31  -16  -34  -47
  -63  -39 -106  -26  -50  -68  -69  -41    7  -34  -25   -2  -31  -34  -39 -158  -94 -125  -79 -120
 -242 -201 -255 -271 -220 -178 -192 -171 -165 -143 -164 -150 -136 -108 -135 -111 -105  -88  -58  -54
  -60  -25 -121 -169 -109 -136  -90  -61  -63  -60  -53  -50  -14  -12   -4    3    9   15  -10    9
    1   19   20   28   26   36   35   45   46   31   47   47   43   55   59   68   70   60   81   73
   59   55   64   67   63   78   85  102  106  127  146   97   80  115  107  134   65   83  100   90
   74  152  170  173  142  171  175  184  186  212  114  137  166  160  177  178   77   87   77  123
  119   85  100   59  119  107  113  103   93  122  100   31  167  127  111  133  138  149  157  185
  212   12   18   26   29   13   41   -9   65   69   51    0   -8   38  -16    1   15   17    6   -7
  -32   -6  -89  -19  -10  -41  -41  -17   11   -4   17   34  -10   -5  -43 -148 -100 -118  -52 -101
 -257 -187 -228 -251 -237 -143 -177 -165 -165 -134 -155 -146 -117  -83  -91 -104  -83  -57  -52  -37
  -29  -13  -99 -125 -100 -114  -80  -46  -57  -59  -58  -46   -4    0    5   13   17   13    7   15
   12   19   19   19   22   30   28   34   33   26   29   31   39   47   38   67   60   46   65   62
   51   44   59   45   49   70   73   94   82  115  112   80   73   88   83   98   55   69   72   66
   56  127  132  140  107  130  132  145  152  181   85  103  129  128  146  141   42   43   42   78
   82   65   80   30   92   80   78   74   67   92   71    0  134  111   94  117  124  123  144  155
  200   10    3   24   38   18    9  -26   51   57   39  -22  -23   16  -32  -25  -25   -7  -17  -26
  -40  -23 -101  -35  -27  -46  -54  -29    3  -21  -13   18  -25  -28  -45 -186 -130 -139  -97 -137
 -161  -13  -17  -18 -144 -103 -145 -121 -122  -96 -113  -99  -77   -6  -79  -70  -70   -5  -30  -29
  -38    1  -57 -117   -7 -103  -52  -31  -38  -54  -59  -44   13    1   28   18   31   37   11   27
   17    3   35   37    3    4    4   48   52    5    5    6    5    6   64   74   77   70   80   72
   68   73    8   74   78   73   87   99   94  125  137   95   95  108  106  126   88  104  112   95
   85  140  158  161  141  165  169  175  182  206  117  133  169  164  176  166   78   82   66  107
  117   84   99   61  118  103  106   97   86  118   96   17   13  102   93   10   11  114   13  154
  194   -4    3    5    0   34   33  -11   67   74   67    2   -8   38  -22   -5    4   14    5   -5
   -3  -14 -103  -48  -18  -40  -33  -16   26   -3    9   41   -2    0  -20 -109  -45  -75    1  -66
 -222 -166 -210 -231 -183 -135 -171 -159 -145 -118 -118 -111  -93  -71  -84  -88  -90  -61  -43  -36
  -35   -7  -80 -157 -109 -135  -69  -48  -54  -81  -72  -66   13    9   34   13   33   42    7   26
   18   37   33   36   31   43   44   49   57   55   61   72   48   67   67   75   82   77   67   74
   69   79   97   84   90   78   85   93   82  113  103   91   93   91   96   99   87   98   86   95
   82  125  118  145  109  123  131  141  143  163  106  108  124  123  137  135   72   63   46   70
  102   79   88   61  100   87   88   88   73   99   89   -6   98   90   87  111  125   86  135  118
  187    0    6   18   62   28   20  -25   59   73   71   -2  -14   25  -45  -23   -9   -8  -21  -38
  -50  -30 -125  -40  -29  -56  -48  -27   -2  -15   -4   23  -16  -17  -46 -133  -51 -134  -22  -95
 -175 -136 -191 -201 -151 -104 -155 -123 -109  -91 -110  -97  -69  -54  -77  -68  -86  -49  -25  -25
  -31    0  -61 -107  -76 -109  -43  -27  -34  -56  -64  -43   23   18   35   20   36   46   16   28
   28   47   42   45   41   47   51   54   54   58   55   69   49   64   64   75   78   74   82   74
   72   69   89   73   78   76   86  105   98  122  132   96   95  103  108  119   89   99   90   93
   78  137  147  156  128  151  159  165  170  185  117  129  155  155  171  170   72   75   57   95
  113   85   91   54  104   90   97   88   82  110   88   13  118  105   96  118  133  112  145  139
  200   12    7   24   46   36   35   -5   62   70   67    9    2   45  -18    1   18   20    5   -4
  -24   -3 -101  -27   -6  -23  -23    1   47    7   15   31    9   10   -5 -109  -46  -98  -28  -80
