  178  164  180  134  190  216  197  205  224  232  224  227  228  240  223  213  223  245  234  250
  235  243  204  188  202  169  233  249  225  194  213  211  258  274  262  268  253  262  256  258
  263  274  274  261  280  275  272  277  271  269  267  283  280  287  282  278  288  311  278  301
  297  274  286  286  296  279  297  284  286  288  272  295  300  282  299  294  305  301  280  301
  291  283  284  279  289  279  284  278  280  278  286  285  283  279  282  284  252  254  221  226
  263  287  285  275  290  287  283  255  264  281  262  152  233  204  184  211  218  200  209  227
  246  160  113  158  141  258  225  175  255  273  276  213  226  248  229  223  207  214  217  242
  163  190   68  114  226  215  223  251  297  263  246  241  235  261  267  208  205  242  220  221
  178  163  166  134  195  215  203  210  218  210  218  206  213  227  214  213  211  238  240  239
  228  242  204  180  186  172  213  228  209  180  195  211  243  262  249  256  253  241  243  239
  240  250  239  261  252  249  245  252  271  250  243  248  266  262  282  277  278  279  278  278
  267  247  266  254  266  279  282  277  279  284  272  290  280  282  281  284  272  278  270  276
  262  293  284  283  283  274  284  278  282  276  275  283  279  279  282  280  229  237  198  215
  263  252  246  253  252  243  241  255  229  245  222  139  211  207  168  198  211  194  209  223
  246  127  113  149  142  216  189  144  218  273  236  213  205  248  218  198  168  196  217  208
  163  170   68  117  196  196  209  233  305  264  236  241  235  261  276  208  205  242  233  240
  178  163  168  134  179  209  196  199  209  203  215  201  213  223  211  209  204  229  223  232
  228  231  220  204  209  183  216  228  211  208  215  211  236  243  238  245  253  240  246  263
  257  255  276  261  288  286  275  294  285  256  270  271  288  299  293  297  303  307  295  302
  294  283  298  291  296  289  304  281  287  290  287  311  304  282  305  302  306  305  297  303
  287  290  300  289  305  291  291  285  288  284  301  298  298  291  284  294  251  253  229  231
  279  286  300  260  311  297  293  255  277  296  269  173  241  224  186  211  218  209  221  229
  255  155  146  170  162  271  244  190  270  286  282  213  220  248  233  237  216  237  228  219
  163  208   89  115  209  214  226  255  326  247  237  235  236  267  277  208  193  240  212  208
  187  172  177  134  195  225  218  215  218  212  225  212  217  234  221  209  216  239  237  242
  232  233  213  192  198  168  217  230  208  200  198  211  243  258  240  249  242  245  244  251
  249  247  259  249  269  270  259  280  270  250  258  262  277  282  281  280  288  287  276  285
  287  268  282  262  279  279  283  280  266  286  268  291  293  276  285  289  284  292  277  282
  261  284  280  283  284  277  284  278  284  282  279  280  274  280  283  281  240  229  204  212
  262  254  266  238  274  265  261  254  250  261  244  146  221  206  171  192  203  194  207  217
  245  135  131  144  137  238  212  157  249  260  261  204  211  236  209  206  188  215  212  208
  161  177   62  117  197  202  210  249  334  260  248  234  241  272  288  222  219  264  216  224
  189  178  184  134  201  232  211  221  226  222  234  222  241  243  227  231  227  248  249  253
  249  256  223  210  221  185  233  242  232  227  223  211  254  266  259  270  259  258  260  259
  259  264  260  264  268  262  260  272  267  258  260  263  261  275  275  275  269  283  269  283
  285  272  280  271  276  270  277  271  260  267  261  286  288  274  277  281  282  282  270  273
  262  272  277  277  279  275  278  275  280  279  265  273  267  270  278  277  238  228  205  209
  257  256  274  244  280  276  270  261  259  270  251  151  221  199  167  188  199  191  202  213
  241  128  122  138  136  269  229  168  256  268  270  217  240  259  240  235  206  223  232  226
  165  184   56  111  205  207  209  241  319  264  270  246  241  270  275  224  222  266  229  237
  189  163  169  134  189  214  201  205  204  199  217  203  213  228  219  208  210  234  234  241
  232  243  203  183  200  165  211  218  205  195  196  198  238  251  240  255  239  243  250  246
  242  250  252  248  257  256  254  266  257  244  245  251  261  264  262  268  273  275  272  280
  272  255  274  261  270  277  286  282  268  285  273  288  286  283  295  296  281  289  277  282
  269  284  288  281  286  280  281  276  277  277  274  275  278  273  279  277  238  227  201  208
  264  254  260  240  267  260  260  249  248  264  244  143  218  200  171  194  205  195  206  217
  245  114  125  146  135  235  206  145  233  250  252  197  207  224  202  203  183  198  204  201
  151  166   47  105  197  196  203  235  310  265  262  246  243  267  271  208  210  241  211  211
  157  140  154  128  169  192  180  191  191  191  198  197  185  209  199  204  201  224  227  235
  228  234  191  170  200  157  201  223  208  201  206  210  242  253  259  262  259  261  248  243
  252  262  256  264  258  257  259  268  265  261  272  266  257  269  272  265  272  275  269  274
  274  271  270  274  272  274  281  280  269  286  282  286  280  281  286  295  274  285  274  275
  261  289  290  283  286  283  283  278  284  279  274  278  278  283  284  283  235  230  206  212
  262  255  273  236  273  279  271  261  255  268  254  146  220  202  172  190  204  189  209  221
  249  125  112  151  143  268  225  155  260  287  287  219  232  267  222  226  215  213  225  215
  165  176   71  115  213  209  209  234  316  244  233  227  232  262  267  196  190  241  217  216
  170  151  160  132  176  197  187  198  194  197  200  200  196  209  207  207  202  225  234  236
  226  237  192  175  178  154  206  220  203  184  188  191  239  246  235  238  237  238  247  244
  240  241  247  242  256  254  249  257  253  237  246  247  254  260  263  266  270  266  270  277
  267  255  267  260  262  278  282  277  270  280  268  291  284  283  285  285  274  282  274  274
  257  281  282  274  278  272  275  272  280  274  267  271  279  275  282  275  233  221  203  204
  257  248  265  234  274  261  253  240  233  248  232  143  210  196  171  191  197  185  207  218
  244  134  106  157  139  231  198  148  232  256  251  193  203  222  199  196  173  191  202  203
  154  164   66  119  191  199  201  236  302  235  223  224  229  251  264  206  198  236  202  204
  194  162  178  150  193  219  203  219  214  210  216  213  209  221  220  216  225  243  239  250
  241  248  202  178  188  166  212  221  205  195  203  210  246  259  256  266  262  269  257  266
  267  272  276  282  289  286  279  301  300  277  298  300  283  296  304  287  286  301  282  303
  313  302  302  306  297  286  292  283  271  278  267  297  299  279  293  285  297  292  277  286
  280  279  281  279  280  276  278  277  279  274  273  273  275  274  278  274  259  243  224  217
  265  292  307  260  303  299  280  266  259  275  258  162  231  211  178  198  206  194  211  226
  248  136  121  162  140  270  212  159  262  297  307  226  222  253  209  215  198  199  210  213
  158  171   66  113  216  210  212  236  304  247  247  243  241  260  253  206  200  242  215  213
  182  160  174  141  190  215  194  212  206  201  209  205  209  224  214  213  209  233  238  243
  230  233  205  187  210  172  227  238  219  202  210  215  250  256  249  249  250  250  248  250
  247  253  256  258  268  261  256  272  269  256  270  268  264  271  273  268  268  281  269  279
  286  276  281  289  278  270  274  274  263  271  265  288  290  273  288  283  282  284  266  270
  263  277  276  273  280  274  281  277  283  277  273  283  279  281  282  282  243  235  210  216
  259  276  278  255  285  272  263  248  243  262  243  154  232  217  178  207  210  198  218  226
  250  131  118  158  142  238  203  154  242  263  272  202  216  236  209  203  181  210  224  220
  166  174   69  112  214  208  207  238  310  256  247  250  243  263  257  205  202  234  219  217
  176  153  162  130  187  212  198  208  206  203  218  215  203  222  220  217  217  241  240  253
  243  251  200  181  199  168  218  236  217  200  204  213  248  263  254  262  261  264  263  263
  263  269  265  263  280  276  267  281  274  268  278  275  285  289  289  287  290  292  284  294
  290  280  290  280  287  285  295  282  275  281  270  297  297  279  287  283  285  284  274  278
  272  281  274  273  279  271  278  280  286  279  273  281  271  275  285  280  247  236  211  214
  264  273  287  256  297  287  275  264  256  268  254  161  230  210  176  196  206  192  210  221
  248  145  118  162  148  261  218  167  259  287  287  218  226  254  214  216  197  211  213  213
  162  178   75  123  206  208  202  236  292  246  235  236  229  248  241  198  204  233  211  227
  171  151  166  137  180  209  196  200  200  203  212  208  207  216  214  213  212  234  236  244
  235  238  203  200  214  178  220  244  229  213  222  223  259  263  251  252  250  251  249  253
  251  254  255  254  264  262  260  269  261  252  262  262  270  272  275  275  280  280  274  286
  277  267  281  271  275  278  286  282  268  285  275  297  296  288  299  296  287  291  283  281
  268  287  291  289  294  286  290  282  285  278  276  284  284  276  283  281  241  230  206  211
  266  259  268  245  273  265  257  251  243  259  245  142  211  196  164  186  200  188  207  222
  245  125  104  139  131  246  212  151  240  256  267  204  214  238  217  210  197  226  229  227
  171  186   61  108  230  213  217  247  317  256  238  235  235  262  268  230  222  254  225  255
  181  161  178  146  188  215  197  208  207  209  213  210  208  226  220  218  219  249  245  257
  242  248  209  196  211  178  226  241  226  211  219  223  255  267  255  261  255  255  253  253
  257  269  260  262  265  264  261  272  265  256  257  265  270  273  275  279  283  280  271  291
  281  269  297  269  287  281  287  281  269  286  277  297  303  292  305  302  312  311  302  302
  285  284  291  284  296  282  283  280  282  275  282  293  284  283  280  287  248  244  215  219
  274  262  275  251  290  278  275  262  257  271  255  157  227  207  173  194  203  188  208  222
  246  134  110  155  136  261  225  161  251  264  265  212  225  260  228  223  205  228  231  228
  170  188   76  116  213  214  217  244  314  242  235  236  231  264  256  214  208  240  214  231
  172  161  180  138  187  206  196  200  199  202  208  206  206  217  212  214  217  237  233  245
  236  238  201  183  194  171  209  225  209  193  202  216  244  257  251  255  255  256  250  256
  250  260  265  261  271  270  269  278  275  262  268  272  276  281  287  279  284  288  281  295
  290  275  293  276  287  277  291  280  273  280  273  289  294  286  291  294  294  296  282  287
  275  284  279  280  283  276  277  276  283  274  282  286  273  281  284  281  244  232  211  215
  265  266  285  248  286  284  270  257  251  264  249  151  220  206  177  195  205  193  209  226
  249  130  113  149  135  255  216  154  251  275  276  212  217  245  209  209  197  209  219  222
  163  179   69  109  217  211  216  245  318  259  253  248  235  268  259  209  211  242  214  247
  173  151  167  128  173  195  184  198  198  197  201  198  198  209  204  209  208  229  219  235
  222  226  197  185  208  164  203  222  224  201  217  216  251  255  256  256  260  265  236  237
  239  252  245  253  257  256  251  263  260  260  252  257  258  259  263  269  270  266  259  272
  262  256  269  260  266  270  277  273  261  278  265  279  280  273  284  288  279  288  280  281
  259  279  287  282  286  278  282  277  285  274  271  285  282  279  285  275  234  222  198  207
  253  256  255  239  266  254  252  241  236  250  238  136  210  194  166  188  199  179  202  215
  243  117  105  136  136  240  213  146  235  250  259  214  218  247  221  208  195  206  217  211
  157  171   55  105  203  211  207  238  308  263  250  247  232  256  258  201  209  244  217  239
  181  156  174  139  182  200  195  203  218  207  210  210  200  223  215  209  226  243  237  249
  242  246  203  185  213  174  221  232  223  200  216  226  253  263  264  267  266  269  265  268
  271  270  279  280  289  291  285  296  288  276  283  290  284  296  302  286  285  301  284  308
  298  289  298  293  295  280  294  282  276  288  276  300  307  285  305  301  299  308  289  302
  276  284  284  284  289  282  288  281  285  275  292  293  282  281  282  282  249  240  216  216
  268  272  280  254  287  275  265  249  244  263  240  153  216  198  168  188  204  187  206  218
  244  140  115  158  146  261  220  164  250  283  297  221  225  253  220  218  199  223  230  228
  181  184   83  126  210  211  204  250  302  252  234  234  241  269  261  216  218  254  228  252
  168  159  170  134  182  214  202  211  216  216  222  218  228  240  234  229  225  250  249  254
  244  253  220  205  215  185  243  240  221  206  209  214  252  264  256  266  259  267  272  276
  275  274  287  280  297  296  293  308  301  283  291  297  295  305  316  295  301  314  305  316
  306  293  305  297  280  293  312  288  286  288  281  315  310  286  302  292  301  300  288  284
  275  282  281  279  283  275  277  273  279  275  276  279  272  277  282  277  246  238  215  218
  266  281  301  254  307  302  291  268  265  283  262  170  233  210  178  195  210  196  216  225
  252  148  117  165  152  287  220  168  272  296  307  233  228  268  219  227  204  206  214  216
  161  173   79  124  194  198  199  231  289  240  247  236  222  253  245  184  185  225  208  223
  177  151  171  128  183  204  197  197  198  192  210  192  202  215  212  206  202  230  224  240
  230  241  195  174  183  153  210  220  204  179  184  187  242  260  247  259  248  249  246  248
  246  262  252  251  261  259  257  268  260  249  255  258  265  274  275  275  278  282  275  291
  279  264  283  271  275  276  286  282  273  281  277  295  291  283  298  292  284  291  278  277
  268  282  285  280  287  280  281  277  284  279  280  280  276  280  282  279  242  230  206  214
  265  265  267  242  269  263  253  240  237  250  233  151  216  201  174  194  206  196  209  223
  250  124  117  148  141  246  199  137  250  254  263  200  210  238  193  194  179  187  195  196
  152  160   60  106  188  198  190  224  289  244  241  241  232  259  241  202  205  240  211  241
  174  149  167  140  180  197  185  188  190  197  204  203  191  211  205  212  209  233  223  247
  229  240  186  170  181  154  201  214  203  188  202  205  242  254  251  257  252  259  253  256
  262  261  265  264  276  271  270  281  271  266  268  271  274  284  285  280  280  281  274  288
  278  272  281  278  278  282  285  279  270  279  277  294  288  284  286  291  280  288  282  282
  262  285  285  284  287  281  284  278  282  279  275  280  279  277  283  276  241  230  205  213
  262  268  278  246  285  284  273  262  254  268  254  147  216  204  171  192  200  186  205  217
  243  132  114  150  144  264  226  155  259  284  288  214  215  260  208  210  206  205  210  213
  164  175   68  118  194  195  200  227  290  252  258  252  229  255  245  177  185  227  202  226
  178  164  182  141  192  217  202  216  214  209  217  210  217  230  221  215  215  238  228  240
  237  238  206  197  207  167  215  223  208  199  206  216  238  246  242  248  242  250  244  250
  251  255  261  257  268  267  269  277  272  256  273  273  272  282  286  281  284  293  286  299
  290  282  291  290  287  280  297  282  280  286  277  300  302  283  297  290  294  295  281  278
  274  282  283  279  279  279  279  275  283  280  280  287  280  278  277  279  247  240  220  217
  265  272  295  253  301  302  293  266  260  282  256  159  228  209  173  195  210  193  213  221
  248  129  116  149  141  262  212  161  262  290  285  219  216  258  209  218  192  201  211  213
  164  174   72  113  202  205  208  230  294  255  256  255  239  261  251  202  204  236  218  239
  168  150  172  128  179  206  189  184  186  184  196  191  208  225  210  201  202  229  228  236
  230  233  203  193  200  163  218  229  211  198  213  219  238  250  244  248  246  249  240  247
  241  242  249  250  258  265  256  279  267  253  251  266  274  283  284  283  291  286  282  281
  278  266  280  275  274  284  294  283  277  286  276  300  290  281  286  285  283  281  275  271
  262  282  279  277  279  276  281  271  279  270  264  263  269  264  272  260  235  220  203  200
  248  271  274  241  294  278  272  255  248  269  247  156  213  195  165  186  196  180  201  209
  246  134  109  157  140  260  231  166  251  270  270  211  215  247  228  221  204  215  231  226
  160  182   74  118  208  204  201  232  302  243  245  234  235  258  249  203  206  243  216  246
  155  134  151  114  164  195  173  192  189  185  190  186  195  210  194  191  186  216  215  229
  212  227  195  175  198  161  207  219  215  200  208  208  238  250  249  248  251  248  239  237
  246  245  246  251  252  253  256  261  260  253  261  264  259  266  267  269  273  274  272  282
  272  279  293  296  291  270  280  269  267  270  268  286  285  274  286  285  290  293  277  284
  288  272  276  271  280  275  277  267  270  270  284  282  273  271  268  273  254  243  218  214
  271  280  295  263  304  304  298  271  266  291  264  168  233  207  175  191  205  190  211  216
  251  151  115  164  147  258  228  175  261  285  282  211  224  253  222  225  204  223  219  215
  177  193   98  132  203  199  199  231  304  246  238  235  236  258  251  197  202  235  210  237
  164  144  159  125  175  199  188  206  206  208  206  212  197  221  210  223  222  237  229  242
  241  246  199  187  198  173  217  231  219  210  216  213  244  255  254  263  257  261  264  262
  265  265  273  271  274  277  277  284  280  268  268  270  277  289  292  282  285  297  283  302
  291  279  293  279  285  281  296  275  274  277  269  301  299  282  292  284  289  294  281  280
  267  279  277  273  280  271  275  267  274  270  279  283  271  276  281  271  241  229  211  212
  264  274  280  246  291  292  275  262  256  274  254  161  220  203  168  191  206  188  211  218
  250  134  111  155  143  269  226  157  258  283  284  224  226  253  224  225  208  212  223  220
  175  179   74  117  209  208  208  233  302  252  256  255  243  264  246  199  204  245  216  245
  184  168  184  138  189  215  199  207  202  205  211  210  210  227  216  216  209  237  224  238
  233  235  206  189  201  168  212  229  215  216  221  221  245  256  250  248  247  247  245  247
  244  246  249  250  255  259  256  264  264  250  250  264  266  270  271  269  272  274  265  279
  277  269  282  271  278  265  276  269  260  273  264  281  281  271  276  281  278  283  268  272
  260  281  282  278  284  281  291  279  280  275  271  275  274  271  276  268  224  215  190  200
  256  253  256  234  252  258  248  243  238  250  238  138  200  187  164  186  201  180  207  211
  250  127  110  146  142  249  223  153  242  257  256  205  213  249  218  218  198  215  224  225
  166  177   69  115  205  200  201  230  289  224  221  225  228  254  231  220  218  205  209  248
  180  160  186  140  186  219  202  213  220  217  229  211  226  232  218  207  217  240  236  247
  239  246  219  203  222  184  234  240  229  225  229  223  251  262  261  266  261  264  251  258
  254  263  262  268  267  270  269  274  273  267  274  272  277  283  280  279  283  285  277  285
  284  277  281  282  280  277  283  275  268  279  270  289  285  277  284  283  280  282  273  273
  272  279  278  278  282  278  280  271  274  272  280  287  276  278  279  278  246  235  208  214
  267  277  292  251  288  299  283  267  263  275  263  156  224  205  169  187  205  188  215  215
  253  132  110  155  151  268  232  164  264  280  277  223  234  265  230  229  216  224  239  232
  177  181   81  118  205  211  213  234  300  234  254  249  237  259  264  205  219  248  221  250
  160  131  151  119  164  190  176  180  184  190  195  192  187  210  200  196  194  222  224  226
  218  221  186  175  190  160  210  215  200  183  191  205  230  241  236  240  239  237  235  240
  242  243  253  244  263  269  260  279  263  241  262  264  276  284  288  284  293  295  287  301
  284  265  285  275  277  286  299  281  282  288  275  304  303  286  300  292  286  297  283  282
  272  280  278  276  283  276  281  269  277  270  278  284  274  274  275  278  250  240  219  216
  274  278  293  254  300  287  279  248  247  268  242  159  230  204  172  194  204  188  209  217
  246  139  115  157  146  229  186  135  239  271  267  200  201  224  194  196  171  183  195  197
  150  156   60  112  190  189  195  216  281  250  241  241  226  250  239  197  215  254  221  221
  176  152  174  133  182  212  193  205  199  201  203  201  205  217  208  201  198  227  216  232
  225  230  197  197  201  162  211  221  213  202  204  215  241  251  247  253  245  252  239  244
  247  252  251  255  255  254  259  263  265  252  260  262  257  263  267  262  267  271  264  274
  272  268  279  274  275  267  277  278  267  282  272  281  277  276  286  286  281  290  277  276
  263  285  284  282  286  284  289  281  292  286  277  286  282  284  290  278  236  229  204  212
  264  266  273  240  275  280  272  256  251  267  250  147  213  195  169  188  201  189  214  224
  252  128  110  151  150  256  222  155  253  269  265  206  210  230  206  215  198  210  212  215
  165  187   72  119  209  210  215  244  309  250  255  250  246  277  271  211  210  253  223  233
  176  154  174  132  186  216  196  205  200  203  206  207  207  218  210  216  213  233  223  239
  237  243  196  180  196  167  212  221  213  203  206  216  239  253  250  256  256  260  255  265
  261  261  264  267  279  278  274  292  286  267  283  280  284  294  300  285  292  305  294  311
  299  283  296  288  288  281  294  280  279  281  265  306  306  285  298  290  298  297  281  283
  276  283  281  280  284  279  284  277  281  276  283  288  279  283  282  278  247  237  209  213
  268  277  292  255  294  303  288  261  258  278  258  162  227  208  173  192  211  191  218  223
  254  138  121  155  142  271  216  160  258  286  288  229  223  254  217  222  203  208  215  215
  167  175   71  118  208  208  209  235  289  246  256  253  234  258  254  183  200  235  215  206
  170  142  160  125  176  202  188  200  205  197  202  201  202  214  204  198  206  228  222  236
  230  242  195  179  188  163  211  218  210  195  199  201  236  252  246  254  252  256  254  262
  255  257  262  259  268  265  269  277  273  258  266  269  271  278  283  275  278  290  279  294
  288  274  287  280  281  274  290  280  280  283  276  296  294  286  293  297  285  290  279  278
  270  286  285  281  285  279  281  273  281  278  274  279  271  276  281  271  244  235  214  214
  263  271  282  250  280  283  271  252  250  267  248  159  230  210  177  195  211  197  217  222
  253  137  120  155  141  258  212  159  249  268  271  221  219  250  211  214  193  194  203  207
  164  168   77  124  189  192  195  221  297  239  237  238  237  253  246  200  214  251  220  227
  204  164  185  150  199  220  213  219  213  205  215  210  213  221  210  197  207  230  225  234
  219  227  199  191  203  168  212  220  220  200  204  210  237  247  243  244  245  246  234  240
  236  242  240  246  244  242  248  253  252  247  251  248  242  246  250  248  248  251  245  257
  254  250  257  248  252  256  259  270  260  284  272  269  260  272  272  284  262  271  271  265
  251  286  287  284  289  279  289  280  288  284  270  281  280  279  284  277  225  224  197  211
  256  242  253  220  247  254  247  241  237  249  237  137  213  202  173  195  207  190  214  226
  250  123  115  146  145  242  210  150  239  254  251  203  212  238  211  209  191  212  218  218
  165  173   61  112  204  203  205  233  304  250  242  243  240  260  257  211  221  248  220  224
  163  139  154  119  171  194  176  189  188  189  195  197  190  214  196  206  194  230  236  238
  223  238  192  169  184  162  216  228  215  204  210  213  248  254  252  254  256  258  248  257
  255  259  253  258  262  262  262  272  273  256  271  266  266  274  277  279  277  287  289  299
  292  276  301  281  292  278  289  287  281  291  289  304  303  298  307  304  302  307  289  297
  289  283  295  287  300  289  294  283  291  288  294  301  287  293  291  296  266  257  228  227
  285  280  281  268  286  270  264  250  249  269  251  163  238  217  186  202  211  203  219  229
  257  151  131  162  160  243  213  160  240  266  266  217  218  243  220  218  198  216  225  231
  171  176   88  134  207  200  200  219  338  220  225  224  230  248  239  200  212  249  217  220
  183  172  186  151  206  235  218  229  226  227  228  232  235  241  235  227  225  249  246  252
  239  246  220  199  205  178  233  239  224  200  205  211  258  266  255  263  256  253  253  252
  255  261  253  255  260  258  261  262  256  248  245  247  260  266  266  271  273  273  271  277
  265  251  269  259  262  274  282  278  272  284  275  292  283  283  287  292  276  283  279  279
  264  275  284  280  287  278  290  278  285  283  281  287  275  281  283  281  245  242  218  221
  271  262  272  242  276  272  264  250  247  266  248  158  234  212  181  198  209  198  216  225
  252  134  130  156  155  234  213  148  238  256  248  208  217  233  208  203  181  216  218  213
  168  181   69  114  208  205  205  230  301  238  237  241  245  257  247  203  217  246  238  216
  176  161  176  141  186  215  202  223  220  215  216  217  213  225  220  222  232  243  233  245
  239  243  200  195  194  168  218  230  218  202  205  207  250  263  255  261  262  259  255  255
  258  267  262  261  269  265  269  280  271  253  258  266  265  277  278  277  280  291  275  292
  282  267  283  270  277  274  284  276  287  291  280  294  296  287  291  293  284  288  277  283
  271  278  282  280  292  281  293  279  288  277  278  291  281  288  282  283  239  235  204  210
  266  255  261  243  269  264  257  245  241  260  243  148  213  198  172  189  201  188  210  224
  255  125  122  156  155  236  211  150  238  252  254  214  213  233  209  207  195  206  210  210
  163  174   78  109  197  197  198  224  311  257  259  260  255  274  260  205  227  262  240  241
  165  152  167  133  179  209  197  209  212  209  212  216  209  226  217  223  220  244  241  250
  237  245  209  197  199  173  229  234  224  191  195  198  254  260  258  262  259  257  254  255
  260  266  262  258  268  269  266  279  276  258  262  266  267  279  282  280  282  290  275  287
  289  273  287  275  276  279  283  282  271  285  272  293  288  280  284  284  284  289  276  278
  263  273  277  277  286  279  286  276  285  276  274  287  278  283  283  277  241  222  205  211
  264  268  275  240  274  270  281  250  248  263  249  151  217  201  173  191  207  195  215  223
  256  123  117  157  139  249  213  148  249  263  267  217  222  244  205  213  195  200  206  206
  165  171   55  105  198  196  195  221  323  269  258  268  248  266  248  204  231  257  241  234
  174  154  170  142  185  209  197  218  214  220  215  226  207  228  219  225  215  241  230  246
  235  236  205  196  202  172  219  227  220  205  206  210  250  261  257  261  260  257  249  255
  258  270  260  261  269  271  265  284  277  259  269  269  270  280  285  277  278  295  282  298
  292  281  296  293  289  275  283  277  265  281  268  295  293  280  291  289  293  294  280  293
  283  270  283  278  290  281  288  276  279  275  285  292  281  282  281  276  254  234  219  218
  273  277  287  255  296  289  281  265  258  278  257  161  229  211  180  198  210  198  216  224
  255  134  133  161  153  263  222  160  259  281  278  224  216  254  212  213  202  214  215  218
  175  180   82  127  212  212  210  241  314  253  246  250  242  267  263  204  217  246  216  223
  173  147  174  131  174  202  188  204  200  199  198  201  201  216  202  203  193  223  215  228
  219  227  194  181  205  166  209  224  216  208  208  208  245  252  247  251  252  254  241  244
  241  256  247  251  259  257  251  269  266  256  259  265  261  269  271  274  278  282  272  287
  279  272  280  275  279  276  288  281  271  288  278  299  289  283  292  294  281  290  272  285
  266  284  290  286  291  291  298  286  292  282  279  295  281  287  290  276  236  217  199  203
  262  257  264  241  270  262  263  246  241  257  244  144  212  197  169  191  204  187  214  219
  256  129  120  157  155  251  217  148  246  270  274  207  209  245  204  205  198  209  208  209
  158  172   74  119  198  198  203  236  308  253  245  251  246  267  254  198  213  242  218  224
  183  158  180  141  185  205  197  199  203  202  208  209  202  221  216  207  211  237  231  244
  231  237  202  186  185  168  214  221  216  206  209  210  248  260  258  261  259  264  251  244
  260  267  261  265  264  263  265  273  272  269  264  268  266  272  277  285  284  287  271  295
  284  273  288  273  290  285  288  282  271  294  280  299  290  281  292  290  289  293  280  287
  270  283  288  287  287  284  290  280  289  286  275  284  275  278  287  282  242  226  212  201
  269  260  262  246  277  258  261  251  248  261  248  140  215  200  169  190  205  192  211  224
  256  120  112  136  128  250  227  149  244  258  270  212  217  251  210  215  210  217  210  211
  161  181   62  110  201  195  208  237  316  259  250  254  246  261  252  213  229  263  238  236
  192  167  190  152  200  230  209  221  210  223  220  231  220  234  223  228  226  247  235  244
  242  244  213  193  191  169  221  254  216  196  200  209  248  256  245  258  250  253  247  252
  254  261  259  253  252  253  251  263  261  251  258  257  255  265  267  268  266  274  270  282
  277  266  279  268  275  268  282  282  268  287  280  293  285  280  286  286  276  282  274  278
  263  272  277  274  285  275  280  275  278  280  271  272  272  277  276  274  240  222  208  211
  256  263  271  245  274  257  256  240  237  251  237  150  219  205  178  196  207  195  214  223
  252  137  118  154  142  244  211  156  241  259  257  201  212  238  203  205  186  211  218  211
  169  178   75  127  203  204  209  243  311  239  233  238  240  267  255  195  207  241  209  213
  184  159  179  140  180  219  209  222  217  210  216  214  221  228  222  215  211  247  233  242
  238  246  213  205  211  180  232  227  223  208  203  202  251  259  250  258  251  250  248  250
  250  265  251  249  255  254  253  263  259  245  244  250  256  263  262  271  270  274  264  276
  271  255  276  261  272  272  276  278  267  285  282  260  284  283  268  292  279  291  274  286
  265  278  283  284  294  289  297  284  287  284  286  290  291  290  289  283  242  223  214  215
  268  260  272  243  281  267  265  249  245  263  241  150  224  202  169  190  208  192  212  223
  257  132  160  151  143  239  209  153  239  249  245  199  216  240  216  215  186  209  212  208
  165  169   67  120  196  206  200  230  299  240  229  230  231  252  237  215  225  248  220  220
  187  158  160  144  190  214  201  210  207  208  215  213  212  227  218  221  216  239  246  253
  241  251  205  189  205  176  225  231  220  203  207  223  254  265  257  267  264  262  256  260
  259  256  262  259  270  271  267  281  274  259  270  270  276  284  286  286  286  290  275  292
  292  283  293  291  285  287  287  282  269  281  272  296  292  278  289  290  289  299  278  275
  275  278  285  285  302  293  306  293  295  289  294  299  298  304  296  296  265  255  224  231
  272  290  295  266  303  286  279  254  253  275  246  159  228  208  178  195  215  202  221  236
  264  129  124  130  141  248  213  155  251  276  271  214  222  250  216  213  198  210  275  215
  172  178   66  119  205  201  204  230  320  244  250  254  243  263  233  190  208  240  221  226
  192  181  197  160  204  234  215  220  221  217  228  219  234  243  236  218  220  250  250  255
  246  254  230  226  244  192  240  246  245  225  220  233  271  270  264  262  265  260  253  251
  252  261  255  252  255  256  255  267  260  253  249  253  254  266  267  268  274  280  269  284
  277  262  280  267  276  273  281  280  274  288  279  296  290  283  289  297  282  289  274  281
  263  278  286  285  286  288  290  280  285  283  284  288  287  283  286  276  239  231  207  212
  264  257  263  242  271  260  253  246  241  253  241  147  215  198  167  187  207  191  214  222
  256  132  115  140  144  246  222  161  250  256  251  214  233  263  230  227  204  229  220  230
  185  186   70  119  208  199  197  224  296  224  227  226  222  245  231  206  213  244  219  219
  174  149  178  130  178  204  196  206  199  201  206  208  204  217  214  211  211  229  235  242
  235  242  198  196  192  169  217  223  212  199  192  204  246  250  250  257  256  255  246  249
  246  261  250  253  256  254  256  265  267  250  263  261  255  268  271  271  271  284  271  289
  286  276  289  276  285  276  278  282  284  285  278  288  291  280  293  290  290  297  277  298
  276  276  281  283  294  290  295  289  293  288  285  297  296  294  295  293  248  244  219  223
  272  270  274  250  292  267  270  250  247  266  247  150  223  199  171  188  212  200  217  229
  262  131  119  160  151  251  214  154  251  265  264  205  213  242  204  209  191  203  217  210
  167  169   67  121  201  201  201  226  290  228  228  235  235  254  227  174  191  224  199  203
  181  152  171  138  184  204  191  195  196  191  200  194  203  218  212  193  198  226  231  241
  225  240  195  178  198  165  209  217  225  200  202  213  252  251  254  254  252  251  230  245
  239  258  244  250  246  243  248  252  249  246  243  246  246  255  256  260  265  265  263  269
  263  250  264  252  262  280  280  285  272  291  284  291  277  284  287  289  270  280  272  278
  255  278  288  286  285  284  291  282  289  283  277  280  289  287  288  278  234  229  198  216
  261  245  241  234  250  242  242  240  235  246  237  141  213  202  171  191  210  198  211  227
  253  135  122  148  192  241  205  148  231  243  242  196  207  233  198  204  180  196  202  202
  159  162   66  120  189  189  189  218  285  217  219  223  228  248  221  182  200  225  206  206
  165  163  185  144  180  214  205  215  215  225  220  225  218  237  233  234  230  250  250  257
  248  254  208  204  210  180  228  240  229  205  207  205  265  269  273  273  276  273  265  267
  260  277  268  267  280  280  273  288  281  269  272  272  280  291  290  287  297  302  286  294
  294  280  291  280  288  292  291  284  275  284  277  293  293  280  287  282  287  285  267  280
  274  275  275  280  274  274  291  273  278  282  269  272  275  281  281  272  252  245  217  217
  264  282  300  260  308  307  293  281  272  287  270  171  234  206  174  195  216  199  217  218
  255  139  129  167  156  275  241  173  274  295  281  221  234  270  214  226  216  220  225  219
  178  184   73  127  207  218  215  233  298  245  253  257  246  267  236  191  216  245  222  229
  170  162  182  130  177  215  198  210  206  207  211  211  218  226  218  214  214  236  232  243
  230  248  207  198  203  173  212  227  218  202  208  210  254  260  252  257  252  254  260  259
  254  264  268  261  275  279  272  281  273  258  263  265  278  286  286  288  293  291  275  289
  289  278  287  275  288  294  288  286  267  278  266  289  286  274  285  283  290  291  275  293
  274  266  282  273  277  271  279  273  278  280  278  278  268  277  272  274  247  235  213  212
  265  266  269  250  288  274  265  258  251  268  250  153  225  204  174  192  212  196  217  220
  254  133  130  155  144  256  221  154  253  267  267  207  213  242  203  214  196  205  210  208
  151  171   63  113  203  209  203  232  297  246  243  256  245  263  237  201  222  245  225  228
  181  156  178  136  185  212  197  200  198  196  210  201  223  217  210  209  206  224  222  232
  231  236  192  183  191  166  201  213  211  207  208  205  239  241  239  249  243  258  248  251
  245  257  256  256  268  268  268  275  274  251  256  260  270  279  279  279  284  286  279  284
  284  268  280  266  275  285  288  282  273  279  271  292  286  275  282  282  278  281  270  286
  264  268  275  281  275  277  287  278  287  284  275  276  278  282  283  274  248  240  212  216
  269  268  290  251  298  291  278  269  263  278  259  161  231  203  178  191  214  200  211  220
  254  138  128  153  152  254  233  167  262  266  259  205  213  243  215  220  203  214  215  216
  159  178   92  134  191  198  201  229  298  235  233  243  244  252  238  195  220  237  213  235
  191  161  178  148  192  215  200  205  208  209  220  218  220  235  230  225  225  255  258  260
  245  258  215  214  232  190  233  245  246  227  226  227  266  273  277  277  278  280  267  262
  262  274  266  272  273  272  274  280  281  279  279  277  272  277  285  276  276  283  267  282
  296  292  294  290  298  281  277  277  261  279  269  279  279  269  278  277  290  286  270  288
  277  272  275  282  276  277  287  286  291  293  276  281  283  285  287  280  255  248  217  220
  270  277  293  260  309  300  287  274  268  289  267  164  233  204  179  193  217  204  217  222
  260  135  127  155  157  283  239  166  269  280  288  230  241  273  236  239  219  222  234  229
  159  179   77  122  207  208  209  232  299  239  239  243  235  260  245  198  220  250  222  233
  194  166  185  151  188  212  199  192  195  193  213  206  202  219  215  202  209  232  231  241
  230  240  201  176  189  167  209  226  221  203  220  218  251  256  268  251  266  263  249  254
  251  266  255  261  265  269  261  275  271  261  263  265  282  286  285  297  295  296  279  300
  297  277  298  270  294  295  294  288  279  297  289  304  301  296  307  308  305  313  299  312
  276  286  298  296  298  297  303  294  297  292  293  295  296  297  291  290  251  245  215  225
  275  261  264  255  271  261  257  253  250  261  250  149  217  200  175  197  214  204  215  231
  256  134  137  146  149  249  220  153  250  261  261  214  227  250  222  221  199  211  219  215
  156  174   70  124  211  210  211  236  305  235  237  242  245  261  249  226  240  263  225  236
  177  155  179  137  181  206  191  201  203  212  211  221  214  229  218  224  212  238  242  243
  243  252  202  202  215  173  215  234  234  231  237  229  256  259  259  259  265  263  258  256
  251  256  253  260  259  256  259  262  259  259  267  261  256  261  263  270  268  272  261  271
  274  271  269  275  274  274  270  279  258  282  271  275  271  272  276  278  270  271  271  271
  258  278  279  282  276  278  285  281  283  282  271  273  278  270  278  274  237  220  200  207
  260  256  270  237  277  272  262  254  244  257  230  150  217  199  171  190  208  195  210  221
  253  135  185  145  145  264  235  167  261  282  266  208  229  261  241  234  210  232  232  230
  162  182   79  126  217  214  213  243  309  242  251  253  242  263  253  212  236  251  228  225
  203  174  199  161  208  232  221  225  226  223  232  232  221  239  234  233  228  254  246  259
  249  254  218  212  214  182  225  231  223  218  220  210  257  263  267  271  269  266  261  261
  262  264  261  262  269  269  267  274  270  260  263  262  275  279  278  283  283  284  272  285
  287  272  272  271  272  282  277  278  265  277  277  286  283  274  278  281  284  275  281  288
  262  269  277  282  282  282  294  290  291  287  281  285  291  285  289  285  238  219  214  222
  279  258  274  243  265  258  256  252  249  255  242  145  213  202  175  195  214  204  215  229
  258  132  129  146  141  243  219  153  245  254  254  203  224  249  217  218  196  211  224  220
  156  173   61  120  213  208  212  237  300  239  248  255  242  258  242  209  228  263  233  230
  201  172  207  157  197  227  206  212  215  211  217  213  228  225  222  212  210  237  240  248
  236  247  206  217  217  175  221  219  232  222  222  222  258  264  263  266  265  261  259  254
  247  257  253  259  264  255  260  265  263  260  259  267  261  267  268  270  264  268  258  272
  286  273  277  274  276  277  263  277  255  289  275  271  271  271  276  279  278  271  269  277
  262  285  285  292  284  289  294  290  293  286  276  279  285  277  283  276  239  216  203  211
  263  263  264  240  272  255  254  247  241  254  236  147  212  202  173  196  216  205  224  230
  262  133  131  147  154  254  223  158  244  252  255  202  221  251  219  218  204  224  229  227
  156  181   74  124  220  216  210  240  323  244  239  246  249  270  256  211  230  259  228  234
  183  162  196  152  184  214  191  188  189  190  202  198  217  225  213  206  207  232  238  239
  234  246  209  205  221  183  212  226  233  218  226  231  257  261  269  273  274  261  248  252
  254  269  261  266  267  256  274  271  265  266  261  260  261  268  274  273  268  278  264  276
  278  268  269  266  269  276  269  275  265  283  275  283  278  272  276  279  275  274  262  266
  250  278  282  287  276  281  291  281  284  283  265  269  277  270  281  270  225  204  198  201
  250  246  259  231  266  264  266  258  251  262  250  148  209  190  165  182  208  191  213  216
  253  130  117  150  151  264  229  157  250  257  252  207  227  260  224  226  202  233  229  225
  169  188   78  129  220  222  217  251  337  265  259  269  260  276  270  218  235  267  230  247
  167  147  167  127  175  202  188  190  198  204  209  209  204  227  213  212  200  236  240  246
  225  236  214  186  208  175  224  233  230  210  212  214  262  256  252  256  246  240  245  243
  246  249  249  248  258  257  256  267  258  242  246  253  267  277  276  293  294  292  294  297
  291  266  285  275  286  299  298  293  288  301  295  307  302  296  303  295  293  297  284  297
  280  286  291  292  291  291  298  287  292  289  290  286  289  283  285  288  260  237  226  226
  276  277  270  258  296  275  269  247  254  274  247  162  237  217  187  205  221  215  228  237
  261  148  144  165  170  235  207  160  240  258  252  197  217  236  218  219  185  217  215  222
  166  186   85  141  208  208  206  241  304  229  246  241  246  259  242  187  211  249  231  220
  177  151  189  141  182  216  201  198  206  200  217  208  216  224  220  217  210  231  230  237
  234  239  208  180  188  164  196  209  212  200  199  203  249  246  243  252  250  241  244  249
  242  246  250  247  263  263  260  271  258  248  248  244  273  282  273  289  291  283  277  278
  275  256  273  264  272  295  290  291  274  297  285  296  287  286  289  291  270  278  273  275
  259  282  285  292  285  290  300  281  284  291  280  281  292  282  289  288  248  228  214  221
  265  264  270  241  285  274  267  260  250  271  254  152  226  208  179  199  212  210  225  235
  261  144  137  156  159  249  219  162  251  261  251  198  212  242  202  217  196  222  211  218
  165  179   83  137  201  203  202  229  298  230  244  248  243  264  242  197  220  243  221  220
  195  165  194  144  192  220  203  210  217  207  223  215  218  234  227  220  219  241  230  247
  230  242  220  211  223  180  216  217  226  222  225  215  260  257  259  263  264  255  253  243
  249  255  249  256  259  256  258  263  252  254  247  247  264  268  261  283  284  275  274  279
  272  253  270  259  270  285  282  280  273  290  280  292  285  282  286  285  275  279  274  278
  258  277  278  286  284  285  292  275  278  287  279  280  287  277  284  279  239  221  209  214
  268  249  253  239  259  247  242  236  233  248  234  146  221  205  179  197  213  205  222  230
  259  146  136  160  163  245  204  160  234  242  239  204  226  252  215  221  187  224  223  226
  167  180   81  137  214  211  207  236  297  219  236  238  234  252  249  196  212  238  215  215
  198  168  196  151  202  228  211  218  227  216  231  228  232  236  233  225  226  241  242  250
  245  250  234  219  222  187  231  230  228  220  220  224  264  264  259  261  264  253  263  263
  259  260  263  264  278  278  276  285  274  261  270  269  283  295  290  302  306  304  296  302
  297  281  294  286  294  303  300  290  275  290  282  302  300  288  296  290  295  294  283  291
  275  281  287  289  287  283  299  275  276  285  284  281  285  273  280  274  258  232  224  213
  272  282  297  259  324  316  300  281  266  301  272  173  240  212  182  197  216  206  226  227
  258  153  128  170  168  263  233  175  267  288  273  209  231  252  221  227  209  248  239  238
  183  195   93  146  223  220  215  249  321  246  262  272  251  275  262  198  227  256  234  242
  209  189  214  163  213  230  209  212  221  217  227  226  230  240  226  222  218  237  239  249
  239  247  226  205  229  181  231  226  241  233  231  222  266  264  265  261  269  257  255  256
  255  254  261  262  277  277  271  282  273  264  266  271  281  293  289  295  302  295  290  294
  298  278  288  279  293  296  290  282  270  285  271  296  296  284  291  288  295  297  280  299
  274  279  280  281  288  274  296  274  277  270  294  286  286  277  282  282  250  228  216  221
  274  272  292  253  298  292  276  269  255  279  255  162  231  209  179  194  213  199  221  231
  261  155  133  170  163  263  228  170  267  273  266  208  229  257  227  236  216  229  226  230
  172  187   93  146  216  222  214  238  309  243  252  258  247  265  247  204  223  243  225  221
  191  171  194  148  192  224  208  202  214  203  232  216  221  231  224  211  210  232  237  242
  232  240  218  198  200  179  225  224  225  200  200  203  261  265  261  262  262  258  250  251
  251  256  257  261  265  261  263  264  260  268  264  265  263  270  273  284  284  285  277  287
  284  271  282  270  277  281  285  282  270  290  285  299  295  289  298  299  287  292  289  281
  260  278  288  285  293  282  298  273  278  276  281  277  288  274  284  274  241  220  205  222
  266  257  255  242  264  251  247  249  241  258  239  138  218  205  174  196  212  198  220  232
  252  133  130  149  150  261  220  149  244  254  257  204  235  257  206  217  200  209  214  219
  154  169   63  121  210  206  198  231  311  237  261  268  237  250  247  205  237  251  235  235
  183  163  180  146  192  221  204  203  209  209  222  213  225  239  230  215  215  233  251  252
  242  249  230  207  219  186  238  234  235  217  211  210  257  256  256  255  254  248  259  251
  255  251  253  256  254  258  259  263  257  260  259  257  261  272  275  279  284  285  280  290
  291  269  286  271  292  285  283  286  272  293  284  293  294  290  298  297  294  294  284  290
  277  290  296  298  291  292  306  284  284  281  294  290  296  288  289  291  258  236  218  225
  278  270  274  259  284  267  262  253  250  268  248  157  225  207  176  198  215  206  222  237
  258  137  136  155  164  247  210  150  243  254  251  208  224  249  200  215  189  209  212  213
  154  170   70  129  208  211  209  235  306  239  257  265  244  251  243  200  215  242  224  229
  184  156  173  137  181  211  197  209  209  217  220  221  219  231  218  222  213  228  232  241
  235  238  229  198  205  176  223  218  223  212  216  208  265  258  260  256  256  250  253  257
  259  251  267  259  273  282  280  285  275  263  268  274  288  297  292  307  306  298  291  305
  286  281  291  279  294  305  297  293  282  300  287  305  307  295  307  302  298  306  297  301
  281  291  296  297  286  287  300  277  277  270  293  284  287  278  283  284  259  231  221  219
  276  269  282  261  289  276  265  258  247  269  247  161  231  214  180  203  216  208  223  235
  263  151  137  170  165  260  221  172  257  270  269  209  230  248  213  223  199  231  229  228
  175  189   91  146  217  223  208  238  312  251  265  274  254  265  251  196  218  247  226  228
  201  176  196  158  203  229  206  211  215  216  227  226  230  239  229  218  221  241  236  251
  237  237  231  225  230  191  225  234  242  236  235  226  264  259  260  258  255  250  247  250
  253  249  255  251  258  262  258  263  257  255  255  252  263  270  271  279  285  279  280  283
  271  262  276  270  283  287  285  286  274  292  283  293  293  286  294  296  286  291  285  288
  272  283  292  295  284  289  313  284  283  283  291  283  295  278  289  287  266  237  226  223
  275  267  281  256  309  296  283  269  259  292  260  160  237  209  173  195  210  201  219  234
  259  138  125  160  161  249  221  163  258  263  252  197  227  240  211  217  200  232  244  236
  166  191   79  118  220  221  212  249  320  242  259  271  254  274  263  208  231  249  225  232
  179  162  184  136  191  220  199  206  211  211  218  211  227  229  221  207  215  230  229  237
  235  243  217  198  212  181  218  228  224  216  217  218  260  252  258  253  252  250  249  255
  252  247  261  256  262  268  265  272  265  259  269  261  277  281  282  290  287  282  279  287
  280  277  277  281  275  288  284  288  271  288  286  286  296  282  291  292  288  288  277  280
  273  284  288  291  277  283  296  283  279  281  288  284  291  279  288  283  250  230  214  222
  270  275  289  245  298  292  275  272  260  277  256  163  228  212  180  198  219  205  222  237
  258  146  135  160  167  200  228  165  265  266  261  203  227  248  215  225  204  231  243  237
  164  182   87  132  226  216  214  169  324  247  257  261  254  265  253  198  222  252  236  237
  179  161  171  145  191  215  204  211  211  208  225  220  221  241  226  216  219  243  256  256
  240  259  227  202  216  186  234  239  224  206  222  223  273  277  279  279  286  284  273  270
  284  286  284  279  283  288  300  296  290  301  296  299  299  309  311  310  313  306  300  322
  306  304  310  294  302  307  308  299  285  296  282  311  316  294  308  298  305  311  294  296
  286  280  278  289  276  278  284  279  275  279  292  282  287  277  285  282  265  231  222  222
  275  283  297  258  305  292  277  275  265  281  267  174  236  208  178  191  215  199  215  232
  254  149  130  161  159  268  238  178  271  280  284  228  237  273  218  221  221  234  251  244
  183  196  103  131  222  216  207  242  318  247  259  269  259  264  253  192  214  241  226  228
  187  159  177  146  196  218  205  212  209  207  219  206  218  235  225  211  217  243  240  250
  234  249  223  199  210  172  218  223  219  194  199  204  262  262  265  253  265  246  248  254
  258  253  254  245  249  244  254  246  246  258  253  250  250  253  257  266  267  255  262  270
  262  261  266  250  251  271  272  279  263  291  279  276  277  277  281  286  263  277  276  271
  258  287  283  296  285  285  295  279  282  285  279  277  285  274  283  279  244  227  210  222
  265  254  266  228  275  270  260  256  241  259  238  143  217  207  178  199  216  200  221  233
  259  139  134  151  156  242  222  153  255  256  253  198  214  241  206  189  198  204  213  215
  148  167   72  118  198  199  198  240  310  235  237  252  254  259  260  205  227  253  221  235
  203  175  192  165  208  224  206  220  223  212  228  209  225  232  227  208  211  239  251  250
  233  252  229  197  215  175  219  230  219  217  219  217  267  265  265  251  258  256  255  262
  264  257  260  253  262  257  267  263  261  268  261  268  265  273  276  281  277  272  269  270
  277  280  282  265  273  276  273  276  261  279  271  278  285  272  282  282  271  283  276  270
  258  276  278  292  282  287  295  287  291  290  276  275  297  280  294  270  236  215  198  209
  263  262  275  229  279  275  258  259  239  264  243  143  212  202  174  191  214  196  216  233
  263  130  127  146  160  243  230  157  256  264  270  209  225  262  218  208  207  230  228  225
  155  183   72  117  219  221  214  246  299  238  246  259  262  258  268  212  224  250  222  230
  168  166  196  143  198  227  199  212  216  216  232  215  241  242  232  222  221  244  244  251
  246  260  233  226  232  194  222  236  232  221  229  230  275  267  266  259  256  258  262  272
  269  262  271  262  276  276  282  278  277  276  276  279  284  291  294  300  302  293  295  291
  292  278  294  273  279  292  303  293  281  290  282  305  309  286  295  286  285  300  267  280
  274  281  277  287  279  281  292  282  284  282  290  287  290  283  289  279  253  231  217  224
  271  277  296  241  308  281  283  282  265  288  270  176  245  222  189  205  223  208  225  231
  265  166  138  176  166  272  257  195  283  294  284  220  236  279  226  227  231  250  246  239
  201  204  116  154  224  222  213  251  327  221  222  225  246  256  269  200  226  253  235  233
  185  162  182  154  191  216  199  206  212  207  221  208  224  228  221  212  215  235  235  252
  238  250  210  201  216  181  210  227  224  209  217  224  262  265  264  257  255  259  252  264
  265  267  267  267  268  270  277  273  274  279  274  274  280  283  281  300  303  279  286  278
  286  276  292  273  280  302  297  299  272  299  295  296  299  289  302  304  291  301  281  292
  283  290  290  301  296  295  298  283  289  287  287  284  287  279  291  279  263  236  227  226
  277  279  300  250  309  287  282  270  259  286  261  169  238  214  187  202  222  203  221  228
  257  158  139  169  164  247  220  166  270  284  278  217  227  262  210  204  200  210  219  224
  166  173   90  134  213  214  211  246  331  214  225  240  245  246  256  193  216  244  224  222
