  101   82   78   66  105  120  126  142  124  124  127  127  125  146  135  149  133  160  174  172
  159  192  137  115  134  106  138  164  144  117  129  150  183  201  194  202  203  194  206  198
  197  215  213  208  226  216  213  227  218  213  217  223  219  223  230  223  224  235  236  234
  232  226  240  230  235  240  239  244  242  257  251  259  238  252  254  266  237  249  245  249
  234  270  268  273  267  265  275  268  274  272  255  255  264  263  272  259  202  212  181  193
  241  226  234  221  244  241  234  217  215  235  215  120  196  188  161  189  202  173  202  209
  243  111   99  109  128  191  162  122  202  217  222  157  144  189  149  148  141  152  163  160
  120  136   33   87  157  149  160  186  243  216  200  196  178  201  209  147  150  180  181  174
  101   90   89   66  109  135  122  132  137  135  142  138  135  158  146  149  137  173  176  183
  175  204  137  116  137  115  156  181  163  140  159  150  201  219  219  219  203  213  212  206
  212  221  208  208  223  220  215  227  218  224  227  227  236  230  230  240  243  245  236  246
  240  233  239  237  245  240  246  250  243  264  251  257  247  252  255  261  248  254  247  254
  235  277  270  273  267  265  270  266  272  268  262  263  268  260  269  268  210  219  183  202
  241  231  227  220  237  228  224  217  221  231  213  122  199  197  161  188  203  185  202  213
  243  117   99  126  127  204  182  135  202  217  224  157  171  189  180  177  159  171  163  179
  120  153   33   93  166  157  168  195  252  206  194  196  178  201  216  147  150  180  168  167
  101   99   95   66  109  132  120  138  137  137  144  135  139  155  144  143  139  173  168  183
  184  199  142  119  138  118  151  178  163  138  152  150  202  220  215  218  203  215  216  214
  210  220  226  208  230  219  221  228  229  224  236  219  225  227  226  237  229  231  221  230
  227  228  227  236  233  231  228  235  228  251  243  240  229  252  234  247  232  237  231  233
  223  265  265  267  256  258  260  262  267  270  248  254  263  257  266  257  196  194  169  183
  230  226  234  205  235  232  221  217  211  226  203  110  192  183  155  179  192  171  202  204
  240  109  115  129  133  201  167  114  207  232  238  157  166  189  169  158  147  163  169  156
  120  134   38   63  152  156  167  189  273  221  196  197  182  218  226  147  189  215  192  195
   99   97  100   66  112  140  128  140  141  138  147  137  141  160  150  154  144  166  168  180
  183  194  148  117  132  104  153  172  154  142  144  156  194  216  202  204  198  207  208  207
  199  201  211  207  223  216  215  235  226  214  228  219  219  239  237  240  242  252  235  254
  253  237  254  242  250  236  253  250  238  261  248  280  259  251  254  267  258  262  250  258
  237  272  270  271  266  267  270  267  273  270  269  275  267  271  275  271  211  205  176  193
  244  236  235  216  240  232  229  222  220  233  209  119  198  193  163  186  198  187  203  214
  242  122  125  135  138  197  167  125  207  224  232  158  157  191  161  163  145  174  173  164
  126  137   39   99  159  152  161  179  253  214  215  190  184  211  205  148  146  190  168  158
  105   97   95   66  117  144  136  144  150  145  156  149  149  176  165  161  161  186  187  199
  185  211  152  131  154  124  172  180  162  155  161  165  200  217  210  219  207  211  219  217
  215  213  223  215  232  227  226  238  230  210  220  227  232  246  245  257  250  263  258  268
  259  238  257  247  256  257  276  266  261  272  267  282  279  274  280  279  263  274  264  271
  253  273  282  274  278  278  281  277  282  276  269  274  276  275  282  277  236  225  199  210
  256  243  236  229  249  229  235  220  222  249  214  131  222  198  165  188  197  189  198  216
  244  127  121  140  132  187  164  127  194  216  225  159  167  184  165  158  138  166  174  169
  125  139   39   98  153  148  158  166  233  192  200  185  177  199  197  136  139  182  163  159
   99   89   91   66  108  140  130  150  146  150  154  152  142  159  158  163  158  180  178  195
  184  210  138  112  141  105  159  175  160  148  154  153  202  217  216  224  215  219  222  209
  207  217  214  218  225  217  219  231  225  219  226  224  219  224  227  235  231  235  227  235
  240  238  240  244  238  241  243  249  233  251  242  246  237  246  258  268  249  255  239  251
  234  266  269  272  271  267  276  274  274  273  260  267  271  274  280  261  205  199  173  186
  235  225  231  207  236  234  228  225  220  231  216  114  191  182  152  181  196  180  199  210
  241   98  106  118  123  210  172  124  209  222  234  167  171  196  166  166  159  171  176  162
  127  140   27   79  158  152  166  183  237  216  223  203  179  207  206  147  151  183  171  154
   90   69   76   48   95  120  103  130  120  116  125  119  116  132  126  135  122  147  159  167
  159  185  114   90  111   82  133  155  136  116  120  131  177  189  192  202  196  201  202  187
  190  197  202  205  206  201  204  211  209  206  213  204  200  208  215  208  207  218  215  224
  219  217  222  228  222  218  226  237  227  247  244  239  229  238  237  248  228  238  226  234
  226  262  262  259  261  258  268  265  274  269  257  262  266  269  277  264  198  193  169  187
  234  210  216  202  221  213  208  205  200  211  197  105  185  189  165  189  199  176  204  212
  247  113  101  134  132  189  144  103  190  210  216  147  146  186  132  141  129  144  142  137
  108  120   33   99  135  138  138  162  243  202  179  181  167  195  194  150  158  194  171  167
  106   87   94   68  116  141  130  147  141  143  144  137  139  154  152  155  151  177  182  191
  183  207  137  120  139  115  160  178  163  150  160  165  202  217  211  213  215  215  214  201
  206  217  209  213  219  211  210  218  214  209  216  213  219  219  223  232  229  227  233  233
  232  227  235  232  230  238  243  246  238  255  249  253  246  248  249  261  241  251  241  240
  227  272  271  268  265  265  268  269  273  269  248  252  263  260  272  253  200  198  175  186
  229  223  234  203  245  240  235  221  216  233  213  127  209  193  164  182  195  172  207  210
  245  112  106  139  130  200  163  117  200  221  225  165  171  196  170  162  141  162  180  175
  127  136   38   96  167  156  160  172  230  210  194  202  183  204  195  143  139  168  162  139
  133  107  116   94  140  159  145  158  152  146  154  150  145  158  157  158  152  176  178  193
  185  206  140  111  117   99  154  165  143  128  139  142  189  207  197  202  201  208  215  205
  201  206  210  214  222  215  209  225  222  218  231  226  222  225  229  234  230  240  229  244
  247  240  251  249  243  237  240  249  231  257  239  248  253  241  251  254  255  257  239  253
  240  265  259  266  258  257  261  261  266  267  255  255  261  258  263  249  211  207  179  186
  234  230  237  214  242  238  230  223  217  231  219  112  194  176  152  169  187  168  197  203
  237   84   87  110  111  198  157  104  202  228  238  153  158  184  148  144  142  151  160  157
  112  121    2   60  157  148  157  186  258  231  211  216  203  225  208  182  177  216  195  190
  101   97  104   72  118  150  133  151  148  148  155  153  145  161  159  160  156  183  190  198
  189  211  146  119  144  117  174  182  167  151  158  154  203  216  207  210  208  212  224  214
  212  216  216  215  232  228  219  234  227  216  213  216  236  236  237  244  241  246  243  250
  241  227  245  237  238  246  257  255  249  266  258  268  261  261  266  271  255  270  254  261
  247  274  269  268  270  265  268  266  270  266  262  267  266  266  267  262  219  215  186  193
  247  230  236  223  251  240  234  222  218  235  220  123  203  189  158  181  197  178  204  211
  242  110  100  129  127  198  170  126  205  218  219  164  169  199  166  169  156  173  172  165
  131  138   42   96  161  147  146  168  243  214  197  199  186  203  190  146  147  180  168  160
  110   99  104   78  123  158  139  164  158  152  158  148  151  166  157  154  143  177  184  192
  182  200  140  118  133  109  165  175  158  133  141  144  191  208  200  200  202  204  213  208
  202  209  210  206  226  218  214  221  215  205  224  213  230  231  227  249  244  237  246  242
  235  228  237  237  232  253  260  261  252  264  252  261  248  250  250  255  239  242  237  235
  236  271  273  265  258  261  264  269  273  267  252  268  261  264  273  265  208  204  175  189
  240  233  233  215  246  241  237  228  221  234  220  129  209  189  162  176  193  175  203  211
  241  105   98  131  124  206  164  110  208  228  228  159  165  198  152  159  142  148  161  162
  113  127   25   76  153  143  144  172  238  208  205  204  182  197  183  149  155  179  177  180
  106   90   96   72  117  144  130  144  145  144  148  142  140  156  153  148  143  173  172  191
  180  199  138  110  132  103  154  176  163  143  154  153  204  213  204  207  207  209  212  206
  204  213  210  213  218  215  215  223  216  211  215  216  229  230  229  240  239  238  243  249
  235  221  238  234  231  243  254  254  246  264  256  264  259  261  268  275  246  256  253  250
  233  274  279  270  274  270  273  270  273  267  259  274  270  268  272  264  210  208  185  193
  243  231  238  211  247  242  234  222  216  233  217  126  208  190  159  181  194  174  203  213
  239  109   97  127  123  193  155  112  198  219  222  159  163  188  157  155  143  157  164  164
  120  131   43   86  158  150  151  178  243  207  192  194  178  202  197  166  160  192  169  191
  104   90   97   67  113  143  128  142  141  131  142  131  134  155  146  148  141  175  180  193
  180  207  137  118  142  107  157  180  162  144  154  161  200  213  201  207  202  204  215  207
  205  213  213  212  225  221  217  228  221  205  211  217  228  232  235  242  239  244  246  256
  240  228  251  246  247  245  258  259  257  273  262  276  268  271  280  281  261  274  267  269
  258  278  274  275  285  279  281  277  283  273  280  293  283  285  283  283  240  235  205  215
  267  243  241  231  258  232  235  221  220  240  217  140  227  204  167  188  202  184  212  224
  250  123  107  148  130  188  162  122  196  212  217  154  160  184  157  156  136  169  170  168
  134  141   45   94  160  148  151  173  235  209  200  202  181  201  182  128  136  162  158  166
   92   78   86   50  100  127  112  128  136  121  128  115  128  145  139  132  139  169  173  187
  181  195  130  113  130  105  151  170  151  137  144  148  192  205  193  199  195  197  206  202
  198  201  205  200  223  226  211  228  219  194  199  210  240  247  245  258  255  254  256  266
  243  215  249  228  235  257  269  262  259  275  259  274  271  270  271  273  257  262  252  252
  239  278  264  271  272  267  271  266  276  268  258  268  263  273  275  273  216  214  190  201
  245  228  226  214  235  218  218  213  213  222  207  125  206  198  167  188  203  183  207  215
  247  122  105  138  127  185  157  120  190  201  201  154  160  186  151  153  133  154  158  159
  121  132   40   95  148  155  148  174  239  200  201  197  177  205  185  150  151  178  158  174
  106   91   97   66  110  137  126  152  146  141  149  139  140  157  152  147  145  178  174  195
  185  207  132  121  143  106  158  171  168  145  158  158  204  215  212  216  215  220  220  205
  209  211  212  219  223  215  218  226  221  218  218  219  216  220  225  227  221  227  216  230
  222  222  227  222  221  224  234  240  222  251  241  244  236  239  243  257  233  242  235  238
  222  260  250  256  261  260  261  261  270  263  247  264  261  262  270  259  193  196  165  187
  231  210  216  196  221  218  216  212  206  217  204  105  180  176  152  176  191  172  200  212
  241  103   91  122  125  200  173  111  201  208  219  169  166  196  161  158  157  163  158  161
  122  138   26   82  149  150  152  172  228  203  195  195  174  192  181  142  157  184  164  180
   99   98  103   61  109  138  119  124  121  126  132  122  138  146  138  129  133  161  162  176
  174  185  131  121  141  101  154  166  160  138  150  152  191  201  196  189  193  197  204  193
  188  193  202  199  207  205  207  214  213  200  218  210  211  211  223  223  215  225  214  237
  223  225  233  240  230  222  228  239  221  243  220  245  244  225  246  250  236  252  234  252
  232  257  252  253  255  250  269  265  271  259  261  273  265  262  270  259  206  199  166  179
  235  219  226  207  235  223  219  204  200  217  200  108  184  171  152  174  188  157  190  197
  234  100   89  122  113  183  151  101  193  215  226  145  150  174  146  141  131  142  149  152
  111  116   27   77  140  143  144  175  237  200  186  183  179  204  200  184  186  207  182  204
   94   82   90   53  109  132  126  129  127  128  143  131  136  154  152  147  137  167  166  179
  175  187  133  119  128  102  154  166  153  127  137  139  185  194  190  187  187  193  205  199
  194  194  201  194  215  214  204  219  210  196  202  205  227  230  233  240  235  242  227  248
  224  215  231  224  236  235  253  248  240  256  239  259  252  239  249  249  233  238  232  231
  216  261  276  256  253  255  261  260  266  261  239  252  253  257  260  253  199  196  176  187
  225  215  231  199  243  231  227  212  209  227  206  121  199  185  160  178  192  171  201  206
  241  107   98  128  125  189  151  110  199  219  213  147  145  178  145  151  131  145  152  153
  110  124   28   83  139  143  140  168  222  201  199  202  176  196  180  130  132  162  162  166
   97   74   89   54  103  125  114  131  126  137  136  137  131  145  149  150  146  174  173  191
  180  207  129  115  132  112  151  180  164  133  143  150  197  211  203  214  205  207  217  205
  209  216  207  206  216  214  210  221  215  209  214  217  219  231  231  237  237  244  244  253
  239  229  246  237  238  241  254  254  249  267  258  268  258  260  270  275  251  265  249  257
  239  275  279  266  272  269  272  267  273  264  264  273  268  272  271  267  213  209  179  192
  237  226  221  214  230  215  213  204  202  216  201  124  202  189  161  184  197  181  205  210
  249  116  102  143  128  187  159  115  187  205  219  158  163  188  152  156  136  158  160  165
  122  132   40   90  145  136  132  157  200  192  195  192  165  189  159  108  122  145  158  143
   90   84   95   57  117  140  120  135  134  131  136  128  136  152  144  145  140  171  173  184
  185  198  130  109  136  108  154  171  161  141  150  151  196  205  198  201  198  201  213  207
  207  205  210  204  221  221  216  225  218  203  209  213  234  241  240  250  249  249  249  258
  239  221  245  236  237  252  261  259  250  267  259  270  261  263  268  278  252  261  249  260
  243  280  267  276  276  281  280  277  281  274  262  274  273  271  281  272  217  216  185  195
  249  234  230  222  245  225  226  225  217  232  217  122  198  183  153  173  189  169  199  208
  242  110   97  125  130  197  168  115  199  211  214  154  162  190  155  156  147  159  157  157
  119  133   31   88  139  138  136  157  212  192  192  192  169  189  175  147  138  166  154  161
   94   82   91   60  111  139  127  142  140  149  143  144  137  157  152  150  148  170  167  194
  183  201  140  113  126   94  152  166  153  127  137  139  189  204  199  201  199  206  212  203
  199  204  205  204  216  212  209  214  210  205  211  211  226  226  219  247  242  231  245  238
  222  215  228  227  222  252  256  260  253  268  258  258  245  254  254  261  232  238  237  239
  225  273  264  267  263  264  266  266  270  270  253  266  262  267  267  270  208  211  182  201
  242  216  225  206  234  225  224  215  213  225  209  123  205  192  165  183  199  176  207  211
  245  109  106  129  133  185  160  116  194  211  216  157  158  192  144  152  132  154  156  150
  119  127   35   85  136  132  135  156  216  198  200  197  170  192  170  139  150  177  171  174
  110   97  104   76  119  143  128  141  133  133  138  133  141  156  145  143  139  168  177  190
  175  197  137  110  129  102  153  173  155  140  145  145  192  208  200  205  201  209  208  213
  199  205  209  210  215  214  215  220  217  211  218  213  221  225  225  231  229  230  226  238
  223  211  224  211  216  232  236  245  236  258  245  253  244  246  253  257  230  239  237  237
  223  266  264  266  261  266  270  269  273  273  252  267  271  267  271  265  205  203  173  198
  239  211  207  197  220  216  220  209  204  221  201  119  201  189  165  185  195  176  204  211
  243  122  107  158  137  198  161  114  191  198  208  161  162  191  150  157  142  144  154  151
  106  122   41   96  133  138  140  167  222  173  180  177  165  194  180  145  155  185  161  178
  103   81   98   64  101  128  117  125  120  121  126  124  128  148  135  134  115  160  163  179
  165  185  132  112  122  100  148  165  156  132  142  141  185  199  196  199  199  200  195  203
  186  196  198  199  206  207  207  216  208  199  201  207  210  214  215  223  228  223  226  230
  217  215  229  224  221  227  237  243  234  254  240  246  236  240  244  254  225  233  233  231
  217  263  259  259  261  264  270  266  272  270  244  262  263  265  269  262  191  194  164  188
  230  208  208  194  206  212  211  207  203  216  202  102  183  178  161  184  196  170  203  205
  248  106   94  122  122  185  156  106  195  202  208  146  156  182  148  152  139  147  156  153
  122  129   28   79  144  136  138  154  207  196  194  167  178  197  161  124  129  162  159  165
  124  111  122   81  135  160  146  158  146  142  160  142  152  168  163  149  139  173  164  183
  182  197  143  127  136  109  158  169  155  139  143  150  193  204  194  200  194  200  206  210
  195  203  203  203  207  207  210  212  211  204  209  209  209  212  213  219  215  218  218  222
  216  214  220  212  216  222  232  242  234  263  250  243  230  245  245  257  227  241  240  238
  217  275  268  265  261  264  267  262  268  264  255  265  264  260  268  261  205  207  184  196
  239  211  221  199  230  226  223  211  210  224  208  121  200  187  163  179  198  178  203  211
  247  123  104  137  130  195  166  120  198  212  218  153  156  186  151  157  142  156  162  160
  126  134   36   93  146  152  154  178  229  204  206  208  182  204  192  148  146  177  159  176
  116   94  110   73  122  140  133  151  142  144  147  143  136  162  157  153  148  178  173  190
  178  201  135  118  136  105  151  165  157  142  144  149  190  206  206  208  207  209  212  220
  206  207  211  208  217  219  220  227  223  211  216  219  221  225  229  227  229  239  232  246
  236  226  241  233  234  226  241  241  238  255  259  258  252  253  259  270  249  266  254  262
  239  267  273  265  279  268  275  268  275  271  269  274  272  268  275  265  211  206  182  197
  245  221  224  211  228  223  222  210  210  224  207  117  195  186  167  183  193  175  200  215
  244  109   94  125  126  188  159  116  194  211  218  161  158  189  150  159  143  151  135  156
  120  124   25   86  143  140  143  160  216  188  194  196  177  197  176  130  141  178  167  172
   93   93  106   67  117  152  137  147  150  162  160  154  159  175  172  158  164  189  185  198
  200  217  152  139  155  126  175  188  178  159  166  170  207  219  209  217  214  218  227  229
  216  221  223  222  235  239  234  244  239  215  219  236  245  251  250  263  260  258  260  260
  253  238  258  245  254  262  267  269  254  274  257  269  265  260  269  274  260  267  257  261
  253  278  268  270  273  270  275  270  280  272  268  280  272  273  276  279  231  228  209  211
  255  256  258  235  267  248  245  225  224  244  222  143  219  194  162  180  193  177  200  217
  243  121  101  132  123  190  161  129  209  229  222  167  169  192  165  163  138  163  178  174
  133  138   43   94  159  162  160  177  236  197  207  201  187  209  195  140  153  191  173  187
  107   94  113   72  117  147  138  139  134  136  145  135  134  154  149  143  138  169  156  180
  172  193  130  122  140  107  154  166  158  145  148  152  192  204  200  202  204  206  204  210
  198  202  210  209  212  211  215  220  216  209  215  215  211  217  227  220  220  230  217  235
  228  225  233  232  227  220  228  237  224  245  238  243  236  238  247  251  235  247  234  238
  225  259  259  255  258  259  265  260  269  268  247  259  253  257  262  259  195  192  166  180
  238  219  221  198  225  219  217  206  204  215  200  111  189  180  157  179  193  171  200  211
  245  102   95  121  127  197  164  116  199  215  226  161  164  194  160  161  146  153  164  166
  122  128   30   77  142  144  146  169  221  197  200  199  186  198  187  144  152  182  163  157
   95   90   99   61  112  146  129  144  143  153  147  145  152  164  160  149  145  176  175  183
  181  199  145  129  143  111  169  181  170  145  147  156  197  217  212  213  212  212  210  215
  209  210  214  211  216  220  219  224  222  212  223  218  225  230  228  240  238  233  232  235
  231  227  233  243  231  243  242  255  240  264  252  244  242  249  251  255  234  240  233  235
  228  276  266  269  264  266  268  266  271  266  250  261  267  262  271  251  206  200  176  187
  235  237  257  208  251  256  244  225  220  234  221  123  196  179  149  171  190  169  200  203
  238  114   94  130  127  211  172  126  219  240  230  163  170  195  161  166  149  166  161  162
  131  138   48   98  148  150  155  181  245  210  200  205  189  213  211  166  172  204  184  185
  100   91  104   65  117  147  133  144  148  145  156  146  153  169  162  146  144  180  179  192
  182  205  148  135  153  116  171  171  163  142  146  157  192  204  204  204  206  210  216  218
  207  213  212  207  223  222  216  235  229  210  222  220  229  237  243  241  233  243  237  251
  243  236  250  246  240  236  244  251  249  267  261  257  255  254  258  265  249  258  238  244
  227  277  273  271  269  271  273  265  266  266  248  260  263  258  265  249  203  200  179  181
  229  230  238  214  244  240  234  214  212  228  209  116  192  176  149  169  189  165  199  199
  242  103   91  120  122  197  160  110  206  226  231  166  160  189  156  157  146  147  156  158
  116  123   26   80  146  145  151  166  233  196  200  202  186  203  197  163  170  205  180  177
  101   83   92   57  108  139  122  142  144  142  139  137  134  150  140  139  131  164  155  180
  169  194  131  110  124  100  151  157  154  129  131  140  183  200  195  196  193  196  207  207
  195  196  196  196  203  202  201  209  200  196  199  198  213  217  214  232  230  227  228  234
  218  208  223  214  216  238  244  249  241  263  249  251  242  245  254  254  229  236  230  229
  222  269  263  263  263  261  264  258  266  265  244  261  257  265  270  260  200  198  169  190
  236  210  209  200  212  213  212  208  207  215  202  109  191  183  157  174  192  177  201  210
  246   97   88  111  117  183  160  112  191  200  201  155  153  180  151  155  139  155  158  160
  116  127   18   66  145  139  140  166  223  189  193  198  183  198  183  143  150  185  158  156
  101   86   96   62  103  132  113  129  125  130  134  132  101  155  141  133  127  165  158  178
  167  195  131  108  118   96  146  161  150  128  133  137  182  199  199  202  204  206  207  210
  198  201  205  208  212  207  212  217  216  210  211  212  211  213  214  222  217  221  214  228
  221  218  230  225  224  223  224  238  225  253  238  237  230  234  234  241  229  238  226  234
  223  265  262  261  260  263  266  262  271  268  248  264  263  263  271  255  196  197  165  182
  234  216  208  204  216  207  208  199  200  213  199  107  189  183  162  184  201  174  209  207
  245  112  101  134  136  190  162  110  188  203  212  161  153  187  146  158  143  166  162  157
  121  131   29   84  145  144  151  168  237  196  193  196  179  195  190  159  163  192  173  168
   96   84  103   59  107  135  119  132  125  139  138  140  103  161  149  143  136  174  179  186
  174  197  134  120  136  110  162  178  170  144  149  158  203  214  210  211  211  210  214  216
  214  219  209  208  213  210  213  219  216  209  209  210  211  220  220  225  219  228  220  235
  225  219  233  228  224  218  229  241  236  253  252  247  244  250  251  262  236  246  241  243
  228  258  269  266  269  267  274  267  274  270  255  275  268  274  272  274  214  212  180  200
  244  220  221  206  229  215  214  206  206  224  205  119  205  195  166  184  200  186  206  216
  248  114  113  136  131  190  164  110  193  205  209  161  164  188  158  159  145  161  168  173
  114  128   31   89  154  144  149  168  233  185  179  191  181  195  187  135  153  183  167  163
   94   79   89   58  107  130  119  134  134  136  137  135  138  159  151  142  135  174  179  187
  173  204  141  121  135  109  165  180  164  137  142  149  203  209  196  201  199  196  212  217
  198  198  204  196  210  208  206  211  205  197  200  198  209  217  214  230  224  221  227  229
  216  208  220  214  211  228  232  243  231  252  249  241  234  244  240  252  222  225  226  221
  214  261  273  266  268  272  277  267  273  268  244  262  265  266  269  255  196  197  171  187
  231  214  209  196  217  212  208  201  200  210  195  108  193  189  165  186  197  181  211  211
  249  112  105  132  139  185  160  110  191  202  200  152  152  177  148  154  134  150  158  154
  116  123   32   94  144  140  143  163  236  181  178  184  179  195  183  152  158  187  163  159
  121   95  103   79  129  154  144  161  160  157  157  159  151  174  166  162  163  197  196  207
  198  219  144  128  147  122  175  189  178  154  157  159  216  226  218  222  221  219  229  231
  223  231  225  222  234  230  231  237  233  220  224  230  235  241  239  246  248  252  246  257
  244  236  251  238  242  249  255  265  246  274  264  267  262  264  268  273  257  266  260  264
  253  272  274  273  278  273  280  273  276  280  263  276  269  277  277  269  225  222  192  205
  252  236  229  224  234  227  230  220  219  234  218  129  212  189  169  184  195  180  207  216
  251  112  112  140  134  196  166  119  201  216  225  178  173  197  159  164  150  166  166  167
  131  138   33   92  158  153  153  172  236  160  202  206  194  207  186  132  148  172  170  159
  115   89   99   65  117  140  125  142  140  137  137  136  139  156  143  139  138  173  172  186
  176  203  133  117  127   91  159  172  164  140  143  145  199  208  195  202  198  196  210  209
  199  210  198  198  206  207  199  213  210  195  202  211  213  217  219  234  231  234  229  238
  228  218  234  227  227  233  238  242  237  249  247  252  240  247  248  255  231  238  232  236
  223  252  261  265  262  266  269  266  271  268  246  265  263  265  273  260  203  197  180  194
  237  217  217  201  226  216  218  207  209  222  205  117  199  178  152  169  183  169  198  208
  244  114   90  128  120  178  157  111  186  196  200  152  155  174  148  149  131  150  156  155
  117  125   23   85  147  141  143  166  232  193  185  188  183  198  187  139  152  180  162  156
  105   75   85   58  101  132  118  139  134  136  137  139  127  149  149  141  136  173  160  177
  176  190  124  107  124   95  151  161  153  134  135  137  186  192  185  187  187  190  203  205
  191  193  197  189  214  216  198  220  209  190  202  203  231  238  227  251  243  244  239  246
  229  205  235  226  228  251  246  254  240  259  245  254  249  248  250  252  237  244  234  244
  231  258  260  266  257  260  264  260  263  260  247  265  253  265  269  256  209  207  172  186
  238  227  220  207  227  216  217  207  202  217  201  110  188  183  156  175  191  173  201  203
  245  109  101  129  127  181  149  103  185  202  198  151  145  173  136  141  126  144  138  141
  112  121   23   87  138  142  140  152  225  193  189  195  177  194  173  142  162  181  170  157
  120  100  108   72  123  151  140  150  141  140  143  141  148  150  148  145  137  170  159  177
  174  191  132  113  124  100  145  164  162  142  145  145  198  212  207  211  213  214  209  211
  207  223  207  208  217  213  210  225  223  206  215  223  215  223  227  226  225  234  225  238
  229  231  237  236  234  229  236  245  231  257  253  255  245  248  255  266  237  254  240  247
  234  263  268  265  274  273  282  269  279  273  261  274  270  269  279  251  206  193  167  186
  236  215  217  207  218  217  214  205  203  216  204  102  182  175  151  172  191  166  198  205
  243   95   97  121  125  205  171  106  200  214  225  158  160  190  151  155  157  167  154  157
  123  132   17   77  141  133  146  163  235  198  189  201  179  194  180  154  177  193  186  175
   95   80  102   58  107  135  123  140  136  140  137  137  142  161  150  142  138  176  180  185
  173  199  143  127  150  120  168  177  175  156  159  163  210  222  216  220  223  228  213  215
  213  229  214  219  221  220  219  235  230  224  230  229  215  227  232  228  225  241  225  243
  241  234  245  232  238  226  232  238  229  245  238  247  243  239  242  249  238  246  236  240
  225  246  259  259  261  265  271  268  277  277  247  265  261  265  276  258  202  188  171  184
  231  217  231  201  237  231  224  212  210  222  209  108  179  176  149  171  191  174  203  206
  248  101  100  116  143  223  180  113  213  224  225  172  190  208  165  172  166  167  172  170
  125  135   26   80  155  145  160  180  249  201  203  206  206  207  193  125  156  183  177  164
  119   99  109   78  124  149  138  158  149  149  147  151  147  160  157  157  151  187  175  194
  190  208  138  126  141  118  161  175  181  151  154  156  212  220  213  219  215  218  219  221
  214  227  215  212  216  214  212  218  214  210  211  211  214  221  220  232  229  230  224  232
  229  221  230  228  227  231  232  242  228  249  244  241  234  240  241  251  228  239  233  240
  222  252  257  265  263  264  275  273  282  278  253  261  266  271  277  260  200  186  164  185
  232  217  218  200  221  215  214  209  206  215  204  106  181  177  161  181  196  170  205  204
  249  107  109  120  127  201  165  107  197  215  218  164  170  199  160  162  144  163  167  165
  124  131   35   89  154  154  153  182  254  201  196  205  190  210  205  172  170  204  175  181
   99   83   95   56  110  135  126  138  135  139  138  138  132  140  144  142  137  173  166  180
  175  200  133  118  131  102  155  163  155  145  147  144  193  208  202  211  208  210  213  219
  209  220  213  208  219  217  214  225  219  210  209  208  222  227  223  239  230  233  231  238
  229  215  233  222  228  240  240  255  241  260  260  254  246  256  256  267  236  248  243  247
  227  264  272  272  279  278  283  274  279  280  260  268  274  275  289  255  215  204  189  204
  242  223  232  222  244  229  230  220  220  234  218  155  207  195  163  182  200  188  208  217
  251  117  109  137  143  200  173  124  200  209  200  163  164  196  162  172  154  174  171  162
  134  138   43  103  153  147  148  172  235  185  180  194  183  202  174  147  158  181  169  158
  103   80   91   61  104  132  123  118  140  146  139  145  136  160  156  149  145  168  171  191
  180  207  138  126  145  110  162  167  167  156  157  163  202  214  208  219  216  217  214  221
  214  227  218  215  223  221  226  232  231  219  233  231  225  230  234  238  230  238  231  243
  248  244  248  256  250  238  239  247  237  256  250  252  248  248  251  256  248  254  241  254
  247  259  263  268  272  273  282  276  279  275  265  276  278  285  281  272  225  219  189  204
  247  245  247  228  249  236  234  224  223  235  219  114  192  178  147  171  194  181  206  213
  249   98   98  116  124  212  177  122  208  235  227  171  175  205  169  170  158  177  181  174
  136  140   28   82  160  149  158  178  248  207  199  208  195  211  180  148  174  199  186  176
   97   83   98   58  107  139  125  145  138  145  144  145  140  165  157  151  150  175  183  191
  187  210  141  130  146  116  166  174  168  158  155  155  204  217  215  221  218  219  215  220
  207  209  216  218  220  217  220  225  223  217  216  214  218  230  229  240  237  236  232  241
  239  227  240  234  235  242  243  259  243  264  252  255  250  248  254  258  238  247  230  250
  231  268  266  273  257  272  273  278  285  280  263  273  275  282  286  260  209  207  180  194
  239  225  226  208  233  231  232  216  218  231  214  116  189  179  161  180  199  177  207  215
  255  104  106  118  128  206  175  118  208  219  218  171  165  206  168  172  159  176  176  169
  134  137   30   87  151  144  145  170  241  208  197  206  186  200  172  153  160  201  180  185
   80   70   70   54  102  128  117  137  127  134  133  134  120  153  145  143  133  163  180  188
  175  203  136  132  140  114  160  167  169  144  140  148  205  209  210  210  209  205  200  217
  198  216  205  203  217  214  211  218  217  200  208  210  220  227  222  241  238  235  238  242
  228  212  233  230  233  246  247  256  246  263  263  250  253  256  264  267  237  251  260  255
  235  264  276  277  270  283  280  275  280  277  250  260  275  280  279  272  219  223  192  208
  248  227  225  214  246  223  229  216  215  230  212  127  217  192  159  179  197  185  203  219
  251  121  111  142  138  186  161  121  189  204  198  157  176  187  148  160  137  158  164  156
  126  129   38   95  142  147  139  158  211  175  182  195  207  188  149  100  116  145  149  120
  129   98  116   85  127  155  141  155  147  145  149  147  140  167  158  152  145  173  179  197
  188  217  140  138  150  117  161  171  180  157  158  166  213  208  217  218  220  220  218  228
  209  227  222  217  233  228  221  233  228  216  220  221  226  230  232  239  237  239  233  243
  236  230  241  231  237  241  243  251  238  267  253  258  251  250  254  256  243  253  239  250
  233  271  263  265  257  265  272  270  280  273  252  263  271  276  280  255  208  202  171  190
  236  218  222  205  233  226  230  221  217  229  214  117  191  179  152  173  197  180  205  212
  249   99   98  114  123  206  174  115  204  215  214  163  162  200  156  162  152  161  167  158
  124  127   25   79  140  136  141  168  227  198  196  206  185  201  170  132  142  172  173  155
  126  105  117   78  133  156  149  154  152  152  154  153  137  166  158  156  149  174  176  193
  182  207  136  125  133  104  155  166  166  139  139  150  211  205  221  216  225  220  209  223
  199  225  219  210  229  225  221  232  226  212  216  213  227  235  235  241  239  239  228  229
  230  225  231  223  226  239  234  243  225  250  243  243  239  236  241  249  231  238  233  237
  219  253  261  264  256  264  272  268  273  271  244  254  266  266  271  253  198  195  167  187
  231  212  212  198  221  211  207  229  204  214  200  117  197  190  171  192  212  186  210  213
  255  138  129  158  138  199  168  118  196  209  207  162  163  195  149  156  148  169  164  159
  128  131   56  111  145  138  134  162  211  178  176  189  168  183  162  116  138  164  148  145
  110  110  102   70  117  143  131  139  138  136  139  140  150  161  152  147  136  169  172  185
  173  198  144  124  138  103  154  156  149  140  145  153  190  190  197  199  201  202  201  213
  195  214  211  206  222  223  218  233  227  201  217  217  225  240  241  250  249  254  242  258
  249  235  250  239  247  250  254  260  245  268  260  264  259  253  258  261  253  261  242  261
  239  263  269  273  264  271  280  274  277  272  259  262  270  274  274  264  211  207  181  196
  241  226  235  216  249  238  236  227  227  241  219  122  194  181  154  173  196  181  203  211
  249  114  105  132  140  215  179  129  213  226  219  162  165  196  157  174  158  167  168  161
  123  138   47   98  145  147  146  178  243  185  183  185  180  201  189  155  174  194  182  188
  102   84  102   63  116  143  125  144  137  137  141  140  120  160  152  153  153  173  181  189
  187  207  135  130  150  122  159  171  176  154  153  158  207  207  214  214  214  214  213  223
  205  225  214  200  225  226  219  234  228  209  220  220  229  240  239  252  248  252  243  254
  248  235  249  237  244  252  254  256  247  264  256  269  261  261  250  266  252  258  241  258
  236  268  274  281  264  276  275  267  278  270  264  265  266  274  269  261  220  218  184  198
  247  229  232  215  241  227  234  218  215  230  211  118  199  181  154  174  203  186  207  214
  252  106  110  123  130  201  178  121  200  214  214  163  173  197  169  174  152  179  179  169
  120  138   27   81  152  149  153  172  237  193  191  205  187  198  178  138  164  185  177  174
   94   78   94   51  103  136  121  133  131  130  143  133  138  154  147  135  131  166  171  180
  172  198  128  114  130  102  146  161  158  134  137  145  186  191  200  200  202  204  202  212
  189  209  203  193  214  211  206  219  213  198  204  205  215  223  225  234  228  229  218  229
  225  222  223  230  225  231  228  236  220  243  232  233  229  227  229  234  216  219  225  221
  207  246  248  261  238  253  259  257  260  261  229  237  248  253  250  243  193  191  161  173
  221  219  227  198  238  231  220  217  216  225  208  109  179  161  142  163  191  167  192  192
  240   96   95  113  123  202  173  110  204  223  210  156  155  189  145  164  152  163  157  152
  105  126   24   86  136  135  140  169  227  194  199  208  180  200  176  163  185  198  188  193
  123  106  122   84  130  160  147  158  152  153  163  158  161  180  174  164  170  194  200  207
  202  219  159  158  186  148  187  200  202  176  188  187  222  230  244  224  246  249  229  235
  226  255  232  239  242  238  239  245  244  237  236  233  233  240  245  244  235  251  232  250
  254  243  248  244  247  238  238  249  234  261  249  252  252  250  258  263  248  258  250  258
  236  261  270  271  266  271  280  277  280  279  265  270  273  283  275  264  207  214  179  197
  243  225  239  210  246  236  240  230  227  239  226  123  194  184  160  177  205  194  209  218
  249  112  113  132  140  225  189  136  219  230  231  185  190  218  183  187  175  187  189  186
  128  149   47  100  169  156  168  185  238  200  203  215  193  211  188  139  164  190  183  176
  102   90  102   65  116  147  133  146  149  153  153  155  154  170  161  158  161  187  192  197
  196  216  141  140  148  119  162  178  178  164  167  171  208  218  222  233  231  231  226  230
  218  234  225  226  239  238  239  246  246  229  245  240  244  248  250  258  257  261  248  262
  265  256  258  255  257  257  262  264  251  270  262  271  265  258  265  266  260  265  247  258
  240  272  271  276  263  274  280  274  283  277  258  258  268  261  274  268  220  219  195  200
  245  243  254  220  259  249  246  231  229  243  225  138  209  186  161  179  204  192  209  215
  248  113  116  131  130  223  189  139  220  247  238  179  190  212  176  187  167  193  189  182
  127  147   42  100  175  167  160  184  245  192  215  226  200  216  185  137  164  180  177  169
  134  113  133   93  143  172  158  160  160  154  170  154  175  185  180  156  155  194  194  204
  196  219  157  153  155  124  168  172  180  168  172  178  219  221  219  227  222  217  222  226
  211  221  220  214  232  229  226  231  221  214  218  217  231  235  236  243  243  246  235  244
  244  229  236  228  238  244  246  256  237  266  254  254  250  239  248  254  238  242  230  244
  223  263  267  275  256  271  280  272  274  272  251  260  271  264  272  265  205  204  214  222
  279  214  222  201  232  226  229  216  215  229  209  116  194  182  158  176  197  188  203  211
  244  107  105  119  129  201  171  116  203  211  207  158  175  207  170  176  156  165  172  171
  112  129   30   86  157  153  150  176  245  190  198  204  188  203  184  156  178  194  179  178
   99   95  123   65  117  153  137  133  143  147  158  149  166  174  170  149  186  184  192  195
  192  213  155  160  164  129  168  165  183  161  162  187  212  213  219  218  222  216  242  221
  203  200  215  211  229  225  228  234  237  217  227  233  228  240  241  247  241  250  237  252
  261  245  254  248  254  246  238  255  232  263  255  260  258  252  254  255  259  264  250  258
  244  260  273  279  262  276  286  279  280  279  265  269  269  261  275  263  225  206  191  199
  248  245  234  220  245  221  221  208  208  222  205  130  204  190  164  188  204  194  214  227
  254  129  128  136  143  200  164  128  190  214  217  155  172  194  152  166  140  169  166  164
  124  139   50  107  152  153  151  183  253  194  200  208  194  206  186  137  159  178  149  162
  123  104  144   74  135  167  148  144  150  150  166  150  168  178  178  147  148  190  193  200
  191  220  158  133  143  123  162  165  170  154  153  154  205  208  209  217  214  199  220  225
  209  217  214  209  229  219  227  234  222  212  218  219  231  237  241  249  241  248  235  244
  244  231  237  235  233  248  239  249  233  257  246  252  244  239  238  244  239  237  227  235
  222  258  260  269  249  265  269  263  266  268  245  252  258  251  259  255  206  188  184  188
  231  224  236  204  252  240  232  232  233  246  222  119  197  176  148  167  200  180  209  211
  250  116  103  130  132  210  177  124  209  226  211  160  164  196  157  168  157  169  157  157
  122  134   45  108  148  140  134  160  237  186  183  187  174  187  173  147  172  186  178  175
  106   90  106   63  118  149  140  150  156  158  160  163  175  177  170  161  154  186  189  196
  186  208  160  140  159  125  163  170  180  167  171  175  206  209  213  216  215  204  209  216
  207  215  216  211  229  226  227  236  228  214  217  222  241  248  245  262  261  255  251  257
  252  235  246  240  243  266  261  270  259  277  264  277  267  265  266  262  250  259  245  260
  239  275  270  279  263  273  283  276  278  276  259  260  271  261  275  264  216  206  188  198
  244  232  227  217  244  231  237  220  225  233  217  129  202  185  164  184  205  189  213  214
  249  113  120  129  141  211  176  124  209  221  219  169  175  204  173  178  157  178  178  184
  125  140   47  100  173  164  155  181  248  189  209  207  193  201  191  147  172  191  179  172
  132  103  118   80  138  162  148  157  164  158  166  159  162  174  173  163  159  188  185  201
  190  212  159  136  154  121  167  160  166  157  157  161  213  212  215  223  219  210  218  225
  210  219  217  218  231  222  228  234  222  216  212  216  227  233  232  243  233  243  230  244
  248  231  246  237  247  246  233  250  234  261  250  253  252  248  249  255  246  254  241  253
  234  259  268  276  267  274  286  268  265  277  264  266  274  261  273  272  211  198  183  198
  239  225  224  213  234  227  224  218  217  231  213  118  198  188  154  174  193  188  199  218
  245  117  117  132  143  204  178  116  208  214  208  160  175  203  173  168  154  167  169  177
  111  131   37  102  159  158  150  193  248  189  209  207  191  201  176  132  172  191  178  172
  137  106  127   88  142  167  145  156  156  152  163  155  168  179  172  165  164  191  191  204
  194  214  170  145  159  127  173  168  178  169  175  161  221  217  218  224  223  212  213  215
  203  213  210  213  224  228  228  240  227  213  217  218  237  248  243  264  272  261  266  265
  253  234  247  246  249  270  275  274  262  276  269  284  271  272  269  269  252  258  247  259
  246  273  280  284  271  285  290  273  271  283  266  269  276  265  279  268  226  212  195  204
  255  238  248  223  263  247  240  239  233  251  231  136  217  193  169  186  207  193  213  224
  252  124  122  141  146  221  184  133  217  227  218  168  183  213  174  188  169  185  182  185
  128  143   48  109  167  168  161  186  257  198  220  225  201  215  192  151  183  207  186  190
  114  102  124   72  127  159  142  147  148  154  162  159  161  171  171  155  149  176  179  200
  191  210  160  140  154  116  172  169  179  163  158  156  218  213  219  213  220  207  213  218
  204  214  208  213  220  211  216  217  210  212  208  203  213  225  222  239  233  235  229  239
  240  225  241  234  242  243  234  247  228  259  241  247  243  237  244  245  244  248  234  246
  238  260  263  272  251  257  275  260  257  274  254  254  260  258  265  261  223  205  188  195
  244  230  231  220  248  233  225  216  210  229  207  127  213  191  165  181  198  184  211  216
  250  124  117  137  146  200  162  118  198  211  201  151  174  194  158  159  143  167  164  165
  117  129   49  110  158  160  151  181  241  188  206  218  184  202  182  143  165  179  168  176
  125  118  142   87  138  165  148  149  152  156  167  158  173  183  178  159  158  185  195  209
  201  220  171  158  172  135  182  179  191  174  170  165  224  221  222  222  222  212  224  223
  215  218  222  220  233  225  228  233  222  221  217  222  230  241  240  252  246  244  237  246
  249  230  239  232  236  252  242  258  239  266  246  252  247  248  244  253  236  238  231  238
  220  270  272  278  263  269  287  268  267  268  249  250  270  254  270  249  197  184  174  187
  228  217  235  204  241  232  223  221  215  232  215  120  196  176  151  173  196  176  204  213
  249  116  110  132  145  194  162  118  202  214  209  153  176  193  165  161  150  164  162  168
  116  129   49  107  152  156  154  182  249  186  203  208  189  203  190  158  180  203  179  186
  102   92  109   64  119  159  137  142  153  151  164  154  165  176  165  156  158  178  192  202
  192  213  162  137  153  125  176  165  173  159  156  155  210  215  214  219  217  209  217  217
  211  216  216  216  231  228  221  231  220  216  214  218  236  244  245  257  258  258  258  259
  251  229  246  238  248  258  263  270  256  279  272  277  270  273  270  274  256  263  254  254
  242  278  283  290  276  275  292  278  276  274  266  264  279  267  277  269  225  209  198  211
  251  239  238  224  256  240  236  226  222  247  224  136  221  198  164  187  207  191  215  228
  253  125  121  139  144  207  171  124  207  215  206  159  178  202  163  169  152  167  163  170
  125  135   46  108  165  166  155  183  247  185  208  218  191  203  186  137  162  184  176  170
  113   94  101   70  121  148  134  138  146  142  156  146  149  173  162  149  153  170  193  193
  188  205  155  135  150  125  179  176  179  163  162  158  211  209  213  208  209  198  214  220
  212  211  213  205  219  220  218  220  214  210  218  212  230  234  240  250  255  248  259  256
  249  230  250  237  251  257  261  270  263  281  275  277  269  275  273  282  264  272  266  267
  251  287  287  291  280  286  300  278  278  279  277  276  288  279  281  276  231  215  206  213
  264  237  247  226  269  253  247  230  227  251  226  145  225  199  173  193  209  201  215  231
  255  130  124  147  150  205  173  130  215  221  209  160  174  199  162  174  154  170  178  174
  131  137   61  113  169  158  148  175  247  182  203  214  198  203  185  134  156  179  163  168
  113  100  122   72  134  165  147  146  143  155  165  153  169  181  168  158  159  176  175  194
  194  200  168  146  149  124  165  159  175  165  166  159  213  208  211  215  211  206  212  225
  216  213  225  213  227  230  231  229  226  217  226  220  241  242  239  262  258  246  257  253
  241  235  245  244  247  259  258  265  256  277  273  274  264  271  266  273  253  259  253  252
  237  271  277  280  265  271  288  272  274  275  264  261  279  268  280  272  218  202  193  204
  245  230  243  218  251  244  236  230  224  244  226  132  210  199  165  189  204  199  216  233
  258  121  116  136  145  223  190  135  223  233  226  168  180  211  172  189  167  184  180  173
  135  148   54  107  157  159  143  169  242  185  188  202  187  190  185  141  169  196  175  180
  105   79   95   54  116  137  128  127  131  145  150  153  142  160  155  154  142  166  170  186
  181  194  146  120  128  104  152  162  167  153  149  141  202  199  197  198  192  187  197  212
  202  195  208  192  212  214  209  216  206  191  198  199  223  232  230  243  245  235  242  237
  224  214  234  222  233  244  245  257  247  267  259  260  252  256  251  262  245  249  240  242
  236  268  280  278  257  269  289  270  274  275  255  258  277  263  275  275  222  202  189  202
  250  221  221  210  244  225  222  211  208  233  206  124  213  200  173  198  215  191  215  222
  256  129  131  151  158  190  158  117  195  201  195  145  162  185  148  158  140  161  160  156
  119  132   46  102  146  153  142  174  251  189  210  221  198  198  183  151  177  193  176  180
  116  102  119   79  129  149  146  153  151  159  164  162  157  175  170  160  157  177  172  194
  183  205  154  129  136  109  157  168  157  143  141  146  211  207  208  207  207  209  206  218
  209  209  213  212  211  212  216  222  216  219  226  221  216  223  227  237  234  232  227  239
  229  237  237  233  233  233  235  245  229  258  252  240  245  242  243  253  245  245  237  237
  223  265  267  279  246  265  273  268  270  276  248  249  272  258  274  254  205  182  171  183
  230  216  223  193  232  225  218  214  209  223  207  118  191  188  162  175  203  183  209  217
  247  109  106  126  152  200  165  121  208  213  209  148  167  194  145  156  146  167  167  163
  119  133   38   86  156  155  144  169  242  192  210  223  197  190  175  155  175  195  182  181
  108   91  103   72  123  151  134  146  143  145  158  151  153  171  165  151  152  176  183  197
  189  213  155  135  153  124  159  165  169  151  161  163  207  212  214  217  220  218  218  223
  223  227  218  217  218  218  226  224  221  235  229  219  233  236  236  257  249  236  244  251
  229  229  234  223  223  255  253  265  250  268  264  259  257  258  255  262  229  251  241  243
  225  268  268  281  254  268  277  267  270  270  256  254  274  254  272  258  210  195  185  195
  233  212  229  197  234  226  220  210  208  227  206  120  198  182  162  177  206  182  209  221
  250  107  116  121  136  214  176  121  216  230  227  176  177  213  164  156  158  171  180  175
  114  133   31   83  171  165  153  175  243  187  208  222  192  194  178  143  168  190  189  175
  115   93  111   72  121  150  138  148  141  143  154  141  151  167  157  153  148  168  177  190
  184  208  153  134  153  120  155  171  166  148  157  158  210  211  209  206  213  204  211  216
  210  211  209  207  215  215  215  218  216  212  209  214  226  232  231  248  246  235  251  254
  237  225  240  220  228  248  259  264  252  286  274  267  269  272  277  283  238  267  267  260
  240  286  283  293  275  283  287  280  279  279  273  273  290  271  285  272  228  214  201  215
  256  237  234  210  247  232  228  227  216  236  214  135  222  202  173  192  213  198  216  232
  262  125  124  135  141  196  176  128  209  221  213  162  173  201  167  160  152  171  180  182
  125  140   42   92  172  166  158  179  237  182  205  216  195  193  180  132  160  180  170  169
  106   94  117   73  127  152  129  151  147  154  162  152  160  178  169  159  160  187  199  199
  191  218  166  139  151  123  168  171  164  151  162  156  210  212  210  205  206  209  219  224
  215  219  220  213  220  216  224  220  223  223  223  229  227  236  239  247  240  236  236  233
  238  245  249  228  239  238  235  246  231  253  253  243  250  243  250  255  241  257  252  246
  235  259  266  279  262  275  284  273  280  284  260  259  278  263  279  260  209  197  182  202
  242  222  234  198  240  231  224  220  211  226  210  122  205  201  177  192  214  193  216  233
  264  132  127  145  161  200  180  130  211  221  229  169  174  217  166  165  160  172  174  173
  123  140   51  108  158  149  141  168  220  163  192  205  191  184  171  113  134  165  158  145
  129  112  129   94  144  162  147  153  157  155  170  158  164  177  169  163  163  186  190  200
  195  209  159  135  149  122  160  174  173  149  161  162  222  225  229  217  221  231  218  231
  230  233  229  227  234  225  241  233  236  244  242  244  238  241  244  253  246  241  243  241
  251  248  255  247  244  246  249  257  242  266  258  252  257  253  253  261  248  262  237  249
  245  268  267  284  261  274  280  278  279  279  270  266  279  271  283  268  220  205  181  199
  249  236  239  207  239  225  221  227  215  227  210  119  194  191  167  189  216  183  214  218
  260  112  121  123  137  207  187  126  223  236  241  184  184  228  171  168  169  181  189  181
  120  142   31   91  181  183  177  204  302  197  209  215  215  209  210  164  194  219  208  209
  112   94  105   74  123  146  129  145  147  152  150  145  158  175  164  161  157  179  187  207
  189  222  153  154  174  134  169  184  181  167  174  181  230  234  236  218  231  230  222  232
  232  241  224  225  225  222  231  224  225  235  218  221  230  231  232  250  249  235  251  238
  235  220  247  222  232  251  268  275  263  289  283  270  268  271  279  285  254  275  255  269
  243  283  284  296  280  288  297  283  285  286  286  279  289  282  289  276  231  217  202  217
  262  230  228  209  244  223  231  228  223  240  221  135  222  206  181  199  221  197  221  227
  262  137  131  149  162  199  183  134  211  218  217  179  189  216  181  174  166  182  198  193
  124  142   48  102  186  171  166  192  276  188  207  222  205  196  190  128  159  188  185  171
