   10   17    8  -20   30   52   39   43   60   60   62   56   59   74   64   65   63   91  104   89
   74   91   67   40   63   38   67   97   70   41   53   88  124  131  137  143  145  140  105  101
  119  137  129  142  130  124  131  150  147  141  149  142  132  132  153  121  132  145  162  143
  144  155  164  167  142  148  148  144  165  159  198  178  146  184  183  167  139  142  180  144
  139  190  217  185  184  216  210  224  227  246  163  190  199  217  230  229  123  145  108  163
  189  144  154  131  157  157  159  173  149  166  145   82  194  174  113  153  165  178  189  214
  239   52   38   65   83  116   99   51  134  160  159  105   91  138   84   90   73   92  116   81
   76   75  -29   40   79   62   71  102  189  131  135  161  139  153  115   66   83  111  117  102
   10   18   16  -20   34   57   39   43   58   58   65   66   63   80   73   65   76   98  104   98
   84  102   67   40   63   38   87  119   97   71   86   88  142  146  152  154  145  150  119  113
  140  155  139  142  144  143  152  158  147  163  149  176  139  156  153  148  161  176  162  177
  177  155  164  188  190  148  179  162  183  178  198  178  180  184  191  194  186  190  190  196
  186  193  217  203  201  216  222  224  240  257  198  213  215  230  230  249  164  189  156  184
  189  187  202  183  208  207  215  173  197  211  194  103  205  174  140  172  179  173  189  216
  239   68   38   79   90  156  145   98  173  160  159  105  114  138  120  126  116  135  116  134
   76  124  -29   43  115  100  114  145  186  172  169  161  139  153  137   66   83  111  114   84
   10   17   13  -20   34   56   44   43   57   54   63   53   61   77   68   59   59   93   93   93
   78  101   62   16   29   18   70  107   80   51   64   88  137  141  150  149  145  150  114  109
  126  146  137  142  139  138  142  156  155  154  163  157  137  152  151  137  144  158  147  154
  158  157  158  166  160  134  152  143  153  159  169  160  156  184  158  168  159  159  158  163
  150  163  192  179  178  188  193  198  208  230  171  178  186  194  205  212  128  139  118  145
  165  158  168  137  173  172  173  173  159  182  158   65  199  200  145  185  187  182  197  210
  239   64   38   86   89  130  119   66  151  160  166  105   90  138   82   94   84  103   96   84
   76   83  -32   20   80   83   85  115  192  124  130  152  139  146  136   66   83  119  107   91
   11    2   -1  -20   19   47   43   48   59   60   65   64   58   78   68   68   71   83   96   89
   92   98   67   38   60   44   80  109   91   81   86   90  130  133  144  142  146  149  114  104
  122  139  127  144  130  133  139  151  148  154  157  151  127  146  151  133  147  158  158  162
  159  154  161  171  162  139  160  156  172  169  192  172  169  183  179  190  165  168  175  165
  159  181  215  204  191  214  217  222  232  257  182  205  205  226  231  251  150  159  138  182
  190  167  177  144  182  177  195  174  177  196  173   86  205  192  141  174  179  178  192  219
  243   78   61   93  101  151  136   84  158  168  165  117  126  153  113  125  108  133  127  116
   80  100  -21   52  104  100   98  131  199  165  174  179  153  167  136   55   87  112  127   89
   -8  -20  -18  -20    2   31   19   24   35   36   40   38   37   61   48   56   56   77   97   87
   85   94   54   17   52   35   70  115   98   79   82   85  134  127  150  140  145  149  110  111
  127  137  135  138  141  137  144  155  143  142  137  143  131  153  153  142  152  154  155  160
  153  145  152  156  151  150  164  160  170  184  196  177  169  179  177  189  156  164  171  166
  146  186  222  203  202  220  217  220  228  245  180  197  211  210  218  231  134  144  119  151
  179  153  171  131  180  168  172  160  161  184  158   66  193  177  127  160  164  167  183  196
  227   62   48   80   77  145  112   56  139  144  148  107  120  133  102  118   92  111  117  103
   55   76  -43   27   88   92   89  117  178  128  125  138  125  146  124   35   55   82   83   61
   -8  -17  -10  -20    8   36   22   27   35   44   44   45   42   66   58   58   54   85   91   87
   79   93   48   23   55   27   68  104   89   81   89   94  129  125  150  152  152  152  107  110
  126  149  138  150  145  136  146  156  156  153  156  163  132  150  159  139  158  167  167  170
  174  166  172  178  172  150  176  163  183  187  198  188  183  190  192  205  176  189  190  190
  179  195  225  211  218  230  235  240  249  259  194  208  221  223  240  242  175  176  155  174
  194  178  194  161  209  198  201  186  188  211  183   87  203  186  148  173  175  181  189  215
  240   71   67   93   96  153  132   80  166  169  173  110  122  140  108  122  107  132  124  111
   81  103  -23   54  112  112  113  141  213  167  164  172  155  171  154   81   99  134  130  103
   19    7    8   -9   29   45   34   35   46   60   61   66   61   80   65   74   72   89  112   89
   82   84   73   48   73   43   91  113   95   72   78   86  130  129  146  146  148  147  115  103
  123  139  122  141  122  119  127  135  142  146  160  152  121  139  149  133  150  163  167  164
  163  163  167  170  165  146  175  161  180  184  206  184  172  191  187  202  170  179  185  177
  161  187  224  206  213  226  224  228  230  249  187  207  222  220  229  247  150  161  142  179
  190  166  183  148  190  186  184  171  174  194  169   83  199  175  130  171  171  170  185  206
  234   55   25   72   80  154  125   66  156  175  171  106  115  140   99  110   94  119  121  103
   74   94  -39   36  100   94   87  118  177  137  145  151  127  140  123   50   55   90   96   65
   -7  -14  -13  -45    9   35   24   27   38   43   47   51   46   70   59   56   71   93  105   91
   81   86   64   48   76   46   85  113   96   89   94   96  135  131  145  142  146  146  110  109
  121  140  126  136  129  134  136  151  151  143  156  157  134  154  163  146  167  171  179  180
  174  165  184  177  181  165  188  177  196  198  214  200  192  206  206  214  189  200  202  201
  191  208  230  221  216  228  229  236  243  258  207  225  230  239  242  265  184  192  161  200
  213  177  188  168  207  195  203  190  188  206  189  103  221  190  150  179  168  177  194  226
  244   75   51   96   91  154  146   84  160  168  165  118  124  152  112  130  112  132  137  115
   93  108  -17   48  118  108  108  131  194  168  165  184  163  170  138   47   75  106  118   89
   25   19   19   -9   38   64   46   43   51   60   70   68   66   77   73   73   70   88  110   93
   84   88   71   49   69   40   91  113   93   78   86   93  134  139  151  139  153  155  115  110
  126  142  134  145  139  136  139  150  149  159  165  161  134  145  155  138  152  161  163  168
  169  169  175  178  178  153  177  168  181  190  200  187  181  195  195  207  181  189  193  188
  176  201  221  210  212  222  225  234  244  252  200  214  222  228  242  242  161  175  144  176
  198  171  188  159  201  199  205  192  184  202  186   90  193  177  143  170  171  170  194  215
  241   64   44   85   89  152  140   76  160  172  181  111  118  143  102  116  105  129  125  110
   86  102  -25   40  113  109  108  140  216  174  162  182  160  180  154   80   94  134  130  109
   -9   -8   -1  -43   13   45   26   25   36   38   51   44   52   72   55   57   65   84  107   88
   78   83   60   36   61   35   85  117   95   73   78   82  138  137  158  142  154  151  114  111
  130  146  132  144  138  132  140  147  141  146  145  146  132  143  151  137  146  154  154  154
  152  147  151  157  150  145  157  154  163  172  182  164  158  170  168  182  152  160  162  158
  152  184  203  194  190  200  203  210  218  241  172  193  197  206  214  234  138  155  124  161
  185  153  158  134  172  169  173  161  158  173  156   60  189  177  142  179  176  166  210  200
  242   76   36  100  101  133  116   59  140  154  152   99  108  131   86   98   90  101  100   94
   54   67  -35   48   93   86   83  109  174  131  125  131  114  131  120   50   56   95  103   73
    5   18   19  -12   35   67   48   45   56   61   70   66   67   95   74   78   82  107  128  109
   91   97   85   58   86   59  109  136  115   95  102  109  150  150  163  158  167  168  129  117
  140  163  146  164  149  148  161  171  169  174  169  174  146  159  172  148  161  172  170  177
  177  174  179  181  175  155  176  163  178  184  192  185  182  190  193  203  181  187  190  183
  169  194  216  202  205  215  220  225  236  252  192  213  211  228  237  244  153  165  140  171
  192  173  187  155  190  190  188  176  168  185  172   79  192  173  137  160  161  162  190  210
  242   66   41   91   85  160  133   69  158  173  176  123  133  159  117  132  112  126  127  116
   80   96  -21   41  116  112  109  135  218  170  156  159  140  161  158  121  124  151  138  147
   18   12   14  -18   33   66   47   52   53   59   63   58   63   72   62   71   66   84   95   84
   78   81   59   28   42   21   73  101   82   59   63   62  133  126  142  127  139  139  105  103
  117  131  125  133  127  124  138  143  142  147  141  141  120  134  141  125  138  147  149  152
  145  144  153  155  151  137  159  151  163  172  189  169  160  173  173  187  154  164  170  165
  151  183  205  190  190  202  207  215  218  237  175  195  204  211  221  231  142  150  129  157
  180  151  168  135  176  174  182  172  164  180  163   77  202  180  135  160  167  166  195  208
  244   70   42   86   81  134  114   63  139  156  154   97  104  129   80  100   86  103   93   80
   66   74  -18   43   81   76   71  106  169  146  148  157  127  138  116   93   93  114  121  107
    7    2   10  -19   30   61   43   48   75   63   69   73   64   85   77   76   73  100  106   96
   85   84   71   38   61   36   90  108   89   69   73   75  128  128  130  121  127  128   96  102
  108  124  120  124  121  126  129  138  132  125  125  130  130  143  144  145  159  154  170  167
  151  136  160  151  156  158  181  169  190  198  205  190  179  189  193  202  171  179  183  180
  168  207  222  217  203  226  228  229  232  244  183  207  218  219  236  247  161  174  156  190
  190  164  174  149  198  181  193  174  172  194  175   93  213  177  135  155  155  163  183  212
  240   75   35   87   69  120  110   73  136  144  133   83  100  117   86   97   75  108  101   91
   78   87  -22   41   82   78   73  105  158  140  157  162  124  129  101   37   57   83  108   76
    4    8   13  -15   29   50   37   37   64   57   62   63   61   79   71   58   87   97   99   93
  101   81   70   60   86   47   78  101   97  100  104  107  118  116  124  117  127  129   97  113
  113  122  131  129  126  148  142  166  156  133  139  144  156  171  172  164  181  182  189  192
  179  155  186  169  175  180  198  181  207  212  230  208  197  207  207  219  196  201  208  201
  187  221  244  232  227  244  243  247  252  265  204  226  236  238  254  263  177  186  166  191
  208  187  202  167  217  202  213  190  189  214  191  103  209  180  135  157  159  170  191  216
  237   74   40   97   76  144  134   95  155  158  150  112  117  149  125  137  100  144  145  134
  101  111  -15   49  124  124  116  148  201  154  147  169  161  172  147   72   78  107  117  105
    2   -3    3  -31   17   38   26   37   41   38   42   38   43   61   47   47   46   79   88   82
   70   77   54   26   56   20   68   98   84   84   85   82  116  112  121  113  122  124   99  101
  107  116  115  126  120  120  127  134  134  125  132  134  118  127  135  122  132  140  150  145
  146  142  153  158  150  128  152  149  165  166  189  160  152  170  168  182  156  164  176  164
  152  179  212  195  199  211  215  223  237  252  178  203  209  221  237  240  146  163  145  174
  186  163  182  142  191  188  192  176  174  194  171   83  196  172  136  158  156  164  187  215
  243   65   39   86   81  126  115   77  146  158  146   90  101  126  105  113   92  130  128  109
   88   98  -32   36  112  103   93  129  206  168  162  172  150  166  146   90  105  133  136  129
  -10  -26  -31  -60    6   27   18   30   31   36   44   44   37   68   60   51   67   83   97   84
   78   79   54   34   63   36   84  110   97   83   84   80  128  124  141  136  145  150  103  106
  121  140  131  151  133  136  144  150  149  153  158  157  130  146  155  138  150  157  161  158
  154  158  156  169  158  146  166  163  177  185  208  174  161  183  175  190  162  170  177  172
  159  198  230  211  205  226  231  241  250  266  181  198  220  228  251  242  149  160  139  172
  183  162  183  146  194  184  190  173  168  194  169   85  208  187  140  166  162  176  190  226
  244   63   32   82   76  143  127   72  153  169  173  109  116  141  107  116   93  118  113  103
   82   93  -26   40   95   92   88  117  177  143  147  154  138  147  124   18   76   95  105   83
   37   28   33    4   53   76   62   68   77   65   76   62   83   90   76   73   78  103  109  100
   95   90   78   50   68   41   89  115  100   82   87   93  134  136  146  145  148  150  116  117
  134  150  138  147  139  135  146  146  144  146  142  148  131  145  149  136  147  150  153  155
  153  146  158  157  154  142  162  166  179  182  204  169  157  177  172  186  158  159  166  158
  153  190  220  203  196  216  218  222  229  242  173  194  205  211  220  223  141  154  131  154
  179  150  166  133  181  172  177  159  156  180  157   73  175  159  122  142  145  144  173  200
  231   65   32   77   68  129  104   55  135  147  148   97  110  127   98   98   77  100  113  104
   67   75  -41   35   97   96   89  120  192  154  151  158  133  150  129   95  108  130  134  125
   54   36   41   17   68   89   80   80   85   89   93   88   90  105   95   86   92  113  125  112
   89   98   85   62   70   48  104  125  107   82   84   87  142  146  158  153  161  162  131  118
  136  154  142  156  141  146  152  157  155  161  157  159  139  151  157  137  147  161  159  168
  166  161  172  170  170  143  164  158  173  175  192  174  171  180  180  194  172  176  174  175
  163  179  208  197  198  207  207  211  215  226  180  191  200  202  211  213  144  145  117  146
  178  156  164  147  166  161  165  154  150  171  155   69  168  144  120  143  149  147  180  184
  223   53   51   64   69  138  114   64  150  156  163  111  115  141   95  103   84  108  107   97
   72   87  -39   24   95   86   85  115  172  141  146  154  124  139  119   60   68   88  109   84
    5    6   15  -15   24   53   36   36   47   49   56   52   62   73   60   61   63   80   94   81
   74   84   70   43   63   41   87  108   96   85   86   85  129  123  139  131  137  139  100  106
  116  133  126  137  129  131  142  149  147  143  141  147  131  146  154  142  162  163  172  173
  155  150  166  165  161  157  180  164  187  195  207  187  178  191  192  202  169  176  181  177
  166  193  221  205  201  215  214  214  219  240  180  201  208  218  228  241  164  176  157  184
  193  168  186  155  202  189  201  175  172  203  179   82  203  174  140  162  163  161  189  217
  244   77   42   86   84  132  115   72  150  159  151   99  109  130  103  112   90  126  121  108
   88   95  -19   42  102   96   93  121  187  152  134  148  138  151  135   69   84  115  123  111
   30   20   20   -7   41   68   53   62   72   75   73   68   71   89   79   74   79  101  111  100
   90   97   72   52   69   51   97  121  110   81   80   79  136  136  147  140  146  148  111  110
  127  141  134  144  133  133  143  144  143  148  142  143  126  140  148  131  143  150  149  154
  152  150  157  160  152  138  155  150  155  165  172  163  160  162  166  178  156  162  171  165
  154  173  201  189  191  202  207  210  216  238  180  199  202  214  219  222  142  157  127  156
  182  152  169  140  175  171  174  156  158  177  158   72  183  162  131  156  162  149  185  197
  241   52   26   72   80  132  108   55  137  151  153  103  108  131   92  104   87   88  101   92
   52   65  -51   30   81   79   82  119  187  139  152  163  132  141  121   78   96  117  128  117
    1    3    6  -28   26   56   40   44   52   60   66   65   65   86   71   70   74   88  113   97
   82   97   75   49   68   40   96  121  108   87   92   91  130  136  148  138  148  149  112  100
  120  141  130  143  129  134  140  151  149  146  142  151  129  146  157  139  153  160  170  167
  160  149  160  162  156  144  172  166  181  183  205  183  173  188  184  204  160  166  176  169
  162  191  228  210  215  229  230  235  243  252  184  213  220  233  242  244  154  166  142  171
  190  161  168  151  182  179  190  179  182  190  172   87  202  168  142  158  157  159  185  209
  234   84   55   96   79  130  115   72  138  149  147  109  119  135  117  126   92  110  123  111
   76   96  -20   44  106   99   94  127  193  156  163  171  145  157  138   71   92  112  122  109
   27   14   20  -16   44   62   39   52   68   67   65   65   73   94   76   71   66   98  116   99
   80   93   78   53   72   51  100  124  107   85   87   87  138  142  155  145  154  154  116  101
  133  145  137  148  139  138  148  149  147  152  143  152  132  142  147  134  149  148  153  153
  150  147  156  156  152  138  159  149  160  168  175  166  156  159  157  169  155  156  156  154
  149  182  204  199  180  204  206  213  224  240  166  187  194  209  211  228  132  136  115  146
  166  150  157  136  165  165  168  150  149  168  154   61  164  150  124  149  154  143  178  188
  230   59   22   74   73  140  115   63  138  154  157  107  116  136  100  118   94  110  112  102
   65   83  -29   29   99   96   92  123  184  144  148  155  140  153  136   92   90  120  116  116
   -5    3    3  -29   11   48   28   41   36   43   52   57   60   95   74   71   78  106  125  108
   93  103   81   55   80   58  107  140  123  100  104  102  146  148  163  157  166  161  129  116
  140  155  144  156  147  150  155  163  165  158  159  168  150  163  167  158  173  172  175  175
  175  170  180  180  181  166  184  177  186  197  205  188  181  193  194  204  180  184  191  184
  178  203  223  219  207  223  227  239  248  268  198  220  215  232  241  249  167  176  147  183
  203  173  188  163  196  197  200  182  181  202  184   94  204  184  140  171  173  173  198  220
  238   68   39   88   89  151  140   81  163  174  173  122  133  148  120  131  113  130  129  121
   94  101  -28   43  115  102  107  134  199  163  171  180  160  167  140   92  104  132  132  122
   14    2    5  -23   29   51   42   52   54   57   53   56   56   71   61   64   67   90   92   92
   85   90   56   35   62   33   75  109  101   86   97   97  126  140  155  147  163  163  112  104
  128  149  142  160  144  150  159  169  172  167  175  181  146  164  172  150  170  176  171  186
  183  184  195  193  189  157  181  170  186  189  199  193  192  195  200  209  191  197  193  196
  182  193  216  205  213  216  225  222  223  235  199  215  219  223  225  236  167  168  144  170
  198  177  189  166  198  199  200  184  182  201  182   84  170  150  122  140  151  143  178  196
  231   61   39   78   87  158  138   79  172  181  186  128  124  152  110  127  114  130  129  118
   89   98  -24   40  111  109  112  143  213  176  179  194  163  174  157  106  113  144  135  142
   55   47   43   21   67   95   22   80   90   92  102   99  100  115  106   94   96  123  134  119
  103  114   98   67   80   58  112  137  121   90   89   87  146  152  156  149  155  154  128  114
  133  152  136  144  134  134  143  148  151  150  155  151  133  146  155  139  154  161  156  164
  162  160  166  166  164  149  165  165  173  194  202  174  168  185  181  199  166  175  184  179
  162  206  227  221  210  228  235  240  247  258  191  218  223  235  242  245  153  167  135  182
  194  161  174  148  176  182  184  171  167  186  166   75  193  175  134  168  171  170  199  217
  239   58   29   75   84  132  116   67  145  159  165  102  111  131   93  106   82  113  107  100
   75   89  -26   47   88   86   82  109  176  148  155  165  137  150  110   50   79  121  129  106
   20    4    8  -19   29   52   40   43   51   53   54   56   56   73   62   63   59   84   96   88
   79   86   55   52   46   25   75  104   84   68   73   75  114  120  124  122  130  132  102   97
  117  130  120  130  120  124  129  141  137  133  135  142  124  142  147  137  149  153  157  156
  152  145  158  156  157  144  164  152  164  171  185  168  162  170  171  181  159  165  171  163
  154  181  208  195  183  203  203  212  217  248  167  184  188  202  211  221  139  146  124  154
  175  158  171  140  175  172  178  155  155  178  154   68  194  170  128  154  157  160  183  203
  248   60   70   75   84  121  110   55  140  157  151   86   96  117   92  102   81  108  103   99
   77   82  -30   39   89   55   85  110  173  143  155  167  136  146  122   67   84  110  127   81
    9    4    9  -13   23   48   37   41   48   52   58   56   63   86   75   67   81  104  120  105
   91  105   70   64   80   60  103  130  117   98   99   93  143  143  160  152  164  165  130  114
  144  162  157  160  145  148  157  161  162  166  162  163  146  158  164  153  169  173  172  177
  173  170  180  177  178  162  182  176  189  200  203  190  182  195  194  206  180  189  198  189
  178  211  235  228  212  234  236  235  242  255  200  224  225  230  240  249  161  172  138  174
  205  169  181  153  178  180  181  170  168  187  167   74  180  167  137  154  158  158  176  205
  242   53   34   77   75  152  123   68  159  173  172  123  127  155  107  118  100  111  104  104
   78   86  -31   32   92   85   85  109  183  151  160  168  133  139  123   84  104  125  136   98
   34   19   22   -4   41   64   51   55   64   60   67   63   69   88   73   62   75  102  115  101
   88  105   72   45   70   48   92  125  114   93   99  102  140  145  162  159  168  169  130  116
  147  166  155  163  161  156  172  171  172  170  169  174  146  160  170  148  162  169  161  172
  167  172  177  182  176  154  167  161  171  180  190  176  171  179  182  194  171  181  176  180
  174  191  217  205  205  215  220  224  234  250  187  206  209  220  233  233  159  168  136  166
  190  170  177  165  184  186  193  171  172  192  181   78  187  163  126  150  163  156  190  213
  229   57   36   72   77  159  136   78  160  177  183  136  133  153  112  133  119  129  127  121
   90   99  -30   31  119  110  118  137  208  172  166  176  158  168  157  106  117  147  145  129
   15   -4    9  -22   21   41   33   42   44   38   43   42   41   57   44   50   50   75   80   78
   78   81   39   21   45   14   59   85   76   73   80   81  105  110  121  118  129  131   99   99
  109  125  119  127  127  132  133  145  145  133  142  150  131  146  150  139  152  160  163  166
  159  158  169  166  169  145  170  165  180  182  196  180  171  186  186  195  173  176  180  176
  172  193  217  206  202  211  212  216  221  244  185  205  205  218  223  230  162  168  150  170
  196  172  176  157  187  180  191  169  167  195  174   94  210  177  147  166  168  174  202  216
  262   75   55   92   89  131  125   74  145  158  156   99  101  126   97  115   97  117  119  114
   83   93  -16   54   97   92   89  118  161  138  155  173  146  146  115   39   61   90  115   68
  -16  -23  -17  -45    4   29   18   26   33   31   37   32   30   55   42   49   50   74   75   79
   70   76   31   32   37    8   55   81   70   60   68   70  105  113  128  126  135  139   95   90
  108  135  122  134  127  127  137  143  144  137  141  147  124  139  145  133  146  153  153  160
  158  152  163  163  157  138  152  145  162  162  183  162  160  169  168  178  160  163  164  161
  156  177  207  195  190  206  212  223  235  258  169  194  205  220  235  233  146  160  140  166
  179  166  178  145  181  183  185  166  164  189  167   89  190  163  135  167  167  171  202  223
  268   69   34   81   88  143  132   78  153  164  156  110  107  134   89  115  102  116  112  102
   82   94  -31   43   99   89   98  126  187  153  163  177  148  156  127   61   88  113  130   88
   43   54   49   31   64   91   75   65   72   75   90   82  101  113   98   86   94  124  141  120
  102  124  103   75   83   61  121  138  118   97  102  101  160  156  164  160  168  165  138  120
  148  164  151  159  149  144  158  156  158  161  157  160  134  150  156  148  157  165  166  168
  166  161  169  170  166  152  171  167  178  190  206  179  173  191  187  204  173  177  185  178
  165  199  232  220  224  234  239  245  258  267  194  222  229  240  259  248  157  168  140  180
  193  163  174  151  179  175  182  168  171  190  170   82  196  165  129  150  149  158  181  213
  238   68   42   83   74  148  129   70  149  161  165  128  130  146  109  119   98  126  120  115
   83   92  -35   36  115  116  112  142  213  164  160  174  159  171  155   97  110  134  131  109
   47   38   44   16   60   85   76   66   79   83   95   92   93  104   95   94   91  116  137  111
   88  106   92   64   76   54  115  137  114   92   96   96  156  158  164  156  166  166  126  110
  139  162  137  151  134  132  151  150  152  157  149  155  124  142  151  136  147  158  156  164
  163  161  164  167  158  139  164  154  166  168  186  177  169  177  176  187  167  168  170  163
  142  173  208  188  200  209  213  216  224  235  173  196  202  213  225  216  126  134  107  135
  167  149  157  127  158  161  158  148  147  164  149   50  157  148  125  143  147  145  171  186
  224   55   40   75   79  143  109   49  140  124  160  118  128  139  106  117   95  111  117  108
   69   73  -48   28   97   92   90  114  195  149  154  155  136  147  135  105  117  141  142  110
   19    5    7  -19   30   58   52   63   70   84   87   94   71   98   96   93   98  112  122  112
   98  111   83   46   58   45  103  122  107   81   82   81  147  150  163  158  168  165  135  117
  144  170  144  154  147  147  162  163  162  162  157  168  140  152  160  153  162  164  166  167
  167  164  170  170  166  160  171  166  182  191  203  182  171  189  187  204  171  178  186  180
  165  194  221  217  210  218  226  226  229  252  192  219  224  231  229  245  153  167  135  178
  192  162  172  150  178  179  181  161  158  188  167   73  189  157  120  151  151  156  184  222
  255   49   22   67   68  149  109   55  148  157  165  121  117  139   99  115   90  100  107  100
   66   71  -51   25   88   77   80  110  183  150  130  159  130  140  116   67  106  134  133  104
   34    6    2   -4   39   57   47   44   45   63   60   57   61   78   70   53   71   95  108  100
   79   93   64   52   74   42   88  171  104   92   97   95  130  133  143  144  151  149  114   96
  131  158  126  141  130  133  143  147  149  150  155  154  124  140  146  134  144  153  159  157
  162  162  164  169  162  139  161  160  169  169  186  172  164  173  172  184  164  163  165  168
  160  171  207  190  192  207  210  222  238  262  179  199  201  220  236  235  149  154  133  166
  182  168  182  148  187  182  185  170  169  189  172   82  206  177  139  168  169  179  205  228
  259   74   43   82   94  145  124   73  153  174  166  122  119  140  110  117   94  119  122  113
   83   88  -15   50  100   92   87  122  173  136  143  154  137  146  122   48   75   90  111   68
   35   24   29    4   44   72   60   66   71   75   75   76   77   91   80   72   79  105  116  105
   88  100   76   48   63   44   95  120  110   89   96   96  148  147  153  152  162  162  123  111
  141  164  142  151  145  144  150  162  163  161  160  170  134  156  165  149  163  174  167  181
  176  171  179  179  174  153  175  164  174  177  184  184  180  179  187  191  177  184  178  184
  169  178  199  193  197  199  206  206  207  219  188  201  199  207  207  220  151  145  132  151
  187  166  175  149  181  172  181  165  163  185  171   77  174  156  129  150  160  149  187  197
  251   61   48   79   97  155  131   76  157  166  169  129  132  152  111  130  110  133  129  119
   93  102  -33   42  111  107  112  135  205  166  166  177  154  169  150   81  102  129  138  103
   10   -1    8  -25   27   52   39   52   61   60   60   61   58   78   65   67   66   97  109  103
   82  102   58   38   58   37   90  120  108   77   82   83  150  151  154  152  159  159  125  108
  135  165  138  150  139  139  148  159  160  159  157  163  128  146  157  138  152  163  161  166
  164  163  170  168  168  147  165  158  181  185  210  177  169  191  184  206  169  178  186  181
  166  191  233  209  215  232  234  235  243  256  193  213  222  232  243  237  152  148  122  169
  189  158  163  150  171  162  173  153  156  175  156   64  193  165  125  154  156  163  183  206
  243   62   31   70   73  144  115   51  142  159  169  114  115  138   90  107   90  115  110  101
   70   83  -33   31   91   83   82  109  181  147  153  159  132  144  120   61   79  114  120   85
    8   11   18  -20   28   59   42   46   54   56   68   54   73   89   75   62   71   96  115   92
   72   81   76   67   95   62  104  115  122  113  118  114  135  135  145  145  152  153  114   88
  126  157  127  144  127  134  139  153  151  149  145  154  123  145  153  135  150  158  157  162
  160  158  167  166  168  145  164  153  172  175  201  174  166  182  181  194  167  177  177  179
  165  176  216  197  205  216  225  223  233  249  188  209  210  224  228  242  152  155  133  174
  190  156  171  141  180  172  180  166  165  184  170   78  192  166  128  154  156  180  187  209
  244   63   38   77   76  150  133   74  149  155  157  120  129  144  120  133  111  130  138  130
   93   98  -31   39  118  109  106  131  204  153  150  159  142  156  152   67   83  110  112   90
   40   24   32    5   49   69   47   61   62   62   58   64   71   80   67   61   68   94  108   92
   81  102   69   33   51   33   90  113  102   78   83   90  150  147  160  153  163  165  125  107
  136  166  145  154  146  147  150  160  163  159  160  171  136  156  165  150  160  171  162  173
  172  171  180  182  181  153  167  160  162  173  172  175  174  168  174  177  172  177  166  174
  169  174  195  191  185  196  204  208  213  224  179  190  197  205  212  221  152  147  124  151
  183  175  174  153  181  175  178  159  161  178  165   68  175  162  137  161  160  163  194  200
  246   58   42   80   84  146  124   63  151  169  173  116  118  143   98  114  100  121  115  107
   81   86  -36   42  102   99   98  126  198  155  156  164  145  163  130   62  101  123  142  101
   44   34   44   12   50   76   61   69   73   81   81   82   93  107   92   86   94  128  141  122
  112  123   92   79   92   66  121  140  131  107  104  110  161  159  161  162  165  165  134  129
  148  172  149  160  144  146  150  157  159  159  155  155  135  151  157  145  153  163  159  164
  167  158  165  167  166  149  163  165  167  182  198  170  166  180  178  196  167  173  175  178
  162  189  214  209  203  216  219  224  234  253  191  206  211  222  230  238  147  159  129  146
  190  154  160  142  171  163  170  157  156  174  155   58  191  169  121  159  161  173  196  212
  249   53   22   68   93  147  114   56  142  151  158  122  131  152  110  123   93  115  114  110
   72   81  -48   34  104  103   96  116  185  136  138  144  136  148  131   71   77  105   96   88
   34   16   26    1   38   62   49   62   67   64   69   66   70   81   75   75   71   93  110   98
   86   97   69   44   53   37   85  110   98   71   77   80  136  133  145  141  147  149  116  108
  128  152  129  142  131  134  141  148  153  146  146  155  130  146  153  147  160  162  161  164
  163  158  160  150  163  156  168  164  171  171  170  176  168  176  176  183  165  170  180  180
  164  176  202  196  188  204  211  219  232  254  180  199  207  219  229  227  152  158  133  165
  184  155  168  147  170  168  171  153  152  174  153   70  188  157  114  149  151  159  182  208
  250   48   26   70   60  131  110   60  143  157  149   99  103  125   85  104   84  104   95   95
   64   75  -44   29   85   84   78  114  182  135  143  156  139  146  121   86   99  122  122   93
   26   22   20    0   38   62   48   55   65   62   72   65   67   88   78   70   84   99  112  110
   94  109   71   39   52   33   90  108   96   58   81   79  139  140  143  145  148  146  123  105
  122  131  131  135  133  135  141  144  145  141  143  147  126  140  144  132  147  152  159  155
  153  151  152  155  150  142  164  157  177  181  200  174  163  183  180  200  150  164  177  170
  149  192  220  209  214  226  228  230  237  256  187  209  227  233  231  242  139  159  131  174
  186  152  164  135  175  170  177  160  160  182  162   71  199  175  134  167  169  168  195  212
  245   62   88   80   95  141  121   61  148  156  147  110  116  137  103  121   91  112  117  108
   79   81  -35   38   94   96   89  123  199  148  143  154  137  153  138   85  106  136  136  107
   23   20   24    3   42   66   54   51   60   60   72   68   75   88   82   70   79  104  116  111
   97  113   68   53   75   46   83  116  115   99  104  115  155  150  164  159  167  169  135  120
  130  169  151  158  148  154  164  170  174  165  162  172  139  157  170  145  167  178  179  180
  181  176  184  188  185  157  181  163  186  183  207  193  185  198  197  211  184  190  195  197
  179  187  219  205  214  218  221  226  234  254  205  217  222  234  237  245  166  166  138  170
  195  180  183  161  195  185  189  174  176  193  181   84  183  160  134  161  173  169  199  218
  251   67   46   90   88  161  144   81  170  172  170  131  128  154  112  133  119  140  130  121
   96  107  -16   48  119  113  113  137  208  169  159  180  158  170  152   89  111  145  143  114
   27   14    2   -9   41   63   49   45   55   55   63   58   40   75   69   64   67   88  103   97
   78  105   57   37   47   27   80  104   95   62   87   90  140  132  147  140  154  156  106  106
  117  158  138  149  140  146  152  160  162  156  159  169  132  153  164  142  159  171  163  176
  173  169  175  175  173  156  168  159  171  173  196  170  175  183  180  190  172  179  178  182
  168  178  211  200  199  209  215  222  231  253  184  200  215  221  229  238  153  162  153  160
  191  169  170  149  189  183  187  178  174  189  172   77  199  168  129  151  159  168  183  210
  244   65   50   50   60  148  137   78  162  167  161  119  106  154   99  127  105  131  119  108
   93   96  -30   36  103  103   96  127  190  151  161  178  150  157  137   67   81  115  119   90
   31   25   37   34   42   79   61   53   81   67   87   75   93  113  103   78  106  130  144  133
  113  124   93   83  106   84  123  150  145  127   89  126  173  164  173  171  174  171  136  124
  149  168  153  164  155  155  161  166  170  166  163  169  147  161  171  151  168  177  175  178
  175  167  175  173  171  166  184  178  193  204  223  194  184  200  196  214  177  192  191  197
  174  210  235  230  223  237  243  249  253  269  201  219  240  248  253  265  163  181  148  196
  200  167  173  155  194  184  188  180  179  198  176   87  209  172  141  167  176  191  199  226
  270   69   53   80   88  155  128   76  154  163  161  120  132  149  122  129  106  138  139  134
   96  102  -20   39  119  112  110  135  191  145  138  153  142  158  136   71   79  110  102   83
   23    4   12  -19   25   52   39   49   57   59   61   67   60   83   72   69   49   94  117  103
   80   98   68   38   50   36   92  117  101   73   80   82  147  141  155  146  156  154  118  104
  120  161  134  143  134  137  143  151  151  151  149  151  129  144  152  138  148  159  160  159
  161  158  156  163  156  148  160  155  172  181  210  173  166  185  180  199  159  171  178  178
  161  190  226  213  211  225  227  233  239  263  191  208  224  231  240  239  145  162  131  177
  191  153  160  143  180  168  173  165  161  181  162   63  203  178  136  175  180  191  202  225
  258   60   41   83   89  143  121   50  145  149  149  110  115  138   92  117   96  111  103   95
   56   75  -43   30   89   85   88  112  195  137  126  142  124  138  131   86  114  143  132  108
   37   13   25  -17   42   66   62   63   70   66   78   71   75   85   77   73   70   96  118  102
   75   89   76   53   62   40  101  110   98   79   86   85  143  136  147  140  148  148  106   97
  114  151  133  140  137  143  145  151  149  145  147  149  133  148  152  132  141  156  143  143
  164  158  164  161  164  137  146  141  151  157  167  162  159  163  165  173  164  166  160  168
  153  164  190  181  183  194  197  201  208  229  164  175  189  192  200  199  132  135  112  131
  163  148  151  136  166  152  157  150  148  164  146   67  187  160  136  163  174  175  192  199
  245   71   56   82   94  138  112   54  134  153  148  108  107  134   86  104   83  100  104   94
   62   69  -21   50   91   95   88  119  179  129  130  150  138  144  122   60   72  101  100   79
   54   41   44   17   63   88   72   75   79   74   89   76   85  103   95   82   80  111  127  115
  100  122   90   68   69   52   93  123  115   97  106  100  145  146  155  145  155  152  122  119
  124  159  139  146  142  146  150  158  161  154  156  159  140  156  164  153  164  170  163  170
  173  169  168  168  166  176  169  162  176  188  203  181  175  186  182  197  168  174  180  178
  160  197  219  217  208  223  227  229  239  252  186  203  217  228  241  226  145  154  126  163
  182  157  163  146  180  170  174  169  166  182  163   71  178  149  120  139  154  154  172  193
  230   49   46   71   61  122  131   69  150  155  155  113  122  144  109  131  105  121  124  117
   60   87  -41   25  107  110  100  139  223  173  175  184  156  173  160  148  159  180  168  163
   51   53   68   27   70  104   87   88  101  107  118  116  113  127  131  107  123  140  145  136
  113  106  112   98  119   92  127  143  142  133  139  138  150  155  162  154  167  167  136  115
  136  178  150  167  151  164  166  178  180  170  173  183  162  179  185  172  192  196  194  202
  200  190  207  196  204  192  210  199  214  221  228  221  211  221  226  233  211  218  210  220
  203  220  241  237  234  240  250  249  257  266  219  237  242  253  255  252  190  197  174  188
  217  190  212  182  231  223  232  220  213  228  219  106  193  161  133  158  169  176  191  214
  242   70   58   86   80  175  165  105  179  185  176  141  156  173  152  167  135  164  154  152
  115  130  -12   45  134  135  128  151  194  159  175  184  166  172  147   56   84  106  119   97
   24   22   31   -1   41   67   48   53   67   69   72   73   83   92   79   75   85  106  120  110
  101  100   79   69   88   63   98  123  127  111  117  116  144  147  167  144  169  164  130  119
  137  169  145  163  148  151  157  162  161  166  168  169  142  157  165  150  163  171  167  174
  179  178  179  183  179  160  175  169  179  188  207  185  180  192  193  233  179  186  198  190
  175  201  228  222  221  234  243  247  252  261  198  220  230  241  249  247  161  169  148  178
  198  169  176  159  187  176  188  181  182  200  183   88  213  183  164  189  198  198  217  217
  258   89   78  104  127  168  142   83  162  178  178  132  144  158  124  138  114  141  133  129
   85  108   -7   73  126  117  117  136  200  151  147  162  148  158  143   76   96  130  123  108
   39   18   26    5   44   70   52   52   57   53   71   65   70   87   73   63   67  101  116  109
   89  109   72   54   68   43   91  104  110   91   98  102  145  148  166  159  173  167  130  122
  131  167  150  165  158  160  167  175  169  173  174  180  155  170  179  161  171  181  169  178
  188  179  178  182  179  165  172  171  171  185  196  178  176  182  180  193  178  174  198  179
  167  190  215  211  203  218  233  241  251  264  185  199  226  226  245  235  153  138  127  154
  184  169  179  148  178  176  178  175  170  181  167   69  173  166  134  166  177  179  195  215
  246   48   44   70   90  164  137   71  161  180  180  122  128  152  106  128  114  129  117  116
   75   95  -36   31  107  103   98  127  213  155  169  180  156  164  142  113  133  157  152  132
   35   25   35    8   46   74   60   72   74   80   86   83   88  106   98   88   88  119  134  116
  102  109   91   69   80   61  112  122  119  100   78  100  144  146  154  153  159  153  146  113
  124  158  136  147  143  157  152  157  149  154  154  157  140  156  161  152  161  166  165  169
  173  161  168  168  168  162  170  174  167  182  189  179  171  180  179  190  170  171  180  174
  160  191  213  212  198  217  220  226  237  268  181  196  216  216  235  235  147  141  138  174
  184  159  168  146  178  175  180  171  152  187  166   76  205  181  142  176  185  196  208  229
  255   60   49   71   81  146  118   63  146  155  151  109  125  143  104  119   95  115  116  113
   74   83  -35   37   98   98   94  121  184  139  162  170  151  156  128   66   92  115  125   97
   46   25   39   17   53   77   63   64   71   78   88   83   79   99   91   85   94  120  120  118
  102  113   87   56   70   47   96  107  104   90   96   99  141  144  154  155  159  144  146  123
  136  159  147  153  152  147  160  166  154  160  154  159  154  167  170  171  171  176  166  176
  174  158  174  165  171  173  177  181  184  209  225  193  181  198  192  209  181  189  200  191
  169  214  242  233  220  242  250  250  258  273  196  212  238  238  251  255  160  161  151  195
  193  151  171  147  191  176  185  175  177  194  172   96  209  172  142  164  170  187  193  221
  240   83   55   90   86  163  132   87  149  156  157  117  128  150   78  127  100  131  122  117
   88  104   -6   61  104   96   95  129  183  139  166  172  145  153  129   74   88  105  114   78
   51   36   50    7   65   95   77   79   93   90  100   88   96  114  107   89   91  120  135  120
  102  115   94   65   71   53  101  119  111   87   92  102  153  156  155  150  156  140  127  116
  132  153  143  150  146  140  151  153  146  157  150  151  139  154  158  155  164  167  168  169
  168  157  168  169  167  167  179  178  195  200  217  189  179  199  196  210  173  181  188  186
  164  206  230  225  222  236  244  248  255  274  197  220  239  235  251  256  158  160  156  194
  194  162  179  149  196  187  192  177  179  186  174   93  219  181  148  174  178  197  208  228
  241   82   64   94   94  152  125   77  150  153  154  113  116  142  107  123  100  124  124  122
   85   95  -10   64  105   97   88  114  171  126  150  159  141  146  117   51   69   97   98   70
   25   17   28  -13   41   66   49   54   62   59   77   75   82  111   98   85   93  125  141  123
  104  121   98   75  103   76  118  130  139  130  134  137  163  158  170  169  175  158  141  119
  143  176  153  169  158  158  175  179  171  179  180  188  150  171  175  162  175  188  176  192
  201  193  203  202  201  172  176  177  184  194  206  202  198  204  207  212  204  210  207  211
  189  198  226  220  225  233  241  231  238  255  210  221  235  227  236  241  172  165  152  171
  203  184  197  166  210  201  197  189  181  206  191   86  177  153  134  152  165  160  181  206
  239   71   58   86   81  186  156   90  173  182  182  139  152  177  146  159  141  149  151  150
   95  113  -20   50  145  133  134  162  226  168  172  185  168  183  173   93  115  144  141  134
   32   19   31    1   39   67   53   45   63   58   77   73   82  101   92   85   86  113  131  119
   97  108   94   59   81   59  109  120  119  107  112  106  164  163  179  175  183  169  142  125
  148  179  159  175  166  169  181  188  181  185  180  190  160  187  188  178  192  200  188  205
  212  199  211  206  212  184  194  182  192  197  208  213  205  204  210  209  206  210  208  210
  193  203  222  217  211  223  230  220  229  254  205  213  223  222  233  237  173  161  147  175
  203  176  190  157  202  196  195  191  184  208  191   73  195  173  148  172  173  186  204  213
  243   59   49   80   94  190  149   73  184  185  187  143  149  179  128  145  139  139  134  141
   82  104  -26   42  129  114  116  139  206  149  167  169  147  168  152   94  113  140  136  118
   22   -9    8  -22   24   43   35   32   41   36   59   53   52   68   62   49   61   80   94   84
   78   92   59   41   64   41   81  102  103  101  112  103  135  132  151  141  160  151  118  114
  131  165  147  161  150  153  167  169  167  172  172  171  145  171  172  166  183  187  180  192
  190  179  193  189  197  179  182  179  179  194  203  195  194  195  205  207  200  202  205  207
  192  202  223  224  215  224  242  235  241  267  204  222  230  239  240  256  178  170  154  187
  209  177  179  171  192  188  191  188  179  206  180   85  205  176  151  173  173  181  200  219
  250   61   51   75   81  190  139   68  162  162  169  131  145  164  123  143  130  131  136  136
   72   93  -34   46  121  112  117  145  202  152  164  174  146  165  147   68  114  146  138  120
   42   24   28   -1   49   64   55   54   60   54   71   67   76   93   79   66   58   95  113  103
   90  109   82   51   71   48   92  105  114  100  101  100  152  147  162  150  166  151  126  123
  137  160  148  159  154  152  163  165  159  170  170  175  142  165  168  157  165  177  164  181
  188  178  180  179  181  158  162  163  164  179  181  180  175  176  178  182  175  177  176  178
  160  185  202  209  195  199  217  208  215  234  185  191  203  208  210  224  152  143  131  155
  182  161  169  147  183  178  180  179  167  188  171   74  172  159  134  155  168  157  187  196
  236   72   56   86   94  177  135   65  164  169  166  118  129  155  107  127  116  122  117  121
   73   85  -17   56  108  100  100  141  219  169  192  201  168  181  152  114  135  153  161  136
   46   47   52   10   71   99   78   80   97  103  113  109  111  121  121  107  106  122  132  116
  105  117  114   80   95   67  117  118  123  114  120  115  159  158  163  163  168  153  133  115
  141  163  148  158  151  152  160  161  154  169  163  170  144  156  168  159  171  180  175  158
  185  173  183  177  183  163  179  179  187  193  207  193  187  195  196  207  187  192  194  187
  178  201  225  218  216  222  235  226  237  253  195  208  225  230  237  240  164  157  145  182
  200  167  180  159  190  183  179  175  172  191  173   88  214  176  149  173  178  180  204  221
  251   75   55   85  102  160  138   77  163  168  161  120  131  161  121  131  117  138  132  134
   83   99  -21   49  122  116  112  135  198  144  162  170  142  155  140   89  112  129  132  111
   46   55   60   31   61   94   78   66   78   75   97   79  105  110  102   87   85  111  130  111
   92  116  102   74   95   66  114  118  124  120  129  122  159  156  165  163  165  154  134  117
  143  167  151  165  143  157  163  166  161  170  163  165  150  166  176  163  176  183  178  182
  183  168  178  174  178  166  177  178  182  188  197  198  187  195  192  199  183  189  193  186
  167  188  217  206  199  212  227  216  228  241  197  205  223  222  231  232  148  145  135  164
  192  167  179  149  188  182  186  178  175  198  175   80  181  171  156  176  179  177  196  208
  245   86   68  100  115  179  146   88  160  165  156  123  149  169  130  140  130  151  149  145
   98  115   -5   61  143  143  127  156  227  168  179  187  167  180  175  111  121  147  129  130
   16  -16  -19  -39   18   37   19   29   35   33   40   38   36   54   43   44   45   64   80   72
   70   77   46    9   26   11   59   75   68   61   71   68  112  112  124  119  127  123   92   91
  108  125  116  130  108  118  127  126  131  143  145  142  113  128  138  128  140  143  143  149
  148  148  153  157  158  138  149  148  153  168  178  157  155  162  164  172  156  161  168  158
  147  177  197  196  175  191  207  206  223  252  170  180  201  205  218  225  134  134  118  161
  174  152  161  134  168  161  157  153  144  167  147   76  192  183  142  173  180  185  200  222
  246   63   44   77  114  147  119   64  148  156  150   89   99  129   79  102   90  111  105   97
   72   82  -28   52   91   82   80  109  182  136  167  173  133  141  119   22   89   97  135   87
   38   30   34    5   45   73   54   45   56   55   76   62   82   93   77   69   72   92  112   98
   84  100   86   51   62   45   86  107  105   93  105  107  152  145  163  152  163  150  115  114
  133  155  149  158  138  154  165  170  171  174  176  180  144  170  180  160  173  179  174  190
  183  184  188  184  189  164  174  168  183  194  216  197  196  201  203  215  189  197  198  193
  172  197  233  211  216  229  245  222  229  234  200  204  232  219  232  225  157  145  137  159
  184  169  188  156  192  193  186  186  176  198  178   80  198  172  143  164  168  173  193  201
  237   64   56   79   96  180  156   82  180  181  179  122  135  167  114  137  131  144  143  138
   90  116  -16   45  129  126  121  153  228  167  176  186  162  179  172  110  133  155  154  132
   33   21   24    2   45   74   53   52   63   59   78   69   85  100   87   63   89  105  123  110
   86   94  100   69   88   66  109  129  121  114  118  117  162  156  179  164  175  168  126  115
  148  176  160  171  151  167  171  176  169  185  181  186  160  179  188  175  190  188  188  194
  182  182  183  183  176  183  191  186  185  200  208  193  195  193  200  210  191  196  202  198
  181  208  229  224  214  223  238  236  255  266  209  223  241  240  251  261  175  171  152  192
  213  165  189  155  200  201  193  189  177  204  180   80  201  181  145  169  175  179  190  232
  255   58   45   73   89  181  145   77  187  178  178  133  147  169  127  139  126  140  143  135
   84  106  -28   29  123  115  116  145  217  166  178  185  153  170  152  113  145  166  164  140
   14   -9  -18  -23   20   41   30   31   38   34   44   40   50   57   41   44   46   65   71   74
   68   83   48   20   49   21   45   84   80   80   95  105  126  120  138  131  144  141  101   99
  115  142  138  149  125  138  150  154  154  160  167  169  136  160  170  153  169  166  163  177
  171  177  178  180  175  164  166  171  167  174  191  172  175  184  188  202  168  179  186  177
  162  190  201  202  192  203  214  215  229  251  188  201  218  222  231  241  153  148  144  175
  190  174  195  142  203  205  198  194  177  202  183   80  187  176  149  174  184  178  200  216
  249   66   52   81   91  166  140   78  173  174  166  118  120  156  110  118  121  142  136  131
   89  110  -23   36  124  119  115  145  215  165  179  190  156  171  159  106  125  141  140  124
   70   60   69   32   82  108   89   85   91   89  101   85  114  126  114   95  103  135  147  128
  108  130  116   96  107   83  118  141  137  121  128  123  171  167  168  154  171  163  134  125
  157  172  165  156  143  152  167  155  157  171  164  164  151  163  166  162  170  167  178  180
  173  174  177  166  169  164  179  177  189  192  216  193  194  204  207  218  176  194  202  192
  173  200  228  217  215  228  232  232  239  259  198  212  235  237  245  250  165  164  152  185
  197  173  187  142  197  195  192  194  179  202  179   92  215  194  160  181  188  193  206  230
  255   80   63   82   92  151  134   86  168  175  170  122  137  158  129  119  112  128  139  140
   80  100  -19   43  123  120  112  131  195  145  158  175  150  157  144   94  102  122  121  104
   30   26   33    2   47   77   54   65   74   78   86   82   93  114  103   90   91  119  127  109
  100  119   99   64   82   60   97  120  114   89  101  101  155  150  166  135  159  157  126  120
  141  149  147  139  133  139  150  147  149  162  152  159  140  157  164  164  173  167  175  168
  165  167  175  160  166  172  182  180  179  203  207  190  186  194  198  202  171  193  196  188
  177  208  220  225  211  222  233  227  239  251  211  222  238  228  239  248  172  165  150  182
  206  179  196  154  208  202  195  196  176  204  184   87  190  173  143  164  175  172  189  216
  243   64   56   82   92  144  134   84  172  158  163  113  131  158  115  122  114  135  132  123
   86  104  -28   34  118  118  113  140  208  156  164  182  160  165  152   93  122  135  143  120
   32   10   16   -3   45   68   38   59   69   66   80   72   79   98   89   81   96  115  132  123
  108  128   93   69   95   66  103  135  124  114  128  127  169  168  178  160  174  181  137  131
  162  186  172  172  158  162  177  170  174  186  179  186  159  173  180  170  176  176  181  179
  188  184  191  179  183  172  183  175  191  197  223  193  194  204  206  217  188  198  189  191
  179  203  233  229  225  235  243  238  249  268  210  224  244  245  254  248  165  165  149  183
  203  182  194  151  197  186  184  189  176  197  178   85  188  179  141  168  178  182  194  224
  259   73   51   86  109  159  150   93  173  181  185  139  151  176  139  142  133  142  150  144
   92  112  -20   46  134  129  126  150  238  169  176  197  175  181  171  112  127  158  149  135
   36   44   49   17   59   91   65   67   78   77   91   81  110  125  107   91   94  127  147  127
  109  134  110   74   95   70  116  141  129  104  114  115  174  172  180  149  176  176  141  139
  164  175  172  166  157  166  178  175  170  187  169  182  163  177  180  178  187  179  184  176
  176  174  186  173  177  177  186  182  177  198  204  190  194  186  204  208  185  196  185  190
  178  207  216  226  209  220  229  225  238  253  205  214  228  223  235  237  175  165  149  175
  203  176  185  148  197  182  190  187  172  203  175   83  180  161  142  162  173  161  182  200
  245   78   57   86  100  148  139   77  171  175  167  124  134  162  120  124  127  130  140  140
   76   97  -15   47  118  113  108  140  215  150  155  172  158  170  162   98  115  133  121  111
