    3    7    2  -30   21   51   37   52   52   56   58   56   56   75   70   70   84  105   99  117
  114  145   55   30   55   31   82  114  102   78   95   74  137  152  147  161  136  153  173  162
  166  167  177  146  184  175  176  189  159  169  159  183  180  188  170  190  190  203  172  197
  197  171  181  198  199  180  198  213  197  232  198  196  198  192  206  220  199  207  202  208
  189  232  228  243  226  227  245  239  249  253  219  220  231  235  245  242  171  183  157  181
  190  188  191  185  202  197  197  169  186  203  184   74  189  155  143  167  180  158  179  192
  227   69   58   73   81  146  130   89  161  160  167   95  111  124  117  114  104  110   96  122
   62   96  -33   36  116   99  109  130  166  141  134  122   94  111  139   56   65   84  107   87
    3    4   -2  -30   18   49   42   52   63   63   70   68   56   86   80   70   72  106  109  115
  107  142   55   31   42   39   90  105   83   41   56   74  126  145  143  148  136  146  153  136
  137  143  136  146  155  151  144  158  159  156  160  157  174  166  170  176  175  172  172  173
  164  160  167  167  169  180  176  188  182  213  198  186  172  192  185  202  171  179  179  182
  164  238  238  239  217  232  245  247  254  253  197  209  234  234  248  230  145  154  119  155
  190  163  168  148  172  171  165  169  158  171  154   67  160  167  138  166  186  158  179  192
  227   79   58   85  100  130  105   67  141  154  161   95   87  124   84   87   79   82   96   75
   62   76  -33   33   62   50   58   74  108   92   94  122   94  111   77   56   65   84   84   47
    3   30   24  -30   28   61   49   59   65   72   75   72   72   93   85   88   88  114  116  128
  130  156   75   46   70   51   93  119  106   81   92   74  147  168  161  168  136  162  177  174
  166  171  179  146  188  180  178  189  188  174  188  181  188  192  187  197  192  193  184  190
  189  185  187  188  188  192  192  207  198  228  223  202  192  192  202  223  193  199  203  199
  178  243  255  248  234  249  252  258  265  263  215  229  251  249  262  244  157  167  141  175
  204  169  177  157  184  179  180  169  171  188  166   83  181  172  136  165  175  165  186  201
  234   72   78   84   87  143  111   71  152  175  185   95  113  124  111  109   93  103  113  101
   62   85  -19   18   85   72   89  100  152  107   93  102   90  113  107   56   55   78   72   64
   -9   -7  -10  -30    6   30   32   47   50   47   52   52   36   70   61   61   54   85   87  100
   94  130   52   17   41   17   68   94   75   60   60   72  122  138  133  138  131  140  148  134
  132  136  140  141  151  147  145  159  154  149  148  147  160  170  163  176  178  177  167  181
  175  160  174  168  169  177  188  197  184  214  195  198  192  196  198  210  180  189  184  189
  163  232  223  233  226  217  235  237  250  245  211  224  233  237  244  229  149  154  121  152
  189  155  164  145  172  166  164  162  161  175  155   65  158  158  129  155  168  153  180  181
  227   79   75   93   97  127  108   60  142  154  159   90   89  117   82   88   87   86   88   83
   52   67  -35   45   68   53   62   75  128  112  128  106   77  100   93   68   66   89  105   74
   -6    5  -10  -30   14   47   40   46   45   53   60   53   51   72   67   71   60   84   89   99
   97  126   49   19   35   15   70   89   71   58   59   63  113  122  128  129  124  126  142  123
  127  122  132  126  144  139  132  153  148  131  150  148  146  166  162  171  157  177  156  182
  177  173  182  183  178  169  178  191  174  209  189  192  190  184  190  205  187  195  181  195
  182  223  224  219  223  221  237  236  248  249  212  217  234  233  248  229  161  157  130  151
  192  174  180  158  187  173  172  166  167  183  159   73  162  162  138  163  177  153  182  182
  226   86   85  100  103  131  105   70  145  158  160   83   88  111   78   87   77   99   92   80
   65   77   -5   60   70   79   71   86  129  127  137  122   96  115  104   54   55   81   81   60
    6    8   -4  -30   14   45   35   57   58   63   63   61   56   72   73   72   71   97   97  114
  101  135   50   21   49   20   78   89   72   66   64   64  116  130  132  139  129  137  152  136
  136  138  144  143  152  148  147  161  155  146  160  155  152  161  164  173  166  175  164  177
  171  169  180  183  178  178  178  198  175  212  191  188  183  188  195  211  190  198  188  199
  178  229  227  231  229  229  242  243  251  250  217  224  241  241  252  226  157  155  126  147
  195  176  180  158  188  182  181  173  172  188  167   66  154  148  126  150  168  144  174  180
  219   52   68   79   83  134  104   63  144  158  171   84   88  114   81   88   81   83   88   78
   51   66  -44   35   69   64   70   82  116  120  130  118   91  107   96   65   67   86   95   72
    8   10    6  -21   14   45   31   52   48   51   59   55   51   69   67   70   70   91  100  106
  100  127   54   26   55   26   61  101   80   59   60   60  125  134  141  141  145  150  153  140
  140  147  149  151  156  152  150  161  162  151  158  158  152  162  167  165  165  171  159  171
  176  173  176  184  180  171  173  187  167  201  184  180  176  180  183  195  182  186  180  186
  174  221  215  219  205  211  221  225  239  241  202  213  218  226  237  224  150  144  112  146
  185  169  164  155  173  169  164  159  155  168  156   53  149  139  116  144  159  135  170  177
  219   43   43   60   71  140  100   49  140  149  166   95   95  120   76   84   90   75   80   73
   46   56  -48   24   63   59   66   73  129  118  102  112   87  111   98   65   68   90   91   76
    9    1    5  -25   19   44   29   45   44   44   42   44   47   60   56   57   59   82   90   98
  100  127   41    8   43   23   66   89   73   56   66   69  113  124  125  121  126  129  144  125
  127  129  130  131  141  135  134  140  138  133  143  137  146  145  145  159  154  151  149  155
  155  154  156  162  158  168  166  191  172  206  190  172  163  175  172  189  162  173  166  170
  157  229  219  226  207  213  227  230  240  241  191  203  219  222  236  216  137  136  113  141
  175  157  165  141  174  171  167  159  157  169  156   61  158  154  140  162  176  142  186  182
  226   75   70  100  102  127   92   56  135  150  157   82   88  113   72   82   75   83   87   80
   60   66  -23   47   71   62   69   83  119  112  107  115   84  106   94   59   62   81   90   68
    9    5   12  -17   32   59   51   66   67   68   69   71   57   82   81   81   86  107  113  123
  125  152   65   43   74   48   93  112   93   76   90   92  134  151  148  150  153  159  171  150
  151  159  158  163  167  161  158  173  169  169  172  171  165  171  178  186  176  192  174  192
  190  185  195  193  188  189  189  207  180  215  181  204  203  190  204  214  205  207  189  208
  180  229  218  225  214  220  235  236  253  243  210  214  232  236  249  221  157  166  141  160
  191  175  186  162  197  194  192  180  175  193  176   81  167  151  124  145  165  145  174  187
  216   59   50   83   78  154  114   73  156  176  184  109  115  137  105  109  106  106  117  106
   77   82  -44   28  102   86   96  111  151  146  125  138  107  130  119   65   70   94  101   80
   -5    2    8  -27   18   48   30   43   41   47   53   54   49   74   68   70   75   95  105  111
  118  137   51   37   62   35   83  103   83   62   69   70  125  135  130  129  130  135  156  135
  139  139  148  140  161  155  150  161  156  141  149  144  163  169  167  186  176  178  172  181
  166  161  174  172  169  182  189  205  183  219  196  201  191  192  192  205  176  184  173  180
  169  238  229  234  215  226  235  233  240  244  197  213  222  226  237  221  150  152  120  148
  186  162  165  150  173  168  166  160  156  166  155   68  163  160  136  156  168  150  188  186
  231   60   59   82   84  128   92   52  137  153  157   93   94  122   81   90   74   80   89   85
   48   61  -39   28   75   61   63   72  112  119  120  119   88   98   85   47   59   70   98   58
    0   -5   -3  -33   15   49   34   51   50   56   53   55   48   70   70   70   71   93   93  110
  115  132   49   30   56   33   80  100   80   72   78   76  118  135  130  133  133  139  155  153
  144  146  160  150  169  167  166  171  171  145  160  161  176  174  176  189  182  185  181  190
  180  166  182  180  174  193  196  209  193  226  209  207  200  202  202  219  185  191  184  189
  182  239  238  239  228  236  245  246  257  249  212  233  238  241  255  235  161  169  140  168
  192  177  174  159  184  172  172  165  164  177  163   93  196  170  143  158  174  162  185  197
  229   92   76  111   90  127  102   65  138  150  158  100  104  130   92   99   72   97  102   97
   67   75  -11   50   85   72   64   79  114  106  110  116   87  100   84   22   34   56   73   51
    3    2   -4  -29   10   39   28   48   46   49   52   41   44   62   61   58   57   87   90  107
  107  130   46   15   48   17   70  102   88   70   78   76  124  134  128  130  133  136  150  139
  132  135  147  142  158  156  152  163  160  142  159  157  168  168  169  179  173  173  174  182
  176  169  182  180  177  180  185  200  189  218  202  199  189  198  196  212  182  191  186  190
  173  234  230  233  219  230  237  236  247  246  204  225  228  232  241  228  155  159  133  157
  194  174  177  157  182  180  179  174  170  177  165   78  179  167  135  156  166  153  183  190
  221   76   60   86   80  134  112   71  147  165  165   97  101  127   92  100   85  100  104  102
   68   79  -26   33   89   73   75   89  141  131  128  129  101  120  106   69   73   95   94   91
   -3   -6   -3  -31   15   43   28   49   48   46   47   43   39   64   57   58   61   81   90  100
  104  131   44   28   49   24   73   95   79   55   63   64  120  137  134  137  135  145  151  138
  138  144  146  148  155  149  152  164  163  153  160  164  155  160  168  169  164  176  163  184
  172  175  180  180  176  170  180  192  182  210  196  197  191  194  194  208  183  189  186  187
  169  228  222  226  219  223  232  237  251  249  205  219  230  231  245  226  150  149  124  147
  186  170  179  153  182  178  177  170  168  180  166   73  153  148  127  147  164  139  175  181
  220   48   49   69   72  135  110   69  152  166  174   90   91  121   76   90   89   99   95   80
   67   79  -46   17   74   69   74   97  132  131  138  137  108  122   97   64   80   98  105   96
   -5   -6  -11  -39   11   41   27   48   52   55   52   50   46   71   61   62   62   88   98  108
  103  131   47   13   39   22   74   95   71   61   70   72  118  134  125  142  133  142  149  147
  142  147  150  150  164  161  155  165  163  144  154  162  171  175  173  189  183  183  189  192
  180  168  182  178  177  190  197  211  204  227  221  208  198  211  208  220  193  198  192  194
  181  248  248  247  233  242  248  251  258  256  212  227  241  237  252  233  163  165  142  163
  199  175  177  162  186  175  177  171  170  181  166   87  183  173  152  168  186  163  191  197
  233   90   78  108   93  142  119   82  152  160  160  105  105  136   96  109   90  107  103   99
   81   92   -8   56   85   70   64   79  121  122  119  122   90  108   86   28   46   65   78   61
   13   22   20  -14   30   58   44   62   61   63   67   60   62   82   79   69   83  108  111  106
  126  155   67   54   81   53   99  116  107   82   92   85  139  153  151  154  154  163  175  161
  159  156  166  166  179  169  167  174  169  161  167  168  171  170  176  180  178  183  177  186
  176  177  185  185  181  178  189  201  185  215  202  196  192  195  199  211  186  194  191  191
  179  231  227  232  223  229  237  241  256  252  204  222  231  239  254  235  160  166  141  162
  194  178  184  162  195  188  191  181  178  192  177   83  167  153  127  147  165  147  175  190
  222   51   53   71   66  139  118   70  153  164  172  111  116  142  102  104   95   97  103   96
   66   80  -45   19   89   78   85  102  131  133  129  135  105  118  107   64   80   94  100   90
   31   23   24   -2   45   70   61   75   68   75   81   72   74   90   87   87   80  104  104  120
  117  142   69   44   62   33   88  104   92   65   74   79  130  138  146  137  142  150  153  143
  145  143  154  147  159  161  161  173  168  155  161  159  165  170  180  181  179  188  180  192
  171  174  183  186  179  180  197  204  193  219  205  204  195  202  208  220  189  199  196  198
  178  235  236  233  234  239  248  243  253  253  214  228  238  238  246  235  161  171  141  164
  201  174  181  158  185  181  182  173  170  182  167   76  165  148  119  141  157  141  172  186
  224   48   42   62   63  133  103   64  150  164  170   89   93  115   84   87   83   91   93   91
   59   70  -53   13   71   65   70   88  123  114  111  115   93  109   92   44   60   80   87   81
   21   24   18  -11   38   64   56   63   63   71   73   64   68   88   87   75   74  105  107  123
  117  147   70   39   54   29   90  105   96   61   71   70  131  146  149  140  140  151  162  143
  145  147  150  147  165  158  154  157  157  151  157  151  164  164  170  184  178  178  177  183
  162  164  174  172  178  180  188  199  184  210  195  199  191  190  198  207  176  186  180  185
  160  227  225  223  213  224  232  232  241  236  197  210  223  219  230  219  143  146  122  145
  178  157  172  144  182  177  176  163  160  175  154   67  157  148  126  147  160  143  178  183
  220   56   51   68   66  143  108   67  151  161  165   95   94  126   84   91   88   90   91   85
   60   72  -45   20   72   73   67   87  130  121  121  116   91  112  102   72   82  101   95   98
  -13    3    2  -42    5   38   27   34   38   46   50   46   47   65   62   63   63   88   87  103
  108  123   47   17   42   21   69   87   82   54   67   69  112  122  120  124  123  131  145  127
  128  126  131  128  141  142  136  145  144  136  145  144  151  154  155  174  166  169  169  173
  161  159  174  171  168  177  181  201  180  215  196  188  180  184  188  198  174  184  174  185
  163  226  218  220  215  219  232  236  249  242  206  219  228  230  243  222  152  158  135  153
  183  162  172  148  183  171  171  161  160  175  161   79  176  162  137  154  169  157  180  184
  228   64   60   76   81  125   99   58  140  152  158   81   84  113   82   91   75   84   89   87
   57   66  -33   27   68   65   64   89  118  122  121  121   92  113   96   58   65   84   85   82
    7   -4    6  -24   21   44   35   45   40   51   54   55   38   74   71   69   70   94   97  113
  110  140   55   44   63   34   81   99   88   73   82   84  123  137  135  144  138  149  156  145
  146  150  153  153  162  160  159  169  168  157  172  171  162  171  178  180  173  188  177  195
  186  189  199  195  191  178  187  196  180  209  197  197  194  190  196  211  196  203  198  206
  189  227  222  225  224  228  237  242  253  252  215  232  236  238  251  244  172  179  152  174
  202  188  191  172  201  195  194  185  182  196  177   84  168  155  127  148  166  150  179  196
  227   56   57   64   66  153  128   80  167  175  183  103  108  141   96  108  102  106  106  101
   74   92  -35   22   89   79   86  109  125  132  137  136  108  122  107   61   69   89   97   90
   -9   -7   -4  -39   12   44   31   45   49   53   55   55   57   78   75   72   83  102  107  120
  121  143   62   45   72   49   92  112   99   72   83   79  130  145  140  145  143  152  161  151
  148  148  154  152  165  163  158  170  166  152  161  166  169  174  178  185  179  185  178  193
  180  174  190  188  186  189  191  209  192  217  207  202  197  198  200  205  190  195  186  191
  179  236  230  234  218  228  233  236  237  240  205  220  220  225  230  230  158  152  121  146
  195  174  171  161  179  169  171  163  162  177  162   73  159  143  129  144  168  134  178  181
  221   50   58   66   79  133  104   61  140  151  166   98  100  126   86   93   82   87   95   87
   56   69  -35   29   67   62   64   78  116  119  127  123   92  102   87   51   68   80   97   81
   22   19    4  -18   36   59   46   61   68   63   62   56   66   77   71   69   60   90  100  117
  101  137   61   29   52   29   82  103   92   59   69   70  125  139  136  137  134  145  153  154
  136  138  143  142  148  148  148  152  149  149  145  146  152  150  152  164  160  158  152  169
  153  156  165  165  160  166  170  187  171  208  189  179  173  173  176  192  165  174  162  176
  159  226  220  221  206  218  221  225  232  237  191  208  217  211  222  212  144  150  121  145
  174  156  163  144  173  168  171  163  161  174  156   68  156  145  122  145  168  133  171  173
  212   66   61   95   89  132  108   61  141  148  157   92   94  119   78   85   89   87   88   82
   54   69  -34   37   67   70   68   78  121  118  120  115   83  102   93   83   88   96  108  103
   -7  -17  -11  -43   10   33   24   40   43   47   43   52   37   69   58   65   65   85   92  109
  100  132   49   27   49   25   74   94   83   52   61   72  121  134  144  142  147  151  150  158
  139  144  145  146  154  155  153  164  163  152  156  161  162  163  167  172  179  173  171  175
  166  167  175  175  171  176  187  204  190  223  205  194  182  197  194  215  171  185  189  185
  167  239  234  234  224  233  239  243  253  256  203  228  232  240  246  239  152  166  134  166
  200  164  169  155  175  175  178  166  163  182  166   76  176  158  142  158  169  159  184  196
  232   57   64   71   88  132   96   57  140  154  167   96   99  122   72   93   89   81   85   82
   45   66  -31   29   68   55   66   79  100  117  123  118   90  101   81   44   65   76   92   81
  -15   -4  -13  -48   -1   38   26   41   42   45   46   45   44   59   55   54   57   81   83   96
   99  124   49   20   40   21   69   88   72   54   56   66  112  124  120  127  126  130  146  151
  130  129  137  134  144  150  143  156  152  139  153  157  161  164  162  177  179  175  173  181
  172  166  180  177  179  189  186  196  184  214  199  195  186  191  189  199  182  191  182  187
  175  233  224  231  214  224  228  233  240  244  201  220  221  225  232  221  164  162  141  155
  189  168  174  162  181  170  176  164  166  181  166   79  158  160  138  155  178  150  186  182
  228   77   69   92   84  128   98   61  140  154  161   83   80  112   71   88   74   85   86   81
   60   68  -27   37   73   65   66   81  113  116  117  117   91  105   83   50   66   71   90   71
  -11  -20  -17  -51    0   36   18   43   41   36   30   36   30   48   41   51   51   75   83   94
   88  123   32    6   33   11   61   80   71   55   49   50  110  121  126  124  130  133  141  147
  129  126  136  130  149  153  146  157  155  135  153  149  164  165  163  180  178  176  178  179
  167  159  172  175  170  186  192  207  197  225  217  180  193  201  202  215  179  190  184  192
  182  243  246  242  229  238  237  239  244  245  216  239  235  236  239  231  160  162  131  159
  204  169  167  159  175  191  170  169  169  178  167   73  167  173  148  166  190  157  193  190
  233   98   83  117  109  124  101   64  137  147  151   93   92  117   75   90   75   86   83   79
   60   63  -17   63   69   58   63   76  110  111  119  115   90  100   82   39   60   74   87   68
   17    9  -11  -31   26   56   43   61   66   66   62   61   62   79   75   66   67   99   97  116
  118  142   66   44   65   37   89  109  100   78   78   83  132  147  139  143  142  145  158  159
  143  147  152  152  160  164  156  167  160  148  154  158  175  176  175  195  190  183  188  189
  177  170  182  178  180  197  198  212  202  233  216  203  196  204  202  211  189  196  189  192
  181  248  237  247  225  235  234  240  246  246  207  226  233  233  242  236  161  166  141  167
  201  174  181  160  189  181  182  173  172  184  170   86  181  170  145  164  181  156  188  193
  232   80   72  103  107  137  112   75  151  163  162  104  110  136   95  104   86  102  105   95
   75   79   -8   48   80   79   81   86  135  127  120  130  100  118  108   62   37   91   95   89
  -11  -22  -13  -43    7   36   32   44   50   46   46   41   40   64   57   50   61   89   90  102
  103  129   50   34   62   36   84   94   85   69   75   73  116  134  133  137  139  144  153  158
  143  146  155  152  161  161  164  177  174  152  170  171  165  171  177  182  181  185  171  190
  185  180  192  188  185  180  183  201  183  215  201  193  192  192  196  207  190  201  194  194
  182  230  225  230  221  227  236  237  248  252  203  218  225  227  242  228  164  163  144  162
  197  176  181  163  190  182  184  170  171  191  173   77  166  155  123  148  162  150  179  190
  224   49   55   68   76  142  112   66  148  163  172  106   99  132   91  105   94   96   95   93
   74   77  -35   25   81   73   77   90  132  116  122  124   97  113  105   45   58   77   81   62
    0    9   10  -22   24   59   44   49   61   68   65   66   65   80   80   81   96  111  111  121
  134  150   68   43   65   50   96  114  106   80   80   82  133  151  153  160  159  161  175  180
  168  170  169  162  171  177  174  184  177  164  174  170  180  186  188  197  196  200  188  204
  194  188  201  197  195  195  202  212  198  237  207  213  209  211  217  227  198  210  206  207
  188  240  233  237  233  238  243  246  257  255  214  232  238  240  252  211  170  170  143  165
  202  179  190  165  189  194  192  177  178  193  179   78  160  146  122  140  159  143  170  185
  221   47   48   61   61  158  121   66  167  177  185  122  122  146  100  112  108  104  105  102
   67   79  -40   22   89   78   87   96  142  130  136  137  111  125  111   70   84  101  103   89
   -6  -12   -5  -42    2   35   20   35   41   40   34   40   38   55   49   55   56   79   81   96
  100  127   40   18   48   26   67   93   85   59   64   66  120  134  134  137  138  139  151  158
  137  142  149  148  158  158  155  165  161  149  167  158  167  174  174  184  181  181  176  185
  175  176  181  178  178  182  190  200  193  218  202  202  194  200  199  211  182  194  182  189
  175  230  227  224  218  230  225  230  235  242  210  232  223  231  233  218  155  160  137  154
  189  177  184  158  190  188  185  168  169  187  168   78  169  153  134  153  173  144  181  182
  223   66   70   84   86  136  105   69  149  170  175   98   94  126   81   94   82   91   92   90
   61   74  -29   38   80   69   75   86  129  122  136  134  104  111   99   59   71   82  100   69
   -4   12   13  -24   12   54   37   45   44   62   62   67   64   85   83   81   90  111  101  124
  130  149   76   57   84   61   96  113  114   83   83   90  138  153  151  159  155  162  170  170
  153  162  163  162  165  165  171  181  178  166  181  177  172  171  181  184  187  192  168  201
  189  195  207  207  197  178  182  190  174  213  180  200  205  185  201  207  197  214  179  206
  184  226  208  215  214  218  228  229  243  239  232  231  223  225  243  217  160  163  134  148
  191  181  190  166  197  193  191  177  176  193  178   74  153  135  110  132  156  131  170  171
  211   45   46   63   75  152  112   67  163  173  187  115  109  135   93  107  110  103  105  105
   73   82  -51   26   91   78   97  100  142  143  142  144  122  127  118   86   91  115  113  102
  -15  -19  -13  -48    3   33   21   35   35   46   34   43   31   57   49   54   55   81   85   93
   99  123   44   19   48   25   65   90   87   72   73   75  114  131  133  142  143  149  145  150
  138  149  144  152  156  156  154  167  167  153  160  167  160  167  173  179  181  188  179  193
  182  174  188  179  181  181  192  202  196  225  210  209  201  208  210  220  191  204  198  202
  181  238  242  234  237  246  248  249  257  258  218  240  242  241  252  235  162  172  145  168
  205  172  176  161  184  180  182  174  173  186  172   79  163  150  126  142  161  152  176  192
  226   47   49   60   71  142  117   74  156  162  168  109  105  132   90  109   96  110  103   98
   74   85  -39   18   87   71   80   94  145  131  131  133  111  117  108   60   86  101  110   82
    1  -11  -13  -42   11   35   27   50   47   57   48   55   40   64   58   63   60   92   89  107
   98  126   47   11   27    9   69   85   71   40   41   47  113  122  127  127  132  131  145  147
  130  137  132  132  139  139  134  142  138  137  135  142  148  148  145  167  163  154  162  159
  149  144  157  154  154  170  175  193  183  216  205  182  166  188  180  204  159  165  167  165
  155  226  230  232  216  230  231  236  241  252  187  215  216  230  237  228  141  143  112  151
  182  153  146  142  153  154  156  151  153  164  149   60  177  168  149  171  180  164  195  192
  234   74   77   97   92  113   89   51  123  133  140   84   80   80   60   77   62   78   68   65
   52   55  -22   46   50   39   45   63  109   89  110  106   77   89   67   28   54   76   80   54
  -20   -5    4  -39   -6   41   22   38   40   59   53   73   58   82   81   76   85  111  112  123
  126  152   67   55   80   52  100  120  119   86   94   99  148  162  155  164  164  166  170  175
  159  165  162  163  172  173  168  180  175  165  170  174  176  185  185  199  196  198  193  203
  192  184  197  189  189  197  202  215  199  229  210  214  210  210  214  227  197  209  209  207
  192  239  247  243  242  243  249  247  258  259  224  245  240  249  257  244  176  184  151  179
  213  184  189  171  191  194  192  182  183  200  182   85  176  160  132  151  166  160  184  197
  233   60   66   76   71  156  129   81  168  179  180  122  121  167  109  121  107  114  121  117
   82   87  -24   35  100   86   99  105  156  137  131  135  118  128  124   82   93  112  103   95
  -10    0    0  -33   13   44   20   35   43   45   42   46   56   66   57   58   53   86   91  101
  104  135   60   33   61   33   74   99  102   79   82   88  130  139  134  141  139  140  157  156
  143  154  147  144  158  160  154  166  158  146  154  155  168  172  169  185  182  184  186  186
  172  167  180  177  175  191  198  218  206  241  236  211  198  213  207  221  187  194  195  193
  180  244  250  249  238  249  251  247  254  258  213  231  235  241  249  236  172  175  146  168
  204  180  176  165  187  178  182  174  172  189  168   88  189  169  138  161  180  163  192  194
  238   88   83  111   90  137  113   73  149  156  160  102  100  128   94  108   88  102  102  103
   74   81  -19   46   89   75   76   83  139  120  122  123   94  109  105   76   86   99   98   79
  -19  -11    0  -39    9   40   26   36   42   40   40   39   48   66   50   52   65   92   97  105
  105  141   54   38   63   43   84  107  107   69   71   76  133  148  139  147  146  146  164  165
  144  165  149  148  160  159  151  166  163  152  156  164  165  166  168  189  181  183  170  184
  171  168  178  176  171  182  181  198  177  212  198  192  187  190  188  201  175  185  174  177
  169  223  229  235  217  235  241  243  251  253  193  210  225  218  236  212  149  143  124  145
  176  165  174  150  178  176  177  166  165  180  162   68  156  152  133  148  168  144  179  175
  225   83   69  101   99  133   99   57  141  152  161  101   95  118   79   92   84   89   87   81
   66   68  -21   58   71   58   69   76  122  107  109  112   87  103   88   61   74   81   92   63
    9    7   15  -13   28   57   41   54   56   65   65   64   65   87   83   76   81  116  114  126
  120  148   68   58   73   45  101  112  110   78   85   83  138  148  141  150  145  147  166  170
  153  162  157  147  168  164  153  164  157  143  148  152  170  169  167  191  185  179  185  186
  167  162  180  169  179  196  199  215  205  233  224  206  196  206  210  222  183  194  186  193
  181  237  242  247  236  245  252  248  254  254  210  237  235  244  253  237  166  165  144  170
  197  168  176  155  184  177  181  173  174  188  173   83  172  151  131  151  167  148  179  186
  225   72   69   82   86  133  109   73  148  156  156  104  100  125   88  101   87   92   95   95
   67   74  -46   37   77   73   78   88  134  119  124  132  102  113  101   66   67   80   87   69
  -15   -6   -7  -43    0   36   25   39   35   40   41   40   44   58   56   45   59   84   73   89
  101  116   42   22   45   18   56   76   81   61   61   64  114  124  119  129  129  137  140  144
  124  142  135  132  145  145  138  156  151  136  145  153  152  158  162  173  169  173  166  179
  166  160  173  171  169  174  176  192  180  214  207  193  184  190  191  206  172  185  175  179
  169  222  234  229  222  238  244  240  253  253  197  215  226  227  244  214  151  147  129  151
  180  164  166  149  173  168  174  160  160  176  159   71  156  142  116  155  154  140  172  177
  222   50   51   61   60  129  112   65  136  146  153   88   87  114   73   90   87  102   89   83
   70   75  -43   26   72   63   68   85  141  127  126  138  113  118   94   48   66   79   91   67
    0    0    6  -33   15   49   34   61   56   67   61   70   57   78   79   70   83  111  110  118
  119  143   62   39   63   45   88  106  105   87   90   81  141  153  142  157  150  155  168  169
  158  171  161  158  173  174  168  180  176  159  166  173  179  183  183  198  196  195  191  195
  188  180  189  184  185  198  200  213  201  229  217  205  197  203  204  217  187  196  199  194
  174  234  238  243  230  243  248  251  261  263  209  231  236  241  252  238  160  165  147  174
  197  173  190  156  194  190  192  178  178  194  179   85  176  162  138  154  168  163  184  197
  237   65   66   77   80  155  120   68  162  176  177  115  107  141  102  113  104  106  110  103
   74   77  -28   34   80   62   65   82  128   99  108  113   94  104   80   17   33   55   54   35
   26   19   25  -12   37   66   44   58   57   61   63   63   72   91   82   74   74  113  112  128
  119  154   77   51   68   48  100  110  107   75   81   84  140  152  148  155  154  157  165  167
  153  167  159  150  162  162  157  167  162  152  155  157  165  175  170  192  186  185  184  190
  176  165  178  176  177  190  194  207  192  216  211  208  197  206  204  213  183  191  183  190
  177  227  236  237  228  238  241  240  242  245  212  219  233  230  238  225  158  156  128  154
  195  172  171  156  179  171  170  166  163  171  158   77  171  168  143  166  184  154  192  183
  234   91   81   98   90  139  112   62  145  152  157  111  110  136   88  107   86  101   97   94
   64   73   -7   60   79   74   69   79  138  102  112  118   93  107   92   58   70   85   92   72
   11    1   17  -20   30   61   42   51   49   63   63   66   68   89   83   71   76  112  109  120
  112  144   69   46   66   43   99  106  101   69   77   81  138  149  146  155  152  160  162  167
  152  172  161  155  163  168  165  179  175  159  170  172  175  173  177  186  184  184  172  189
  181  179  187  183  183  189  187  202  191  214  213  204  196  206  206  221  187  201  199  200
  179  223  237  233  237  245  250  245  249  253  216  227  241  246  246  229  160  156  137  156
  194  172  178  159  187  178  184  172  172  186  169   74  160  152  129  151  175  154  188  189
  236   67   65   75   87  153  119   75  158  168  163  110  100  134   88  104  101  106  110   98
   78  100  -16   43   89   85   91  105  159  128  127  136  110  121  105   71   87  103  108   91
   39   45   43   30   58   85   71   86   89   92   91   81   92  105  106   76   79  111  117  133
  123  157   89   64   86   55  111  110  118   86   90   89  153  161  157  162  160  160  167  170
  151  177  159  152  165  167  164  179  178  157  170  176  167  171  179  186  179  184  188  172
  183  181  189  184  185  181  179  196  177  215  198  192  190  188  191  206  187  195  185  191
  172  223  228  234  231  239  250  244  252  256  209  226  240  241  251  225  148  160  129  158
  189  163  169  152  176  172  175  167  168  176  165   69  159  154  129  154  172  154  185  189
  231   60   59   71   85  145  115   69  155  167  162  115  111  136   92  109   95  104  104  100
   75   76  -33   35   82   76   81   94  144  100  114  125  100  116  104   85   88   99   95   96
   15    7   14  -21   23   59   46   60   57   69   62   65   61   83   74   71   70   91  103  116
  106  140   66   35   51   32   89  101   94   60   71   73  138  144  145  145  151  150  155  162
  135  161  153  146  156  159  153  170  167  149  161  167  163  169  172  180  180  181  170  188
  177  182  189  179  183  185  180  194  178  207  191  190  191  182  189  196  178  191  176  185
  168  216  217  229  210  232  229  242  258  255  201  211  233  237  251  224  149  146  122  145
  175  166  175  149  183  174  171  163  161  173  163   69  161  165  141  166  182  157  186  189
  237   74   71   87   96  142  112   63  148  163  159  100   94  122   76   92   92  103   94   90
   74   73  -18   46   73   64   77   89  144  120  106  122   96  110  100   79   85  105  105   95
   20   25   30  -12   44   70   61   73   69   72   64   60   53   77   79   69   65   85   90  103
  108  128   58   26   36   22   74   83   81   58   60   65  122  118  123  129  131  132  150  144
  120  142  139  130  145  145  139  151  144  130  141  142  151  154  156  177  171  171  155  180
  163  158  174  169  171  176  172  191  169  206  190  180  186  181  194  201  172  190  167  185
  168  212  217  229  204  228  226  231  244  249  200  209  219  230  241  216  146  149  119  141
  176  157  161  142  174  167  168  156  155  169  153   65  154  142  116  139  164  139  171  170
  218   51   51   77   82  117   92   51  136  144  132   83   85  109   70   84   67   82   82   76
   56   57  -42   29   55   57   58   74  116  104  109  113   90  100   75   57   75   71   91   63
   13   10   13  -16   30   55   40   54   58   57   58   54   40   65   66   59   55   82   98  102
   97  134   64   31   56   29   75   97  100   77   80   87  139  133  149  147  153  152  140  161
  131  162  156  149  164  164  161  174  170  149  160  170  165  169  174  183  178  180  169  186
  176  174  184  178  181  184  179  197  182  190  190  192  192  187  192  197  181  191  173  187
  167  202  219  235  201  227  231  236  245  249  194  203  216  228  236  200  148  140  119  136
  176  165  170  150  182  173  173  161  161  173  156   64  153  150  130  157  181  141  184  175
  230   53   69   78   96  140  102   59  144  159  154  101  100  128   84   97   84   99   92   89
   65   67  -34   41   68   54   61   73  124  109  109  111   85  100   77   53   71   84   88   69
   31   22   23   23   40   65   51   72   70   68   66   63   69   83   77   74   74   96  107  118
  121  143   65   32   46   29   82   98   94   61   61   61  141  134  148  142  150  151  151  165
  136  159  157  145  164  161  154  167  162  144  155  154  167  168  169  189  183  181  173  181
  171  166  174  167  167  189  183  201  184  218  200  192  187  186  186  197  169  176  167  175
  160  228  222  237  209  232  237  241  247  254  186  196  220  227  240  213  147  150  122  148
  171  159  165  146  175  167  164  160  161  173  156   69  158  154  133  154  173  156  180  184
  227   67   68   82   91  128   90   53  135  149  145   94   91  120   70   84   71   84   78   71
   60   56  -30   38   62   61   55   68  116   98  110  119   85   97   69   48   66   80   87   61
    3   50   50  -10   48   74   63   49   79   80   77   78   83   93   89   86   85  107  116  125
  122  146   77   44   68   44  102  107   98   78   79   85  145  140  154  153  157  159  154  167
  145  166  160  160  170  170  165  178  169  158  163  164  173  178  179  192  187  188  185  190
  184  175  186  178  184  190  197  213  203  231  221  210  200  209  206  219  188  196  187  196
  178  236  242  248  230  244  246  246  249  255  209  222  234  244  245  241  163  168  139  171
  197  172  173  164  188  178  180  176  178  186  173   82  179  164  142  162  184  168  191  199
  236   73   62   89   92  145  121   74  151  163  157  110  111  135   93  109   92  104  108  103
   55   76  -28   41   85   77   76   90  139  104  113  124  100  113   92   68   81   92   93   79
   -2  -13    0  -42   14   41   37   45   41   49   50   47   43   71   62   64   67   86  100  105
  110  133   47   31   59   30   75   86   88   79   85   89  128  129  140  146  152  154  143  158
  136  165  150  152  165  167  158  171  170  151  162  164  173  179  177  197  192  189  182  192
  185  179  191  182  187  200  195  213  195  229  214  212  205  207  214  220  193  203  186  201
  181  237  242  250  225  248  255  256  263  263  217  223  236  246  251  225  168  173  141  165
  197  166  169  159  184  171  179  171  171  184  166   81  179  164  142  162  183  163  191  190
  222   61   70   79  102  146  121   68  148  160  154  109  107  131   99  111   92  109  110  105
   56   76  -32   40   83   75   81   90  136  108  119  125  103  107   91   54   76   90   95   82
   -4  -16  -11  -39    8   32   14   34   31   39   39   44   41   64   52   52   53   82  101  102
   95  134   59   33   51   32   75   95   98   69   72   82  140  161  157  151  161  165  145  166
  137  170  166  156  177  177  173  188  188  163  175  183  180  177  190  196  192  196  180  199
  199  193  198  193  195  194  194  209  192  220  208  207  200  199  206  217  193  197  196  197
  176  230  236  249  231  246  254  255  262  262  209  222  241  248  251  233  156  161  132  161
  194  169  173  160  181  176  175  177  176  184  173   77  168  153  129  150  170  161  178  197
  234   55   55   65   67  149  113   63  149  161  161  116  104  129   82   98  104  107   88   86
   51   74  -45   18   72   65   72   92  143  120  126  137  105  117  102  108  129  123  131  127
   24   32   29    1   41   73   64   83   81   89   89   89   81  108  104   97  101  127  127  144
  136  168   87   63   78   54  103  115  118   84   88   97  148  153  164  158  174  178  170  185
  162  186  174  175  188  185  181  189  189  174  184  180  184  189  191  206  202  202  194  206
  201  195  205  200  201  205  207  225  208  238  225  223  214  220  224  236  205  218  216  216
  191  242  249  256  240  254  263  257  262  266  232  237  245  255  256  231  170  179  148  168
  205  179  191  169  207  194  198  187  185  200  177   89  175  160  160  166  194  167  199  199
  236   70   85   91  115  156  125   78  164  183  179  120  118  165  102  113  103  112  110  104
   63   80  -18   44   92   77   87   97  141  111  133  137  102  118   95   62   85   96   98   89
   -8  -18   -3  -38    4   40   27   43   49   53   52   56   50   72   66   67   75   95  109  114
  111  142   60   40   59   40   88   95   98   69   73   76  130  131  144  149  148  152  146  165
  140  154  149  147  163  163  153  165  157  150  154  156  172  176  172  199  194  190  190  192
  181  167  183  176  179  202  206  215  204  230  224  214  202  212  211  220  188  194  186  199
  184  237  249  255  234  252  260  259  263  263  213  224  246  235  251  236  167  175  143  169
  203  171  176  163  189  180  183  180  178  185  174   80  178  173  143  167  190  172  189  196
  234   71   85   89  105  144  118   75  152  156  154  106  109  134   92  111   98  110  105   97
   62   79  -26   44   95   83   82   97  159  119  138  142  111  118  106   83  103  115  114  105
    0   -9   -6  -40   20   47   33   44   48   52   59   55   55   72   66   64   61   89   98  105
  105  133   53   25   51   30   70   82   90   75   80   75  127  133  132  143  141  142  142  161
  143  145  153  143  168  171  156  170  160  144  151  152  178  180  174  199  191  186  190  187
  177  164  177  173  175  200  197  218  203  236  232  206  193  202  198  211  182  184  200  189
  173  246  251  259  226  249  254  253  257  262  202  215  236  230  245  233  165  156  144  171
  197  172  179  160  196  183  188  174  176  190  172   92  178  150  139  159  185  167  191  195
  236   67   72   80   97  135  109   73  149  158  152   96   99  131   87  102   78  100  101   92
   58   75  -19   40   86   70   61   82  110   98  126  135  100  102   67   24   40   53   71   31
   12   12   25  -21   34   70   62   62   67   82   83   80   77   97   99   89   93  119  121  129
  130  152   72   58   79   54   94   99  106   93   98   98  138  148  155  162  164  162  187  172
  152  162  161  155  176  168  167  180  170  165  170  170  179  188  183  200  196  197  191  198
  194  184  193  185  190  198  200  213  194  229  220  217  209  215  214  225  197  208  206  209
  184  231  245  249  233  251  260  260  265  267  222  228  246  236  260  238  169  163  149  171
  208  176  183  164  197  186  194  188  190  197  181   93  182  164  137  160  179  165  189  194
  233   68   71   82   92  150  126   85  160  170  164  108  120  145  105  115   98  120  116  111
   73   89  -18   40   97   80   84  101  147  115  138  142  110  119   97   63   81   90   93   80
    4  -26  -17  -50    9   31   22   31   37   39   41   46   35   50   47   57   52   76   77   89
   90  118   32   -4   25    5   54   59   70   65   66   69  107  113  129  137  142  138  132  150
  134  147  144  145  162  157  165  180  167  150  159  168  172  181  189  201  189  195  176  195
  193  180  192  180  185  197  188  205  184  221  203  198  194  199  191  198  188  193  182  189
  175  230  227  245  207  235  241  244  251  259  202  209  224  220  241  226  161  153  144  159
  190  169  180  159  199  193  199  190  189  200  183   85  172  153  132  157  175  165  188  197
  231   47   62   64   82  154  127   67  165  172  157  100   99  136   89  106  103  109  103   94
   59   83  -41   28  106   80   89  102  153  131  153  156  121  122  100   59   96  107  113   99
   17   15   23   -9   39   64   47   58   60   69   74   65   68   86   77   69   67  103  107  118
  108  141   76   38   56   35   77   84   97   71   75   87  132  132  145  144  147  138  149  160
  140  148  152  142  165  158  158  162  151  149  150  151  170  170  167  188  185  182  174  188
  180  168  184  176  185  192  192  210  194  226  211  203  198  194  200  204  187  198  183  197
  177  232  225  243  213  234  248  254  261  262  206  214  228  230  248  232  158  147  128  161
  193  166  166  156  177  170  184  169  175  177  167   76  167  168  153  169  183  172  201  196
  238   84   80   94  109  139  102   62  139  155  148   94   94  121   86  101   85   99   95   97
   60   74  -11   62   93   73   80   87  137  113  132  137  101  111   94   72   98  104  115  101
   30   23   23   -6   45   72   58   59   75   77   87   76   80  102   77   74   67  119  122  133
  118  155   83   52   73   42   97   85  100   78   79   86  140  140  147  154  150  139  152  168
  140  152  152  148  170  160  163  178  159  152  150  154  168  179  173  192  186  191  170  195
  185  172  187  180  184  192  180  206  175  217  188  203  203  191  197  205  188  200  182  197
  172  222  216  236  215  232  248  238  236  253  216  213  225  223  242  229  151  141  126  149
  185  164  159  142  167  163  161  156  156  171  156   65  160  153  133  152  167  156  183  184
  229   61   63   74   86  137  106   68  142  150  147   97   99  129   88   96   87  109   89   93
   56   75  -28   38   84   70   69   82  119  100  128  133   93  109   83   65   82   85   89   76
   20   24   35   -8   41   71   52   59   63   69   77   71   86  101   91   75   77  111  118  127
  115  147   92   62   79   53  102   93  106   85   92   86  149  148  157  155  158  145  149  164
  144  155  153  151  168  163  158  174  163  155  159  158  166  174  173  193  190  189  186  191
  185  173  185  181  184  198  195  213  197  230  218  211  199  203  199  210  189  196  183  199
  179  237  238  253  227  252  263  251  251  270  216  223  243  234  252  235  159  149  134  160
  203  172  169  158  178  166  169  171  168  179  165   73  180  167  143  167  185  168  191  198
  240   70   79   84   97  141  107   64  144  152  151   95  102  131   93   99   90   99   91   97
   56   70  -27   46   90   72   74   88  145  108  138  141  101  113   97   75   96  102  108   97
   10   10   21  -27   37   67   48   51   58   63   74   74   75   97   96   81   98  116  121  139
  144  164   83   71  102   73  105  111  126  115  111  113  161  163  179  178  181  173  178  195
  177  195  185  187  201  193  197  204  191  190  189  187  197  203  204  221  219  215  209  217
  210  202  211  205  209  224  218  233  217  244  236  226  221  222  224  234  217  221  216  224
  203  249  259  261  248  253  270  258  256  271  236  247  259  256  261  248  178  168  156  179
  218  188  195  180  207  199  197  198  190  204  189   93  179  166  144  163  177  169  189  204
  239   63   72   71   86  171  137   86  171  180  181  128  134  161  130  130  128  133  137  137
   76   97  -23   39  123  104  106  118  170  129  162  176  129  138  116   72  103  121  120  114
   21    6   11  -33   39   66   53   53   65   66   75   65   68   85   82   74   68   90  102  120
  113  141   71   43   62   36   85   84   97   79   73   75  136  132  144  143  149  142  149  161
  143  147  156  154  174  171  166  178  170  159  164  167  176  185  185  204  198  196  193  202
  195  182  194  186  189  208  201  215  201  230  215  216  211  213  213  223  197  206  191  204
  183  242  241  251  230  236  262  245  248  250  221  224  242  231  249  232  160  151  138  164
  203  177  187  163  194  179  172  166  164  180  165   83  169  158  132  158  174  158  189  195
  232   93   80  111  121  140  103   66  143  165  157  100  101  129   86   97   85   94   87   94
   55   69   -3   71   82   69   66   87  139   98  121  131   96  108   85   54   72   87   81   78
   28   19   24  -10   43   72   61   64   67   75   83   80   77   99   95   92   92  113  119  134
  131  154   86   48   69   45  104   90  104   82   79   90  146  147  160  163  160  161  163  174
  154  172  169  168  182  179  174  183  171  172  172  173  186  190  189  207  204  200  195  204
  191  185  194  188  192  206  209  225  207  237  231  221  213  217  219  230  202  214  207  210
  190  244  256  260  240  249  269  252  256  258  230  229  251  240  259  240  172  165  152  179
  215  178  182  169  196  188  189  184  182  200  180   95  183  170  130  158  176  168  193  209
  239   63   65   78   89  150  123   82  157  164  160  109  115  143   99  112  108  114  105  107
   70   85  -27   30  108   89   87  103  160  110  136  147  107  115  107   69   99  109  109  101
   21   12   13  -15   33   64   52   62   61   68   71   65   69   89   84   79   81   99  110  124
  124  155   71   37   65   46   87   92  107   86   88   95  153  149  170  173  172  164  168  183
  163  188  174  177  179  181  153  194  188  185  192  191  192  201  203  213  206  209  197  204
  211  204  216  204  210  206  204  218  195  232  218  224  225  216  220  230  216  225  211  219
  198  243  251  254  233  249  270  255  254  258  236  228  249  240  256  241  170  158  142  169
  208  176  189  172  196  187  186  176  177  195  174   85  181  173  142  171  184  185  198  215
  245   79   75  107  112  168  128   73  169  181  177  123  122  155  113  123  122  113  115  118
   59   79  -22   50  110   98   92  101  161  119  144  156  113  117  107   68   93  121  105  109
    6    0    6  -30   34   56   44   51   57   61   64   58   58   72   68   67   69   83   89  109
  107  128   65   40   66   34   72   74   89   79   80   84  136  134  147  148  152  143  140  162
  143  153  155  154  158  160  165  165  161  160  167  161  165  171  171  192  183  177  174  184
  167  173  179  180  178  188  180  198  182  218  207  194  190  190  188  199  184  193  182  187
  167  226  233  243  208  227  249  237  238  245  208  211  235  227  240  227  151  141  132  152
  183  164  174  154  187  180  177  172  167  188  168   81  166  158  129  157  182  151  195  192
  239   68   70   82  100  147  114   71  152  162  161  104  109  141  101  110   96  105  109  106
   60   79  -21   45   94   92   83   97  162  118  139  146  111  115  105   75  101  108  110   97
   42   36   34   -7   54   79   69   69   71   82   89   73   88   98   97   80   77  104  115  134
  115  142   85   55   75   39   93   95  103   91   87   90  142  146  151  156  156  150  136  163
  144  160  153  157  156  162  159  168  164  161  166  164  169  176  179  191  186  183  185  190
  172  176  188  178  184  191  190  208  193  219  211  202  197  198  195  203  188  190  182  184
  175  234  234  247  206  224  249  237  243  254  207  208  230  217  237  221  162  151  142  160
  192  167  178  157  187  184  180  172  168  189  168   79  175  158  131  161  179  155  186  191
  234   63   73   79  101  150  119   74  156  160  158  103  117  139  104  113  100  112  113  105
   67   88  -21   29   97   90   82   95  150  113  146  156  108  113  100   80   99  105  105   99
   -1   -4    9  -25   27   54   46   51   50   55   64   57   61   83   70   70   71   94  100  123
  110  145   69   42   63   41   86  100   91   54   70   81  146  146  156  163  158  160  152  173
  158  173  167  168  165  167  171  177  174  173  182  180  176  183  186  198  197  190  189  199
  178  185  186  178  176  194  198  210  197  224  223  206  209  209  213  229  197  206  203  204
  176  230  239  244  218  238  252  248  251  261  224  226  250  238  258  242  161  156  138  174
  202  160  179  145  184  180  180  118  172  188  170   79  168  161  139  156  179  165  188  208
  235   59   65   74   99  153  119   74  160  164  162  112  109  143   97  106  107  110  110  101
   58   79  -26   25   97   69   71   85  136   98  127  141  102   95   82   57   82   96   91   89
    4   11   10  -17   30   60   52   57   53   67   70   66   69   86   83   76   78   94  105  116
  119  147   77   48   66   41   87   94   94   78   83   83  136  139  147  145  151  151  157  167
  153  164  159  155  162  161  172  170  169  172  179  176  176  184  183  202  193  186  185  205
  182  193  200  191  192  199  195  219  191  229  209  205  208  201  201  215  193  213  200  204
  177  235  228  250  213  234  244  247  246  253  219  214  237  225  249  219  158  149  132  150
  189  175  189  150  197  192  185  183  176  195  179   76  156  155  129  150  179  146  181  183
  224   58   69   73   87  159  131   78  176  180  174  118  116  155  109  112  119  124  115  113
   67   92  -23   36  111   89   91  107  162  126  154  164  119  118  115   81  110  116  121  114
   -4    5    9  -30   22   56   36   46   46   59   64   64   69   90   88   77   90  106  114  126
  121  143   74   57   91   65   92  100  105   95   98  106  140  146  153  159  159  166  157  168
  156  169  162  168  164  167  171  176  179  176  173  182  180  187  190  205  203  188  193  209
  186  192  208  184  197  204  205  216  195  233  221  215  218  215  221  234  203  226  227  220
  196  239  240  255  231  248  258  253  256  263  238  231  254  239  262  239  180  173  153  180
  214  183  191  164  204  194  189  189  178  195  179   95  178  163  136  156  179  159  187  201
  236   73   71   80   89  152  125   89  167  175  176  125  121  154  119  117  114  119  120  121
   70   93  -16   34  114   95   92  104  145  110  140  153  113  109  105   62   75   97   89   93
   18   18   20   -9   37   66   40   55   58   62   72   63   77   87   78   76   73   98  116  122
  107  145   81   50   71   48   92  104  102   82   85   79  147  148  159  146  157  160  160  175
  162  169  161  159  168  164  168  175  177  172  174  180  180  185  185  202  195  186  190  187
  183  196  204  190  197  199  199  213  202  228  222  209  210  211  211  226  194  215  211  201
  189  241  234  258  221  245  251  250  253  258  225  221  244  230  256  229  178  166  151  173
  204  191  193  165  206  196  190  192  182  202  186   96  175  157  132  149  179  155  181  199
  235   73   73   85  100  137  127   85  166  175  180  118  110  145  100   95  103  118  109   97
   70   88  -14   34  101   86   81   94  138  109  136  155  116  105  101   67   85   95  110   88
  -32  -24  -29  -63    1   32   11   28   36   45   42   45   44   69   60   69   73   91  100  112
  118  141   51   34   67   49   74   95   96   79   81   89  134  142  145  150  145  155  158  168
  161  162  160  160  169  167  166  167  164  166  161  160  183  183  178  212  204  179  209  186
  180  169  186  176  178  219  214  234  224  245  237  219  208  224  217  228  188  201  186  195
  190  253  247  265  236  252  261  263  267  268  232  239  256  251  270  246  177  170  157  175
  219  187  190  155  204  184  190  185  179  198  178  100  193  180  151  171  200  173  199  211
  248   84   83   94  111  141  123   82  158  167  161  115  117  151  105  106  101  111  120  111
   67   87   -9   44  102   85   74   90  158   96  127  143  106   94   89   29   46   68   73   53
   -5    0    7  -33   21   51   32   42   43   58   62   57   68   84   77   73   71   92  100  116
  117  138   69   47   67   42   81   89   86   73   76   80  128  135  135  137  136  145  149  159
  149  147  150  148  160  154  154  157  156  150  150  152  168  171  164  195  191  174  189  175
  167  157  177  159  166  198  204  223  206  239  229  205  201  203  204  216  183  196  175  191
  176  248  240  264  223  244  250  246  245  254  223  229  244  233  248  234  167  164  150  168
  203  174  180  147  186  168  173  166  165  183  164   90  184  174  147  169  198  161  198  192
  241   90   87  107  116  129  110   80  147  159  151  102  105  133   89   91   79  105  105   98
   67   77   -7   51   96   78   74   94  158  103  131  143  102  101   92   65   75   79   93   75
