  201  185  200  161  203  227  213  216  222  218  233  217  236  254  236  211  231  252  247  251
  232  239  221  206  220  186  240  251  233  209  221  230  259  270  262  265  268  255  250  244
  257  261  262  272  265  262  258  283  279  262  276  264  263  265  285  260  272  278  283  278
  277  279  292  283  276  283  282  277  278  286  281  302  285  288  296  293  290  296  293  302
  275  283  286  278  289  281  284  282  290  283  281  283  284  282  287  283  245  247  217  224
  269  267  281  259  281  277  265  262  252  269  249  158  221  211  177  208  208  201  211  226
  251  152  119  150  149  256  219  166  249  277  285  229  230  263  242  224  202  217  236  235
  172  185   76  126  226  216  227  264  317  265  239  255  248  275  293  222  219  260  225  246
  201  189  208  161  202  230  214  216  218  220  234  225  233  253  244  211  225  261  254  255
  238  244  221  217  228  191  240  247  233  224  236  230  263  269  267  279  268  269  250  249
  264  277  258  272  266  263  264  273  279  276  281  280  274  270  285  269  277  290  283  294
  291  279  290  285  293  283  281  274  281  277  281  292  290  288  289  288  290  291  285  296
  279  286  286  283  289  279  289  282  289  289  281  282  286  283  287  292  253  259  226  236
  269  291  289  281  294  285  283  262  270  282  262  164  236  227  181  208  212  205  211  231
  251  149  119  157  149  268  242  180  264  277  283  229  246  263  266  242  216  241  236  254
  172  209   76  133  220  209  220  255  325  273  246  255  248  275  294  222  219  260  234  233
  201  183  191  161  207  236  218  211  223  216  232  225  230  249  234  216  225  256  255  258
  234  243  236  218  234  204  246  256  235  227  238  230  263  278  270  281  268  275  259  255
  268  281  271  272  279  285  281  298  300  282  287  288  289  297  295  295  311  311  299  306
  305  290  307  295  308  297  309  289  291  289  285  313  304  288  299  299  308  301  295  300
  286  284  296  290  299  285  287  290  296  292  296  296  297  293  292  299  252  254  223  234
  281  277  277  258  282  271  269  262  258  275  254  157  228  218  183  207  209  207  212  235
  251  140  119  161  151  258  230  166  256  276  297  229  237  263  249  229  208  234  245  239
  172  196   69  102  225  224  243  271  359  290  269  271  267  298  299  222  230  282  241  247
  222  184  191  161  215  229  227  228  229  212  229  208  214  222  215  178  201  228  231  230
  215  205  204  191  205  179  213  228  213  207  218  234  234  247  240  255  250  256  216  229
  238  256  239  253  239  238  242  248  249  255  249  246  244  249  253  259  271  263  264  271
  265  250  269  251  264  270  271  275  264  286  279  286  281  285  285  298  279  296  303  297
  268  282  285  288  296  286  287  289  303  295  290  296  292  294  300  301  247  237  212  227
  272  253  267  243  274  271  264  263  261  264  252  152  219  212  186  200  202  200  206  231
  251  148  138  162  149  258  217  167  258  263  254  220  230  257  225  222  208  240  239  228
  171  189   83  135  224  224  239  249  319  246  252  248  246  273  277  203  208  249  209  213
  200  190  200  161  209  238  218  228  228  231  237  233  244  245  234  239  225  243  251  244
  226  224  235  208  225  190  249  255  242  230  237  238  266  266  279  282  278  276  238  238
  251  274  258  270  258  261  265  277  274  274  270  269  262  275  274  274  279  282  276  289
  288  273  289  273  288  274  287  276  269  278  267  296  296  278  286  283  292  288  281  280
  271  271  270  272  274  267  270  274  283  285  273  281  267  278  287  293  250  237  218  221
  270  269  271  255  276  265  259  254  253  268  247  150  218  204  172  192  198  198  202  225
  246  144  130  156  150  268  224  164  251  271  283  235  256  267  240  236  212  236  247  239
  169  180   74  131  231  222  238  246  335  257  260  245  250  281  283  227  224  271  223  231
  200  169  183  161  193  211  200  194  199  196  219  203  213  234  225  189  225  243  248  246
  228  233  213  190  201  180  235  240  222  208  213  215  258  267  271  277  270  277  253  248
  263  275  268  281  275  275  276  290  285  282  277  281  279  292  289  288  294  301  291  300
  296  281  296  280  293  294  309  289  293  299  286  311  307  298  302  299  307  310  295  299
  278  285  288  285  297  284  287  284  289  286  287  285  284  284  286  285  251  236  216  218
  268  270  271  258  276  270  266  261  259  271  251  154  227  211  177  201  206  198  209  222
  248  119  127  146  137  270  225  152  255  271  283  225  230  253  221  225  207  212  228  221
  161  175   53  103  218  206  239  255  353  294  303  280  266  296  296  243  247  290  248  255
  192  162  174  147  192  204  204  214  211  209  221  210  201  219  212  199  206  227  234  234
  219  218  206  183  208  168  213  232  220  213  222  224  255  256  267  257  261  257  232  236
  246  253  248  256  257  263  260  277  272  258  267  277  270  282  281  285  294  288  290  295
  292  274  291  283  289  293  302  287  288  297  294  314  304  297  306  300  299  309  305  300
  279  286  291  284  293  282  281  282  286  283  287  288  285  281  287  286  250  239  219  223
  273  265  276  252  280  272  264  259  255  263  254  156  225  209  181  201  208  202  208  228
  251  142  122  168  152  257  220  154  253  273  283  222  234  257  225  222  205  218  233  231
  168  180   79  127  231  223  227  252  327  253  249  249  254  274  279  212  211  258  225  234
  203  181  187  162  212  232  224  229  231  232  240  233  234  247  249  229  245  260  269  260
  247  238  229  225  230  196  243  250  233  226  232  238  262  270  272  274  273  270  259  259
  272  278  275  278  280  282  277  296  295  269  282  292  286  297  302  286  292  304  294  307
  305  289  297  287  295  292  296  281  279  279  274  306  306  288  296  293  297  298  288  286
  274  277  281  277  287  280  281  282  286  281  281  284  281  279  283  289  253  238  225  219
  267  268  277  257  289  283  283  269  265  279  263  165  227  214  180  202  210  194  212  228
  249  144  121  173  153  266  241  174  260  277  282  233  243  263  239  238  216  229  242  241
  181  191   82  131  225  216  216  253  331  269  261  259  260  288  280  212  211  247  229  223
  180  169  186  146  190  227  197  197  199  195  218  208  219  230  225  210  215  240  245  249
  230  233  206  194  208  183  222  239  228  216  225  230  257  264  267  278  278  281  254  258
  275  284  278  291  286  282  286  305  305  299  300  299  281  290  297  285  291  293  282  297
  306  296  303  303  304  287  291  280  273  285  276  295  298  284  294  293  301  303  291  295
  284  281  281  280  284  277  280  276  287  281  281  282  275  274  282  283  261  242  227  221
  268  289  298  265  311  298  286  271  264  280  262  164  229  209  182  199  205  197  208  228
  251  148  118  182  156  298  237  174  275  306  314  247  245  280  239  239  226  231  242  238
  180  189   91  133  227  221  223  257  326  270  261  261  258  285  286  213  208  247  215  219
  211  173  190  162  209  230  214  219  216  215  229  219  223  241  231  214  229  252  260  251
  229  220  224  207  232  194  237  256  240  230  238  236  266  265  263  263  264  263  247  255
  256  263  264  263  276  277  270  285  276  263  265  274  285  290  286  294  298  292  284  293
  284  274  289  279  282  296  295  283  279  291  284  302  301  287  294  294  297  300  290  285
  266  288  286  282  287  282  283  276  280  279  273  268  273  264  275  276  240  229  210  212
  258  263  277  246  285  282  272  262  255  268  250  155  225  208  176  198  206  190  207  220
  245  135  117  161  148  273  227  162  268  273  275  221  240  265  233  227  213  225  234  236
  176  183   78  127  228  225  222  256  327  263  261  259  255  281  270  211  203  245  212  219
  186  177  196  156  198  227  212  222  230  229  233  231  226  245  234  233  233  255  262  259
  243  239  235  219  229  198  250  261  249  223  232  236  276  279  274  278  277  280  266  259
  272  282  276  288  290  288  289  302  300  291  295  299  287  298  303  291  302  308  299  308
  305  299  306  292  306  290  304  285  285  284  278  311  310  290  299  295  306  303  289  294
  288  283  284  280  291  279  281  281  289  287  284  290  279  284  288  291  265  249  221  225
  279  285  289  270  292  284  276  268  261  273  261  165  231  215  184  204  212  200  214  230
  256  143  121  166  145  272  232  170  262  288  298  240  247  271  238  239  216  237  244  239
  185  195   82  124  234  221  220  251  331  269  267  269  252  274  260  210  210  252  217  246
  202  178  193  162  205  229  209  211  212  213  230  219  226  240  235  211  228  249  248  249
  233  226  217  198  208  184  230  245  225  210  217  224  262  267  269  275  273  276  246  249
  261  278  267  281  273  276  279  286  286  282  293  287  279  287  290  280  288  296  286  303
  295  285  300  288  297  282  294  278  279  287  282  305  306  297  306  303  305  306  302  300
  283  285  293  286  297  287  289  287  288  285  291  297  288  284  285  288  261  246  226  226
  278  283  290  261  290  287  277  268  261  273  259  163  236  219  188  209  218  205  219  234
  256  146  124  170  150  271  222  156  261  284  298  230  235  269  228  229  211  212  232  231
  169  177   78  125  232  222  218  257  337  261  255  249  240  270  270  239  233  276  232  273
  212  179  194  165  209  227  210  217  215  216  221  215  223  237  226  205  215  245  253  255
  228  228  227  203  217  188  237  253  248  216  224  224  272  272  279  269  271  270  250  240
  254  270  256  267  264  266  263  275  271  275  274  274  275  278  276  279  292  283  285  292
  281  275  291  278  285  277  295  275  276  277  277  302  298  285  299  293  298  305  296  296
  277  277  277  276  286  276  277  273  279  273  283  287  273  276  279  281  247  232  213  219
  270  271  278  247  280  271  263  255  250  264  247  154  229  213  184  206  215  199  218  229
  253  140  123  163  147  270  217  149  248  263  281  226  245  266  231  227  208  217  233  230
  165  177   75  126  215  213  212  251  336  267  256  257  244  269  269  230  223  267  228  260
  185  170  186  147  195  213  202  201  204  204  216  203  217  226  219  208  211  234  234  237
  225  227  221  204  214  184  227  234  224  211  224  228  257  256  258  261  259  262  250  257
  259  263  279  271  293  293  287  304  293  271  276  288  299  300  299  294  303  297  284  309
  299  286  300  295  299  289  301  284  283  295  284  310  307  293  303  302  300  305  300  295
  280  290  291  289  294  285  286  282  287  278  288  294  290  288  289  294  260  243  229  221
  273  282  293  258  304  290  277  261  257  272  251  163  232  210  183  201  203  194  207  225
  242  143  116  166  147  259  217  157  254  278  282  218  225  248  220  212  190  206  222  224
  161  170   77  124  217  215  214  253  329  260  251  246  242  273  273  224  214  251  215  253
  192  158  179  148  196  215  207  207  208  203  218  206  209  231  223  202  222  249  246  253
  232  231  210  198  216  181  226  241  236  220  232  230  265  269  275  276  273  278  248  245
  258  276  258  264  261  265  261  275  274  272  270  275  271  284  289  281  291  287  280  296
  293  278  296  287  297  281  287  277  277  286  279  300  296  285  300  292  298  308  296  302
  280  279  282  278  288  276  279  278  286  277  289  295  283  283  287  291  253  240  222  222
  268  276  274  252  282  271  266  259  256  266  253  150  228  214  180  202  208  197  212  227
  254  128  113  151  147  255  220  156  255  273  284  231  232  261  235  224  203  217  231  234
  169  176   70  120  223  216  216  250  322  254  254  249  240  271  268  247  244  283  237  272
  198  171  192  154  199  223  204  212  212  207  219  212  222  233  224  206  207  238  245  243
  225  226  224  211  226  182  237  239  229  223  227  227  257  259  263  268  266  271  253  253
  266  271  271  280  281  280  278  292  286  282  284  289  277  289  289  271  282  288  281  295
  293  284  291  292  291  272  289  275  276  284  277  294  291  284  288  293  288  292  286  285
  269  281  279  278  285  274  279  276  286  279  275  284  276  281  288  285  250  238  211  220
  265  277  283  254  286  276  266  252  248  265  246  160  232  214  185  204  209  198  212  229
  252  147  120  171  155  271  224  162  264  292  295  231  236  259  233  232  207  220  229  231
  177  180   86  138  217  208  208  240  319  251  249  243  239  266  261  218  216  260  224  253
  204  184  202  169  214  235  220  221  224  222  234  222  235  238  229  214  224  248  243  251
  235  235  220  207  216  185  229  236  225  213  228  230  253  262  269  270  267  275  253  256
  262  276  267  272  273  274  272  283  276  275  270  275  273  282  286  280  287  291  284  299
  285  274  292  277  290  283  298  284  280  293  285  308  300  290  301  299  290  300  291  290
  277  284  294  290  297  292  290  287  296  290  282  291  294  289  290  288  254  239  218  220
  270  268  276  253  284  276  270  262  258  269  257  159  231  214  184  200  209  199  212  231
  255  144  117  167  158  261  225  163  255  263  277  231  235  261  243  231  213  225  240  238
  172  184   73  122  217  210  216  244  329  254  263  260  246  272  262  214  208  253  219  252
  221  198  226  180  222  246  229  225  219  214  234  218  249  249  237  220  224  251  256  252
  234  234  238  237  238  193  245  255  243  224  229  227  269  274  276  284  274  273  247  245
  260  285  260  271  260  255  265  266  263  277  264  263  259  268  272  267  273  277  276  289
  275  264  282  268  277  270  280  269  270  285  283  291  288  281  287  292  283  288  284  281
  265  282  288  283  293  284  286  288  298  289  281  283  286  284  295  281  241  235  211  218
  262  257  272  242  277  274  267  264  256  262  254  151  210  203  175  198  205  199  211  225
  256  128  108  147  149  275  224  155  259  269  275  228  237  275  234  224  205  212  228  229
  164  174   67  116  209  210  211  245  326  256  270  253  239  271  266  226  217  266  224  260
  200  175  201  165  208  227  211  213  218  222  225  219  224  233  226  215  216  245  236  244
  218  225  211  208  223  185  228  234  224  213  226  231  246  256  256  266  260  269  247  236
  260  269  256  272  257  253  262  267  269  281  272  273  255  266  267  267  276  271  273  280
  277  274  279  277  279  272  285  276  281  296  291  296  289  293  298  302  286  299  297  291
  271  288  288  285  296  284  283  281  293  284  285  293  284  288  289  286  250  239  220  220
  269  263  282  247  288  284  276  266  260  271  258  155  224  212  180  202  210  197  215  231
  256  142  121  157  150  270  234  163  264  278  284  226  221  262  226  227  212  231  235  233
  180  188   76  128  213  211  208  246  326  255  256  251  244  274  277  226  224  265  218  259
  216  177  198  166  209  218  219  232  227  221  223  222  215  232  217  215  217  236  233  239
  218  216  213  198  225  182  224  234  228  225  239  245  248  253  265  260  265  272  230  237
  245  258  251  271  257  259  266  272  272  277  276  279  262  272  275  271  276  278  267  286
  278  277  284  282  280  272  281  274  273  290  281  291  285  282  286  292  278  285  288  281
  264  284  290  286  288  282  284  284  294  288  273  280  280  283  292  275  242  230  214  214
  264  265  285  246  280  280  266  264  254  263  253  156  223  205  181  198  206  194  209  220
  244  141  119  158  148  272  238  161  264  287  284  221  229  262  241  236  220  226  240  240
  179  188   78  128  219  223  218  248  320  248  252  251  238  263  270  215  218  247  219  245
  188  172  193  157  200  220  206  199  203  200  213  204  219  232  218  204  212  244  251  246
  226  232  219  212  224  191  230  243  239  232  246  245  257  266  268  273  275  281  253  253
  271  277  281  287  290  291  289  303  296  291  278  299  294  301  303  297  306  306  300  319
  307  295  313  304  310  292  310  287  289  295  288  321  316  298  312  301  309  311  296  300
  286  288  290  284  290  286  291  280  283  278  287  289  281  277  285  278  256  240  224  215
  271  293  290  261  302  286  277  261  254  276  256  162  223  206  173  195  205  190  208  219
  246  144  115  168  159  291  203  175  258  288  305  240  240  272  245  242  225  241  236  249
  180  198   88  134  225  218  211  240  316  242  252  244  242  269  261  206  209  246  214  240
  183  172  197  152  197  225  211  226  227  228  228  229  239  254  240  224  233  257  262  254
  232  232  239  220  226  192  252  216  242  223  231  238  271  276  272  269  269  262  241  227
  252  268  249  259  252  256  257  264  262  263  265  266  258  272  273  267  274  275  277  284
  282  278  284  284  286  267  279  272  269  277  277  287  283  279  289  291  284  292  281  284
  277  277  284  277  290  285  293  280  286  281  284  291  290  287  285  296  257  247  224  225
  271  273  277  251  287  280  269  250  248  267  245  159  230  209  187  199  209  198  212  225
  260  157  122  177  169  255  219  162  243  263  272  224  234  258  235  220  201  225  232  234
  167  181   97  141  214  206  203  237  312  227  238  227  226  251  259  196  193  251  210  272
  213  183  202  175  220  227  225  236  239  234  239  239  243  248  238  236  237  254  245  253
  240  235  227  218  222  181  235  236  221  214  222  225  247  256  256  255  253  256  258  246
  261  256  261  259  269  273  265  276  270  260  252  268  275  283  281  277  282  283  270  285
  279  270  285  270  281  276  282  274  265  274  267  288  288  276  283  283  281  284  278  280
  270  277  276  273  283  273  282  275  283  281  277  282  274  280  283  286  243  236  216  218
  266  263  270  250  277  274  262  255  250  261  249  158  219  208  179  199  209  195  214  224
  253  131  120  159  158  260  230  153  251  269  270  218  228  250  228  227  209  217  235  231
  167  173   70  122  211  208  215  249  332  264  269  262  257  279  262  217  228  269  237  263
  225  194  215  186  228  251  231  228  232  218  238  226  241  249  242  201  226  250  242  249
  231  227  229  211  212  185  232  243  220  216  227  225  250  255  258  265  264  271  236  235
  254  260  259  273  255  258  266  271  278  276  278  275  257  268  268  264  269  269  263  276
  277  276  280  275  279  270  276  276  268  290  281  283  277  276  280  284  279  281  280  273
  260  284  285  280  282  280  283  278  288  286  266  271  273  273  282  272  245  233  212  217
  260  264  273  245  281  278  270  258  252  265  252  149  211  201  172  194  203  191  209  223
  253  129  105  146  144  275  239  159  257  267  280  227  235  267  235  237  222  227  235  232
  173  182   71  116  213  216  222  259  333  260  257  257  255  283  284  249  256  292  241  282
  199  167  191  154  199  221  207  215  222  211  220  214  222  239  227  209  219  244  244  248
  230  237  219  206  222  191  238  247  239  230  237  229  262  264  269  263  261  261  253  240
  256  265  256  264  262  264  264  272  273  265  271  278  268  275  277  276  279  283  270  293
  287  280  297  281  290  275  285  278  272  287  274  294  294  285  294  293  296  299  293  292
  281  286  285  280  289  279  287  280  286  279  281  292  280  284  283  294  260  247  203  226
  273  270  281  258  284  278  271  258  253  268  252  152  222  207  176  195  201  194  206  226
  255  141  112  166  154  264  225  160  251  274  279  220  232  253  233  222  206  218  226  228
  166  174   73  126  205  207  212  250  324  254  259  253  249  273  271  233  239  275  231  261
  206  179  203  166  213  240  224  232  235  231  242  226  234  235  234  218  219  232  227  232
  215  208  227  205  212  179  225  228  214  208  220  223  238  243  247  253  252  256  222  211
  238  262  244  259  244  249  257  267  273  259  281  269  251  266  271  254  269  279  265  280
  277  271  281  267  275  257  273  267  259  276  272  276  279  274  281  283  276  283  274  271
  261  277  281  277  281  276  280  273  281  275  272  280  276  281  280  279  231  226  202  212
  261  252  266  237  263  269  260  248  245  256  243  145  214  208  173  194  203  193  211  226
  255  126  109  142  145  269  215  144  252  266  272  220  222  256  227  227  204  205  218  222
  160  179   47  102  202  195  202  226  309  250  263  262  242  262  247  212  225  261  229  235
  208  182  201  169  213  229  220  231  232  231  238  234  231  249  242  232  233  255  248  256
  240  240  235  216  224  190  218  245  231  220  229  237  259  265  260  270  265  266  260  247
  275  276  267  279  273  275  277  283  283  271  278  279  276  283  285  282  289  287  280  292
  290  283  293  284  289  286  290  282  280  291  280  299  296  288  298  294  292  300  289  288
  273  287  285  283  287  282  288  283  292  285  280  285  283  281  290  280  249  237  215  218
  271  270  283  253  284  283  274  261  257  271  255  158  231  215  183  201  209  200  214  227
  255  142  120  169  151  270  227  166  256  274  278  235  232  262  238  229  211  219  234  239
  179  184   74  130  209  200  206  237  315  245  265  263  245  271  266  219  219  258  225  228
  189  166  181  146  194  221  208  229  230  234  231  232  223  240  236  231  229  253  245  256
  240  240  219  208  214  188  241  242  236  230  232  226  258  268  268  267  270  269  255  256
  264  271  271  268  281  283  281  297  288  269  271  284  292  297  297  292  300  307  294  314
  302  287  305  291  298  288  300  283  287  299  279  311  309  298  311  306  302  313  293  301
  287  292  292  283  304  288  292  282  289  286  293  299  287  288  288  290  260  250  225  225
  280  279  285  262  291  285  281  261  255  276  253  156  228  208  174  200  208  195  213  226
  252  137  112  150  153  252  221  159  253  275  278  227  233  250  228  231  198  213  230  231
  171  179   75  125  213  215  218  254  330  268  272  270  260  283  276  227  241  285  240  247
  210  183  203  161  204  231  216  219  222  215  227  221  223  236  223  204  213  238  238  247
  224  230  215  200  203  182  223  234  226  206  207  214  251  256  256  260  259  263  248  235
  256  265  255  263  258  260  264  274  273  265  266  272  260  275  280  275  285  291  287  297
  287  275  291  276  286  283  294  288  284  299  292  306  296  299  304  310  291  306  296  298
  277  295  298  289  305  291  297  287  296  289  291  305  295  294  296  291  252  241  226  227
  274  269  279  256  280  277  272  260  254  270  251  156  238  217  188  206  209  199  218  236
  260  137  122  159  151  258  215  152  249  265  268  227  222  251  212  218  198  197  207  215
  161  166   55  113  194  189  190  218  306  239  266  258  244  261  247  225  226  266  222  230
  214  177  205  171  211  227  219  226  226  213  221  213  232  242  220  200  211  240  248  243
  218  222  233  228  245  202  250  252  253  222  240  237  263  269  275  267  271  265  239  233
  251  268  248  259  251  252  257  264  260  262  255  254  255  263  263  273  279  274  276  281
  269  259  274  264  269  278  290  288  277  294  284  301  288  293  298  300  284  294  285  285
  264  291  290  282  297  285  288  282  287  283  283  289  285  285  288  281  244  237  210  221
  269  261  270  246  272  273  268  253  253  270  251  152  229  215  187  203  213  200  218  234
  256  138  110  160  156  245  216  155  246  265  261  223  234  249  233  222  196  223  242  242
  175  180   69  122  224  217  220  245  329  267  271  266  253  278  274  221  232  273  238  245
  206  189  212  177  215  243  226  221  228  225  240  232  249  255  240  227  234  259  270  261
  234  240  253  232  236  206  263  265  250  231  232  244  278  277  275  276  277  274  262  255
  271  280  268  278  276  279  283  293  295  278  285  287  278  284  287  284  285  291  278  297
  297  293  302  293  297  279  283  277  272  288  275  296  294  288  291  288  296  298  281  284
  279  274  282  279  282  274  278  277  281  283  276  282  271  276  284  280  254  243  220  220
  272  278  284  263  285  275  268  253  253  273  253  161  234  213  184  201  212  198  219  228
  255  145  126  165  151  264  229  171  254  281  287  235  241  262  235  232  210  239  245  247
  188  191   93  134  230  221  221  248  323  246  259  256  247  271  272  215  229  265  223  232
  207  176  197  165  222  241  234  239  238  224  240  221  237  243  235  209  214  245  251  245
  225  234  222  197  213  174  227  238  218  222  230  228  250  260  257  263  266  261  250  237
  248  267  246  258  250  245  256  262  263  260  260  262  254  261  263  266  270  276  270  288
  283  268  294  270  289  268  280  270  273  281  275  299  295  285  292  288  294  302  284  294
  277  277  291  279  294  286  290  282  290  286  289  296  290  286  288  292  255  243  220  226
  276  263  252  257  258  251  248  244  241  254  241  145  231  216  187  208  211  204  217  233
  261  138  129  157  160  257  228  152  237  254  261  228  227  259  225  228  213  232  230  230
  177  182   75  129  217  214  219  242  327  257  254  256  250  272  269  224  231  270  228  237
  196  164  179  154  193  211  203  206  207  199  212  203  210  231  217  192  210  239  247  245
  220  229  224  214  230  188  238  251  242  228  231  231  273  273  266  267  270  265  249  239
  262  275  258  265  265  263  266  271  268  260  257  261  266  271  266  276  277  277  273  283
  270  259  272  260  268  275  281  276  275  298  297  295  284  300  298  305  286  300  298  301
  275  284  294  286  304  292  296  288  296  294  288  296  298  297  299  302  253  248  217  233
  281  249  256  247  268  259  257  247  246  259  245  155  234  221  199  209  214  205  221  245
  267  149  136  176  176  243  219  151  227  240  252  229  231  249  226  222  202  214  223  227
  158  169   66  124  204  198  208  234  319  245  251  247  243  266  257  209  228  266  237  238
  198  166  189  158  201  224  212  221  225  216  224  222  218  246  230  217  222  248  250  249
  232  230  224  208  225  190  241  253  243  215  220  226  269  267  265  260  261  253  239  239
  253  264  252  253  258  270  257  278  266  251  254  260  269  280  282  288  289  290  278  295
  286  267  294  270  285  285  289  289  276  289  280  299  296  290  303  305  293  306  298  300
  280  281  293  286  300  287  293  283  292  285  286  294  284  287  291  289  256  233  219  227
  274  266  273  254  276  265  259  250  245  260  248  156  225  209  183  198  203  196  208  229
  253  138  121  166  142  240  209  151  242  258  259  219  225  238  225  218  193  213  225  226
  169  171   63  122  210  210  210  237  310  233  260  254  244  268  253  191  221  249  227  217
  201  176  199  159  208  224  211  221  220  214  219  219  221  233  219  218  214  242  243  248
  230  235  212  207  216  180  222  238  230  216  223  218  255  265  265  267  274  276  253  244
  261  276  269  271  267  271  271  279  278  276  267  273  271  276  278  282  285  288  278  293
  285  275  293  277  290  283  284  280  271  281  275  296  291  283  293  288  295  300  286  300
  286  265  277  273  288  278  286  279  289  282  285  301  284  286  288  285  250  230  211  219
  273  263  270  251  269  265  258  253  246  260  247  149  215  198  171  196  203  189  206  222
  249  129  114  148  142  271  224  153  248  270  273  236  237  272  234  231  214  212  223  229
  161  169   63  114  208  212  215  249  325  265  270  270  256  279  264  218  234  268  233  244
  204  169  193  158  203  218  213  223  218  205  222  208  211  222  216  189  207  232  229  236
  221  226  201  188  213  186  210  226  230  227  231  230  251  259  265  270  271  271  241  230
  257  282  251  273  252  251  256  263  264  274  263  259  256  267  266  275  284  285  280  291
  275  264  281  264  271  283  291  282  273  290  281  300  290  291  293  292  282  290  282  285
  264  275  280  279  293  283  289  280  288  284  276  286  283  281  289  277  240  225  206  216
  267  257  272  241  270  271  266  260  255  262  252  155  217  201  177  193  207  188  211  220
  253  137  121  168  167  266  222  152  253  267  271  226  237  259  226  219  208  214  231  233
  169  174   76  133  209  222  222  259  339  270  261  264  261  289  289  229  235  273  239  249
  184  167  196  148  195  219  202  208  207  197  217  209  220  232  223  215  211  243  241  247
  222  230  217  211  230  195  235  243  246  239  249  235  266  270  275  276  275  278  244  236
  266  282  262  272  264  260  262  269  267  272  264  263  258  263  266  270  273  273  268  279
  274  264  277  262  273  277  284  283  277  293  285  297  285  287  291  291  282  290  285  289
  262  279  285  286  292  285  289  284  293  289  279  286  283  287  292  289  240  227  212  222
  269  249  261  237  265  260  259  253  250  250  250  144  214  208  182  202  209  200  216  235
  258  139  124  155  160  265  225  154  247  259  263  216  236  271  235  236  218  231  239  239
  170  183   44  132  215  218  225  255  335  255  234  237  251  280  281  226  237  281  235  245
  212  179  201  170  205  224  211  225  221  208  224  213  230  252  237  196  231  257  256  250
  230  231  238  228  238  197  251  225  239  226  230  236  258  260  260  259  256  258  240  249
  260  263  272  265  276  278  285  301  297  266  283  294  287  299  302  292  305  311  299  316
  305  295  309  301  308  294  312  296  292  301  300  321  312  306  307  307  300  304  289  296
  283  284  295  289  298  287  295  285  294  290  284  290  284  289  291  299  265  239  228  228
  275  276  281  262  289  267  268  252  249  270  255  163  234  215  187  205  208  200  214  229
  258  141  124  170  159  251  227  170  253  275  289  216  228  247  221  221  201  231  236  235
  179  189   84  133  219  218  227  250  330  268  264  265  260  281  260  200  215  258  231  235
  201  165  185  158  198  220  211  223  221  217  219  213  220  224  220  210  209  242  232  244
  228  234  216  202  225  183  228  235  238  225  229  230  257  263  259  266  259  258  247  234
  256  275  252  256  255  255  253  266  262  257  254  261  256  265  267  262  266  278  269  283
  282  266  286  268  286  265  272  270  266  286  284  291  286  286  289  291  286  295  283  289
  268  280  290  285  292  288  296  286  287  284  283  286  290  288  291  283  249  226  220  219
  266  260  267  253  281  263  261  252  247  264  245  151  221  206  176  193  206  195  212  224
  257  142  119  162  163  258  220  162  248  261  260  218  231  254  230  226  204  226  233  234
  174  181   80  129  211  208  212  245  320  248  241  243  253  271  260  219  231  268  231  238
  211  184  202  174  212  237  219  227  225  215  226  219  223  236  226  209  225  242  235  248
  231  231  218  209  221  189  228  239  228  231  210  237  256  263  266  268  271  274  253  243
  268  290  272  279  276  279  281  290  287  276  277  284  284  295  296  296  303  307  293  311
  300  285  303  287  301  298  303  289  284  295  287  316  308  295  304  299  298  300  288  293
  274  279  289  284  297  291  296  280  291  287  276  277  274  280  288  275  253  239  219  218
  268  271  279  254  285  271  268  255  251  268  252  160  227  205  177  195  207  194  210  223
  251  138  124  158  150  271  227  162  254  274  269  228  240  267  235  234  213  235  237  235
  181  187   73  126  218  211  217  243  312  239  243  246  247  266  257  211  216  261  225  231
  200  168  187  157  197  212  201  205  204  207  212  211  207  223  218  209  235  235  237  246
  231  240  207  200  224  178  226  231  234  231  242  241  259  264  270  272  277  277  260  242
  269  284  266  279  270  270  279  282  286  283  277  281  268  278  282  280  290  288  287  297
  284  277  288  275  287  294  302  293  292  302  292  322  305  302  313  303  299  312  298  300
  268  281  290  282  289  285  286  282  289  287  285  286  285  284  289  280  244  230  210  217
  269  258  274  244  277  270  264  259  256  260  259  156  227  210  185  203  214  201  219  227
  257  149  127  158  159  287  242  170  259  273  277  233  244  277  240  240  223  244  250  248
  190  201   87  139  231  230  229  262  331  260  247  247  260  278  270  229  241  268  239  246
  200  182  205  162  210  234  216  218  223  240  232  224  230  232  232  224  221  240  237  253
  236  246  215  196  226  176  231  244  237  230  233  213  268  266  283  282  288  283  258  253
  270  291  274  277  275  279  279  288  285  280  271  277  276  283  285  280  278  288  267  293
  286  273  286  275  286  276  277  270  268  283  283  276  286  284  286  289  287  292  279  289
  262  279  281  279  283  277  282  278  282  304  278  278  282  279  283  273  238  227  205  211
  257  264  265  244  281  269  268  250  247  264  248  147  213  203  172  188  206  194  210  221
  256  133  117  158  163  272  215  146  251  263  262  228  227  268  234  230  185  215  228  228
  166  169   58  113  209  213  207  235  317  248  254  254  244  267  250  215  227  261  230  227
  214  177  180  168  210  231  220  224  226  214  227  227  225  233  228  201  213  235  235  241
  216  229  217  193  212  182  223  228  228  211  221  235  252  248  256  258  254  255  234  226
  238  254  243  255  251  255  254  266  267  257  262  261  255  268  268  266  269  272  264  272
  273  267  268  263  268  274  273  271  265  289  284  278  271  281  282  293  272  282  283  279
  257  282  288  291  292  292  296  289  299  294  282  279  291  293  298  283  242  234  213  225
  260  253  263  241  271  261  262  253  247  265  246  153  228  215  181  205  219  207  219  238
  262  140  132  158  163  257  222  158  248  264  266  207  216  244  225  218  201  219  228  228
  168  176   75  128  203  204  203  238  313  242  239  247  250  277  250  207  213  256  218  229
  218  195  216  180  220  241  227  229  233  233  241  240  240  253  249  239  248  267  260  267
  246  251  222  222  241  204  244  254  248  228  237  240  277  281  279  287  286  284  277  261
  281  295  283  287  294  299  294  307  302  281  285  292  298  305  305  299  310  307  294  301
  299  289  293  284  289  304  307  290  284  290  278  306  297  284  300  284  290  289  275  286
  269  280  283  283  277  278  293  277  279  279  273  273  279  277  278  272  246  241  220  221
  263  267  275  255  288  283  277  269  260  279  257  160  223  207  176  197  219  202  220  226
  260  136  132  163  170  281  238  163  263  274  276  231  240  267  241  240  220  224  244  242
  176  180   74  119  222  226  228  258  328  268  269  277  266  287  262  212  232  264  232  240
  196  180  195  160  205  234  217  225  223  225  228  225  229  230  221  218  218  231  236  236
  225  227  224  214  225  188  222  237  231  226  234  226  259  255  260  264  263  267  245  240
  258  272  262  266  266  275  269  284  282  269  273  279  273  286  291  283  288  298  277  300
  300  287  297  279  298  286  286  281  274  285  279  298  295  286  297  294  297  301  283  300
  278  273  279  280  289  283  287  282  290  288  290  289  288  285  286  287  249  240  212  219
  271  266  273  253  283  274  264  260  252  265  248  155  219  199  178  197  213  200  214  226
  257  134  130  150  140  288  235  162  269  284  289  229  239  275  239  249  222  220  229  226
  161  179   73  125  209  215  214  238  310  241  252  256  247  270  250  218  230  259  232  237
  219  183  205  173  213  234  222  227  223  216  230  227  224  237  224  208  217  236  240  241
  221  224  218  200  215  181  224  234  225  223  230  235  255  260  262  264  262  267  244  232
  256  271  261  270  263  268  269  273  273  268  265  264  263  268  273  272  276  278  271  283
  282  274  280  269  280  282  285  286  276  295  285  299  287  288  296  291  286  290  281  284
  266  283  292  293  281  287  291  286  294  296  273  279  285  286  289  277  245  239  213  221
  264  261  275  249  277  277  268  266  259  263  251  151  218  206  180  196  213  199  213  223
  253  135  133  156  160  268  242  164  264  270  268  218  228  260  234  232  211  219  229  233
  165  182   80  134  212  219  222  244  321  244  235  237  237  267  268  230  239  265  236  237
  208  190  209  171  214  248  231  234  239  242  251  243  240  261  250  249  239  267  275  271
  252  260  243  236  244  208  249  263  264  238  240  243  282  288  296  294  298  294  280  258
  287  304  276  282  276  271  277  278  278  279  270  270  270  275  280  275  277  282  264  280
  282  272  281  267  276  276  274  275  260  281  269  279  275  269  275  275  280  281  275  279
  260  269  273  276  272  272  284  278  290  286  263  269  272  276  283  273  242  232  207  211
  259  258  275  243  281  273  263  265  258  268  255  154  218  197  176  210  211  189  212  221
  257  133  126  158  164  283  244  171  259  273  272  243  251  285  247  244  223  230  240  239
  168  187   76  128  220  228  226  259  325  260  268  275  264  285  266  217  239  267  244  244
  223  188  210  180  225  242  229  234  228  218  237  221  227  238  233  206  226  246  249  251
  231  231  223  209  221  193  234  245  239  228  236  243  265  270  281  269  280  279  253  256
  271  282  276  282  284  285  286  295  296  277  282  287  283  293  297  295  297  298  279  293
  299  290  294  285  297  296  287  293  275  298  293  297  293  295  302  301  298  308  295  304
  276  283  294  295  293  289  295  286  300  294  281  284  291  288  296  286  255  243  220  225
  273  267  278  258  285  274  274  267  262  273  257  163  225  208  188  205  216  203  213  231
  254  148  147  166  160  270  235  177  253  280  289  230  242  270  239  239  217  234  237  235
  182  190   80  139  226  226  227  252  323  251  264  265  262  282  265  221  229  264  234  235
  235  203  222  185  234  252  241  242  244  244  252  253  253  256  253  232  241  265  268  229
  245  255  239  229  238  203  247  255  257  247  250  247  281  275  281  277  282  279  262  247
  263  266  261  272  261  262  269  272  273  269  270  271  254  260  268  254  261  270  262  271
  281  274  267  272  271  264  271  268  263  283  276  279  274  277  283  285  271  276  272  281
  257  276  285  286  287  286  297  288  299  295  277  278  283  282  294  285  238  235  209  220
  264  256  265  238  271  267  261  259  250  262  247  152  220  206  178  196  217  204  217  230
  257  134  133  153  158  266  227  166  255  276  267  221  244  272  245  239  210  225  237  239
  170  183   69  124  227  232  230  262  332  249  251  252  259  287  281  232  242  271  234  244
  208  188  206  172  221  250  231  229  240  232  249  235  257  267  252  228  238  265  280  268
  242  253  258  249  244  224  272  276  262  250  255  253  295  288  287  290  283  279  271  254
  278  285  273  277  279  279  281  289  281  276  272  281  280  288  299  291  296  307  288  290
  311  285  298  285  305  293  293  281  295  286  283  293  301  291  299  293  306  292  290  305
  278  285  293  292  287  290  296  286  294  290  291  286  292  285  290  289  254  233  214  222
  279  269  275  257  285  278  275  276  261  273  261  161  225  206  179  198  217  204  217  229
  258  143  133  158  151  281  262  185  268  272  278  226  247  275  257  251  229  260  261  257
  197  208   99  145  240  243  239  267  327  263  257  258  264  286  274  218  240  274  240  247
  212  191  223  180  216  246  226  217  235  229  246  227  255  254  242  225  229  257  262  262
  241  246  237  240  244  210  250  238  256  250  256  250  273  272  282  277  282  278  268  250
  265  274  268  272  277  287  281  301  289  276  283  294  287  302  308  295  303  312  292  312
  318  294  309  292  310  299  299  290  276  291  282  308  306  289  301  292  309  305  299  299
  282  278  286  284  285  280  287  277  284  287  283  283  287  278  286  282  259  232  224  224
  275  280  292  260  307  298  295  285  276  287  269  170  235  212  184  199  213  209  218  228
  252  147  138  163  159  291  243  177  274  287  285  232  248  278  256  257  228  239  247  249
  176  195  100  143  236  236  231  264  332  252  262  263  270  289  276  208  222  253  236  234
  225  190  212  183  223  238  220  216  221  212  236  222  240  255  242  214  229  256  262  261
  235  248  237  220  236  200  234  243  255  233  231  239  275  272  282  285  281  272  259  253
  267  286  274  277  278  271  285  287  277  276  275  271  275  286  291  277  276  298  275  292
  291  283  283  283  285  278  278  281  267  288  278  290  290  279  285  292  283  283  273  281
  267  280  286  288  279  283  290  283  288  289  276  278  283  279  287  281  250  227  212  218
  271  273  286  256  286  283  275  276  265  271  258  154  221  202  173  193  214  204  217  232
  256  147  130  163  161  288  246  171  274  285  283  224  244  282  235  239  219  243  245  241
  180  198   93  150  229  230  231  263  330  242  249  239  256  279  283  221  230  261  227  235
  201  172  204  162  202  225  207  212  219  201  222  206  227  243  229  197  216  238  247  243
  225  226  226  205  220  190  228  233  232  219  224  229  261  262  263  262  263  254  241  221
  246  259  247  261  247  253  262  272  262  261  261  261  261  283  285  296  310  305  304  312
  298  266  298  269  291  315  314  305  299  315  309  326  316  314  326  319  316  324  317  319
  286  294  305  301  308  301  310  295  296  297  301  297  299  288  296  297  258  234  227  231
  281  265  270  253  282  271  267  276  265  270  258  158  229  211  187  202  214  213  221  238
  262  144  133  158  158  267  228  170  251  259  261  211  230  258  232  232  208  229  232  235
  167  185   78  130  223  222  217  250  310  242  273  277  258  270  258  196  203  242  211  211
  221  191  215  174  217  235  217  215  222  210  228  220  240  236  225  213  222  243  246  250
  225  242  223  212  225  186  224  225  230  228  235  243  260  260  263  267  266  260  258  248
  259  264  270  268  277  283  280  294  281  270  276  282  286  293  289  298  302  302  284  300
  299  283  293  281  290  300  295  290  279  295  281  307  297  287  297  290  294  292  285  284
  261  280  284  288  282  281  292  278  285  291  267  272  277  272  286  276  241  220  207  213
  260  264  272  248  286  277  268  261  251  272  253  148  218  205  174  192  207  204  217  232
  257  128  121  143  144  276  231  159  261  273  273  217  235  261  228  232  217  231  235  240
  166  185   75  126  228  231  229  259  338  262  261  269  267  292  279  221  234  267  230  247
  225  182  206  173  212  224  214  213  223  211  228  225  226  240  229  217  226  249  250  260
  234  248  233  220  240  199  240  239  249  249  252  241  279  278  287  284  286  271  272  252
  268  276  264  273  272  275  274  283  274  269  267  270  276  287  284  293  298  301  291  307
  305  283  303  289  304  305  299  295  282  296  292  311  304  296  304  303  305  306  297  304
  282  283  292  293  298  296  304  280  285  294  292  287  296  286  292  290  258  238  228  226
  280  275  282  264  295  275  270  261  256  274  256  162  241  212  189  205  221  210  226  237
  264  151  143  170  176  280  228  168  259  266  270  233  255  278  249  246  221  233  248  253
  172  184   84  145  233  236  232  257  325  245  253  255  255  279  275  228  248  280  250  255
  208  174  203  164  212  225  217  222  232  215  234  229  224  242  235  213  224  242  245  246
  222  226  231  212  230  184  233  227  234  245  247  235  259  259  270  269  274  268  244  244
  261  274  264  276  269  274  275  281  276  271  277  276  278  287  288  294  301  299  294  305
  302  286  298  293  300  302  296  292  282  294  291  310  300  292  304  298  302  296  292  298
  279  282  290  292  291  288  304  285  291  300  283  284  289  280  295  283  266  238  231  229
  278  287  299  266  310  304  290  284  270  293  274  175  245  222  192  207  219  213  228  240
  262  159  150  177  179  282  252  185  280  293  283  224  257  270  246  249  229  255  245  249
  187  207  100  155  227  222  220  259  318  245  257  264  258  281  268  219  233  269  236  245
  215  194  223  173  223  239  224  223  234  209  233  216  240  246  229  200  218  239  241  248
  228  234  238  228  239  204  241  234  250  240  238  225  269  272  274  268  278  264  251  240
  256  266  254  263  260  262  261  270  262  262  255  264  270  284  282  297  309  299  293  306
  295  268  295  273  292  317  307  301  288  313  300  312  309  308  317  315  309  314  312  313
  278  296  305  301  308  298  311  286  292  288  289  288  297  286  295  287  252  228  220  225
  277  257  261  254  271  267  255  266  255  269  257  155  231  211  184  203  211  202  218  233
  260  152  137  171  175  245  222  158  248  255  257  217  240  258  227  231  208  229  232  236
  167  184   76  140  222  222  220  251  336  248  264  268  255  282  269  225  236  266  230  239
  220  192  210  177  219  245  226  227  239  224  244  238  242  246  235  225  229  245  249  248
  230  232  239  236  241  207  251  242  249  237  241  233  272  270  275  270  271  262  252  243
  256  260  262  262  270  277  266  277  266  266  267  264  286  290  287  303  301  300  284  303
  293  271  289  271  292  301  295  287  280  290  283  308  301  290  302  290  300  299  292  291
  271  278  286  286  290  281  297  274  281  280  283  279  285  277  282  278  248  227  215  220
  272  266  285  253  291  283  274  267  257  283  258  158  229  206  180  198  213  194  220  231
  251  146  136  170  163  271  231  163  262  268  265  216  249  276  239  239  216  240  243  246
  179  188   79  142  240  233  226  261  334  243  264  265  261  280  271  232  258  278  246  252
  203  178  194  162  204  229  210  203  208  203  226  216  230  239  223  195  209  231  253  245
  227  233  235  219  234  194  241  235  248  238  244  235  270  271  282  271  277  268  246  238
  257  265  261  273  260  269  271  270  268  279  271  273  269  280  286  288  296  294  288  304
  303  284  295  285  294  290  289  288  280  294  289  299  297  290  299  297  297  296  296  288
  268  285  290  290  286  282  304  280  286  283  282  280  293  283  290  284  250  227  220  225
  271  273  280  252  289  274  264  246  249  270  249  158  230  219  192  210  221  213  227  242
  261  156  146  185  196  282  236  169  265  280  274  232  250  274  238  243  220  245  243  248
  178  199   87  149  232  236  227  254  321  242  262  269  260  271  270  214  229  264  232  237
  208  186  213  174  212  238  221  217  222  222  234  229  242  246  231  213  225  245  250  255
  240  246  250  243  268  217  248  247  266  265  276  257  286  279  294  291  296  280  267  253
  277  282  277  285  276  283  283  280  278  288  279  275  281  283  280  289  288  284  276  299
  285  282  292  280  298  286  284  280  271  299  290  297  304  293  311  308  304  312  309  305
  286  290  297  295  292  286  300  283  291  289  295  292  298  290  300  298  262  236  230  229
  281  269  286  263  296  283  272  264  259  280  257  168  234  216  191  210  216  214  222  244
  268  162  143  182  180  259  236  178  258  275  277  231  264  276  253  248  222  249  261  257
  188  205  104  156  250  257  244  275  333  248  258  263  268  286  283  219  238  261  236  240
  235  190  201  183  222  236  226  236  234  226  245  236  233  248  243  213  241  250  238  252
  235  224  231  209  227  188  224  237  245  231  240  237  275  272  285  280  283  279  249  238
  263  275  268  283  263  269  275  275  276  291  287  279  271  281  283  300  302  289  292  299
  289  290  297  289  303  298  299  286  286  293  292  308  302  295  306  302  305  307  294  297
  282  280  294  289  285  284  300  278  281  285  297  291  296  286  291  293  261  233  224  228
  285  261  277  258  291  276  265  253  246  273  249  153  233  218  181  205  218  209  222  244
  265  138  140  164  162  274  228  158  253  267  271  220  241  268  225  232  214  231  250  247
  168  189   81  133  233  237  231  269  342  254  263  271  264  284  281  216  243  271  238  246
  226  194  212  185  223  239  223  218  221  221  239  230  239  242  235  211  227  248  246  251
  228  237  232  213  222  194  232  242  245  237  239  236  274  272  280  280  278  279  256  249
  271  281  280  287  279  283  290  293  289  289  284  292  281  294  306  297  308  307  301  316
  303  296  300  290  288  301  302  293  283  299  289  306  310  292  307  303  308  304  299  292
  280  287  292  289  282  285  291  279  285  285  285  286  292  282  289  283  255  228  216  225
  276  271  278  248  285  271  261  252  248  265  245  156  229  218  188  203  217  205  219  234
  259  151  145  170  169  279  234  167  260  274  279  227  245  273  230  240  221  235  248  248
  172  191   87  138  236  229  224  267  335  239  253  261  262  285  272  219  242  273  245  246
  203  182  199  166  214  233  220  221  227  222  239  236  241  251  237  220  225  251  252  252
  234  241  237  215  233  198  237  246  231  215  231  235  274  270  273  272  276  274  253  252
  274  276  279  279  286  291  297  296  295  291  298  300  302  305  302  320  323  296  301  319
  306  305  318  302  308  312  311  297  283  298  285  306  309  294  310  305  311  320  309  307
  296  276  274  284  281  277  284  273  278  278  292  286  288  279  285  286  275  240  243  228
  282  282  297  263  315  293  282  262  258  283  256  172  241  218  189  197  218  208  216  234
  257  155  146  170  168  266  219  166  262  287  290  227  233  263  221  214  208  219  241  244
  169  181   95  133  230  225  221  252  328  242  262  267  263  269  269  205  220  258  239  236
  204  175  190  161  205  227  214  222  224  223  231  222  234  247  235  224  226  249  253  255
  235  244  247  226  245  203  244  248  245  219  235  241  280  280  281  274  279  267  254  243
  271  274  273  270  265  264  279  272  270  288  274  273  263  271  279  278  284  269  274  282
  278  281  277  268  269  285  287  291  276  301  291  290  290  291  301  310  275  298  300  293
  269  294  298  303  294  292  302  286  291  288  291  287  296  282  295  286  252  230  217  223
  277  275  288  239  297  292  278  269  253  278  255  160  229  216  185  204  222  207  227  239
  264  150  140  164  163  288  245  173  276  280  279  222  231  274  228  221  230  228  249  248
  171  190   88  135  230  227  224  261  325  250  265  269  266  270  276  221  230  259  246  243
  215  190  220  176  225  239  216  219  222  217  236  219  243  239  238  217  228  247  249  250
  230  245  235  215  231  189  223  241  228  227  239  233  268  270  275  269  267  268  249  246
  271  277  264  263  255  256  266  262  264  279  264  263  256  262  269  267  265  261  261  263
  272  271  271  258  263  266  267  270  257  282  273  272  274  270  276  278  262  272  269  261
  255  280  281  291  277  284  291  283  286  288  273  274  290  276  286  276  239  219  208  217
  260  260  280  228  282  284  266  269  251  271  253  147  214  203  183  199  213  200  217  238
  269  132  131  154  176  266  236  159  264  268  269  219  243  276  240  226  223  234  248  247
  165  187   71  116  228  231  227  261  336  264  281  295  284  286  281  234  252  286  263  266
  206  196  233  185  230  255  222  228  236  224  243  224  263  255  241  214  233  251  255  253
  240  245  250  235  233  198  238  250  237  224  238  232  274  275  269  271  261  267  257  255
  278  277  271  275  272  275  281  279  278  289  275  283  281  289  288  301  305  284  291  287
  291  280  292  273  281  298  304  299  275  298  288  302  303  291  306  302  293  314  286  302
  280  289  289  304  291  294  300  290  295  293  299  295  298  290  299  296  268  243  231  234
  283  277  297  251  306  282  279  272  259  284  258  166  233  215  181  201  213  206  217  238
  261  153  135  162  163  270  244  182  273  287  286  219  237  272  228  224  228  242  255  251
  187  201   91  137  245  243  238  272  357  253  272  279  278  283  288  228  230  267  237  244
  210  198  220  176  223  256  227  233  237  231  247  226  261  268  248  230  242  265  266  263
  250  258  251  247  258  215  245  251  248  246  254  250  279  281  283  276  273  275  266  265
  285  281  284  282  287  293  299  296  292  298  285  291  302  308  308  320  316  300  300  295
  306  287  304  282  297  307  306  295  285  303  290  306  310  290  306  301  298  304  274  289
  285  284  283  293  278  284  289  277  283  279  285  281  284  276  286  278  263  235  223  220
  276  279  292  257  313  288  292  283  267  298  273  166  228  206  179  194  216  196  217  224
  259  152  130  163  165  293  256  190  285  297  294  235  256  291  251  241  245  260  263  259
  202  219   98  137  244  235  236  271  373  249  249  253  273  283  293  231  249  281  265  267
