  106  119  112   74  133  154  122  125  150  149  157  150  162  174  165  138  163  186  185  176
  153  161  149  121  141  112  171  197  178  149  165  162  209  215  215  216  210  212  178  166
  193  221  202  205  203  199  203  206  203  214  207  221  205  216  207  194  214  228  208  228
  231  208  212  215  234  196  225  212  229  224  233  223  230  226  228  247  234  242  226  247
  232  232  253  237  257  252  257  261  265  264  245  252  258  263  269  266  203  214  181  203
  224  224  215  218  237  241  241  214  230  247  229  107  222  205  160  186  202  193  207  223
  256  110   75  107  126  185  181  116  201  206  214  168  168  198  174  164  157  176  172  182
  118  149   16   78  179  158  177  203  259  226  209  200  190  207  229  149  150  185  166  198
  106  101  102   74  105  141  122  125  140  146  148  146  155  177  164  138  159  183  195  174
  164  176  149  121  141  112  175  200  174  145  154  162  211  210  212  220  210  208  181  172
  196  215  192  205  197  187  199  200  203  212  207  205  182  197  207  190  205  222  208  218
  216  208  212  214  212  196  216  211  234  234  233  223  223  226  237  251  220  227  238  235
  216  250  253  260  265  252  280  261  282  286  240  255  267  271  269  283  197  216  181  210
  224  213  225  208  230  227  229  214  214  231  209  119  228  205  177  204  206  209  207  245
  256  106   75  114  135  190  161  123  197  206  214  168  171  198  171  171  149  167  172  175
  118  145   16   77  152  154  160  190  251  213  195  200  190  207  205  149  150  185  160  157
  106   83   87   74  105  132  118  118  131  128  135  128  135  148  138  130  130  159  168  162
  146  148  142  109  133  105  148  170  154  148  159  162  189  192  203  203  210  209  170  170
  182  202  202  205  205  210  213  233  232  219  232  229  206  223  226  204  217  233  216  226
  230  226  227  231  231  202  215  198  206  210  219  221  224  226  224  232  226  227  230  233
  215  212  242  232  240  241  248  256  266  274  236  247  250  259  261  263  188  193  168  195
  226  214  224  198  226  230  225  214  217  229  212  115  208  200  164  190  198  186  204  220
  256  106   75  129  132  192  192  127  214  229  237  168  170  198  179  175  163  191  186  182
  118  159   22   59  168  161  171  198  282  233  220  229  205  227  216  149  150  208  190  180
   78   73   74   74   89  112  101  103  115  110  122  112  118  141  126  119  124  147  159  155
  140  148  124   98  113   94  136  163  158  136  141  145  189  192  200  201  202  207  168  157
  178  199  183  195  184  184  190  197  192  201  204  197  182  193  200  188  199  205  202  209
  209  201  208  211  208  193  210  203  216  226  239  223  218  227  227  240  215  222  232  223
  207  237  260  260  246  258  261  268  276  281  227  246  251  258  270  268  197  199  173  202
  230  201  210  190  215  217  223  217  216  229  204  114  226  224  178  201  201  198  208  224
  255  107  104  121  133  186  162  104  197  209  211  168  182  201  163  170  142  164  164  162
  109  125   15   81  144  136  140  166  241  190  200  203  187  198  179  103  119  157  147  129
  113   95   96   74  117  139  124  120  124  120  140  123  135  148  136  114  131  153  173  161
  138  156  135  114  139  111  153  180  173  158  162  169  200  197  220  223  221  224  189  169
  202  217  202  210  203  196  210  213  207  220  211  208  185  207  212  189  204  214  207  213
  214  211  209  211  210  197  212  198  206  211  225  218  220  222  226  237  212  218  226  216
  195  225  256  245  246  257  258  267  275  280  228  247  260  267  276  273  178  182  154  187
  218  193  213  178  218  224  225  213  211  230  207   93  202  209  172  198  205  203  212  225
  258  107  101  135  145  216  174  108  202  206  222  181  189  210  173  176  160  169  180  169
  107  125   10   77  160  156  158  182  266  212  205  198  188  210  214  166  173  199  174  166
   93   88   88   74  105  138  120  128  132  140  141  140  149  159  149  147  133  157  177  151
  131  150  145  114  127  100  156  163  157  145  148  148  181  176  190  192  188  191  169  153
  177  188  180  186  182  171  178  184  180  198  191  183  166  179  184  168  186  193  192  199
  197  192  196  203  198  178  198  188  203  210  229  208  203  214  209  224  198  204  205  207
  193  223  249  243  235  248  251  264  270  277  213  228  245  251  266  253  181  181  159  183
  210  193  210  176  214  215  215  212  209  222  202  102  191  192  159  185  192  182  198  212
  242   94  101  124  148  197  159  103  184  195  206  156  165  189  163  167  140  160  169  155
  110  124   15   84  152  146  154  182  263  211  227  225  206  219  205  150  154  193  170  159
  121   87   96   78  119  139  130  131  135  134  148  142  144  154  145  138  144  167  179  166
  149  156  138  105  120   94  154  180  155  135  138  141  207  204  217  219  216  214  190  168
  196  212  193  204  193  185  197  196  197  205  196  196  177  190  197  179  193  201  200  203
  207  197  202  202  203  186  204  193  211  210  225  217  211  221  220  228  205  214  213  209
  199  224  245  241  235  241  248  256  267  271  223  242  247  256  267  269  181  187  159  190
  225  190  199  178  204  205  205  203  196  213  188   97  211  201  156  182  187  195  205  225
  259   87   56  104  122  186  147   91  182  191  198  162  171  191  150  156  127  148  157  149
  101  116    0   61  147  139  139  164  235  196  192  197  177  189  179  128  135  170  160  136
  103   99  104   81  114  135  118  118  124  123  135  131  145  150  139  141  140  166  180  157
  141  142  146  117  145  109  159  175  171  156  160  163  199  196  203  201  199  199  178  162
  182  202  182  196  183  184  189  196  197  204  202  194  175  190  197  179  192  195  194  195
  201  199  194  205  197  189  199  195  204  218  232  203  199  213  207  228  195  201  207  197
  187  240  260  250  244  257  263  269  282  282  214  239  259  266  278  284  174  184  167  201
  210  198  209  176  216  213  212  200  198  207  195  105  236  222  172  197  201  208  216  240
  268  110   68  131  133  193  170  112  186  204  212  167  174  199  164  165  138  165  166  164
  117  133   11   73  152  149  149  179  246  188  180  183  187  202  195  140  130  163  145  140
  150   94   98   75  117  141  130  132  139  137  148  142  147  172  158  152  157  182  202  176
  159  166  156  126  142  117  177  191  174  154  155  161  209  205  211  205  205  202  190  174
  201  207  194  194  202  192  195  199  192  197  194  191  188  193  197  182  193  196  198  199
  200  194  197  200  197  191  203  203  210  221  236  212  202  218  212  230  199  205  207  200
  188  232  251  244  240  250  251  257  267  269  211  228  244  248  266  251  172  172  149  182
  204  187  195  173  201  203  203  197  191  201  186   96  201  196  160  182  186  183  197  219
  245  100   68  120  117  179  146   87  175  189  199  156  172  188  163  160  128  144  157  161
   99  108   18   80  145  142  141  171  243  184  171  174  169  183  188  131  129  164  152  138
   83   68   79   52   94  115   87  103  107  102  115  114  122  146  125  122  129  156  180  158
  139  143  137  104  129  100  155  175  156  139  145  151  191  184  193  191  195  196  170  168
  187  195  191  198  192  183  196  197  194  202  202  198  181  190  198  185  195  195  194  198
  200  199  199  209  202  196  202  203  196  210  213  205  200  205  206  215  197  198  199  194
  188  219  236  233  222  239  245  253  262  269  203  220  233  242  256  260  173  181  167  192
  201  201  209  174  214  214  216  207  203  217  204  103  215  203  170  190  196  191  213  226
  257  106   82  133  135  187  162  108  184  203  207  159  164  189  150  153  136  160  167  160
  121  127   25   82  155  153  152  185  245  194  183  195  185  201  190  117  114  145  135  131
   98   87   92   59  110  133  117  120  146  126  136  133  130  152  145  143  141  166  181  166
  149  146  144  112  138  113  160  192  168  151  160  167  211  209  224  219  226  227  179  164
  197  219  197  212  197  193  209  217  212  228  218  218  192  206  215  190  202  214  206  216
  216  218  220  224  221  196  214  207  215  227  232  222  221  228  230  246  221  229  227  225
  213  234  254  242  250  253  255  259  266  265  237  254  257  262  266  272  193  192  163  188
  227  208  212  192  223  223  227  221  209  221  210  100  194  194  158  180  194  186  208  224
  258   92   66  108  119  192  169  106  201  212  223  177  188  207  170  174  150  168  174  168
  125  134    0   66  160  145  151  176  257  217  209  210  183  203  188  149  165  197  192  192
  110   86   93   71  116  137  123  130  131  130  138  134  134  147  138  141  153  172  186  173
  148  164  134  112  133  107  156  188  168  147  154  159  216  210  229  215  225  221  202  177
  208  219  204  218  207  200  216  213  212  222  211  209  189  199  210  181  195  210  209  210
  207  207  208  210  209  187  209  194  210  209  230  220  216  220  220  233  209  211  220  213
  202  230  252  243  241  250  257  266  275  277  224  241  250  260  274  268  184  190  161  195
  223  193  205  183  208  211  211  216  207  211  202   92  212  207  165  188  194  191  209  233
  261   86   66  114  100  200  173  105  199  209  219  172  183  205  164  164  155  167  172  163
  116  133    8   66  166  160  158  191  279  231  197  211  198  213  220  192  180  218  185  212
   95  101  108   71  113  141  116  133  139  154  153  154  156  179  166  150  146  174  194  158
  145  138  169  142  160  127  189  192  173  152  162  168  195  188  187  180  189  183  149  151
  167  181  175  182  171  175  180  190  192  187  188  193  177  199  205  201  220  221  230  232
  218  200  222  212  219  222  243  230  244  258  266  250  242  258  255  273  229  244  256  247
  226  264  280  267  276  281  278  272  277  279  249  273  269  271  279  304  213  220  198  234
  247  217  221  202  234  225  234  222  221  236  214  131  247  223  174  194  192  206  201  239
  263  121   81  135  111  176  165  118  193  198  196  151  164  180  166  161  137  175  175  175
  133  142   25   79  166  161  160  192  263  207  203  212  206  221  210  150  156  190  173  186
  112  112  117   83  127  157  138  130  137  142  163  149  174  190  177  154  162  192  209  182
  160  166  175  144  160  129  190  206  185  158  163  168  211  209  204  200  199  199  182  176
  196  200  192  198  190  188  198  202  202  199  198  203  184  196  202  186  199  208  212  214
  211  206  213  210  211  193  217  204  218  221  239  226  220  231  234  248  220  228  229  222
  213  234  258  241  254  257  257  262  271  270  234  252  257  263  271  277  196  202  180  201
  229  203  209  190  224  210  217  206  205  217  198  116  220  201  162  183  195  182  203  217
  248  122   79  126  111  177  155  106  184  192  202  157  168  180  160  152  128  167  171  166
  118  130   19   83  157  153  154  182  260  196  173  183  179  201  201  153  148  183  159  171
   92   91  100   64  108  134  121  117  123  123  136  123  147  170  149  130  141  173  193  172
  150  157  163  131  150  117  175  198  178  160  165  171  213  214  223  210  220  218  187  177
  199  213  205  216  207  200  213  219  214  219  218  217  193  209  220  195  210  220  213  225
  223  223  223  228  224  200  221  205  214  218  223  229  227  224  232  239  226  232  229  226
  211  224  239  232  242  244  248  257  266  268  235  247  249  254  267  266  190  191  163  190
  225  207  225  191  224  226  220  221  214  220  208  104  200  194  152  179  196  185  208  225
  259  101   79  131  124  195  169  105  204  218  228  175  178  200  171  174  152  167  176  175
  124  131   16   75  166  162  168  195  269  209  198  199  193  219  214  177  177  214  181  208
  119  112  121   83  131  158  138  140  146  142  156  144  168  163  161  150  151  175  188  169
  152  159  156  132  142  115  166  182  168  152  158  162  198  196  208  208  210  211  185  170
  195  213  196  210  198  191  204  205  202  215  207  203  183  198  205  190  200  208  207  214
  207  206  212  213  210  195  216  211  212  222  225  228  220  224  231  241  214  222  223  219
  204  229  247  238  248  248  251  251  260  260  231  246  253  252  261  254  187  187  164  186
  216  201  212  186  220  218  222  216  209  221  204  105  205  204  176  195  205  184  213  216
  256  119   87  136  131  195  170  107  188  194  209  175  176  206  170  179  150  167  168  167
  120  134   22   92  154  146  150  172  240  186  184  186  177  196  183  130  136  168  149  160
  122  119  133   96  134  158  138  143  150  151  165  158  169  194  174  155  168  192  211  188
  160  166  174  151  166  133  191  211  196  170  172  175  220  225  241  240  241  238  200  177
  217  247  206  235  204  198  218  214  221  234  222  220  189  207  216  193  209  222  223  227
  226  221  227  227  226  201  226  217  232  235  252  238  235  247  247  263  235  245  252  245
  229  247  265  259  266  264  267  272  278  282  253  266  264  270  277  279  213  217  190  215
  250  215  225  201  234  224  228  216  212  230  211  122  223  205  168  189  192  194  202  233
  246  119   79  121  112  202  168  117  196  212  221  184  188  210  180  176  148  163  180  183
  124  136   20   84  163  159  164  196  275  214  187  190  197  219  223  184  175  217  174  204
  117  100  108   78  130  148  135  134  135  132  146  133  154  167  153  129  142  170  182  168
  151  140  152  129  140  115  166  187  174  153  156  162  203  201  215  212  217  217  173  162
  192  216  196  214  193  193  210  208  210  214  204  206  185  198  208  187  203  208  204  213
  209  206  212  213  211  196  211  208  218  222  234  221  218  225  229  242  216  220  224  219
  207  231  248  245  249  246  253  257  268  269  225  240  244  253  264  262  185  185  155  190
  221  204  212  188  214  212  209  210  202  211  196   96  199  191  159  182  188  188  200  225
  260  107   73  119  122  187  165   99  195  200  211  165  171  197  162  163  146  169  166  167
  116  129   13   79  159  159  157  191  275  221  196  200  192  210  214  176  175  214  177  204
   88   70   82   56   98  123  102  105  108  109  125  116  137  151  133  121  129  159  176  156
  137  150  146  122  149  118  164  177  172  164  176  189  193  196  205  204  209  212  172  160
  190  204  193  205  194  197  209  215  217  216  212  217  194  213  221  196  218  225  225  232
  229  223  235  232  232  205  229  210  226  232  244  238  236  241  246  256  238  245  248  244
  226  237  258  250  259  255  260  264  278  281  251  261  257  267  276  277  214  217  194  211
  246  225  235  212  249  248  258  241  234  254  235  130  245  232  188  204  209  211  219  246
  267  125   88  138  126  208  192  123  221  222  223  182  182  212  188  186  174  185  196  197
  139  151   27   92  181  170  177  207  270  219  207  212  203  223  214  132  144  183  166  177
  112  100  110   74  127  150  141  139  143  137  156  150  151  167  159  152  164  177  190  172
  165  165  148  124  144  113  164  186  175  159  167  163  197  197  204  202  202  207  178  173
  191  206  194  210  193  193  207  208  209  210  208  210  184  200  208  187  205  213  214  220
  216  215  220  222  218  198  221  209  218  226  231  226  226  226  234  243  222  228  233  228
  213  224  252  240  247  251  253  256  267  275  237  252  252  263  267  268  199  200  175  199
  231  212  226  195  231  230  230  223  218  232  213  116  213  199  160  179  190  184  204  221
  254  106   71  115  141  194  173  111  204  222  223  169  176  195  166  168  153  172  174  174
  127  141   13   75  162  161  159  185  253  209  210  216  202  218  199  141  143  178  173  172
  113  110  106   78  120  134  121  114  121  127  137  132  139  147  144  126  139  171  183  171
  138  162  150  129  151  117  171  188  180  157  165  168  198  209  220  215  224  222  189  161
  200  219  205  219  204  198  213  211  207  222  204  207  193  199  207  195  204  207  204  209
  208  207  210  215  209  199  214  205  208  220  225  216  212  217  220  229  207  214  218  216
  204  230  242  240  235  245  250  253  263  264  227  242  242  253  263  262  187  188  162  185
  224  210  215  191  213  219  219  219  213  223  209   97  196  194  167  182  191  178  204  214
  245   85   73  106  108  198  167  105  199  215  219  181  186  206  170  180  152  159  168  170
  114  126   11   66  152  147  153  178  251  206  196  206  192  207  189  134  141  178  160  172
  101   94  105   72  109  133  117  125  134  128  132  129  140  149  135  132  134  156  180  158
  142  146  139  115  154  114  156  178  174  170  171  184  182  189  206  201  210  208  162  153
  182  197  180  197  179  182  192  196  200  206  194  198  176  192  202  183  199  207  208  214
  212  205  215  213  213  193  218  209  219  228  234  226  220  228  231  242  220  229  233  226
  218  236  250  240  246  247  252  253  270  271  237  254  249  263  269  268  200  197  176  196
  232  210  215  198  224  221  228  212  208  225  210  116  201  200  169  194  199  191  216  236
  263  108   79  128  127  196  177  118  196  205  209  172  185  199  177  179  152  171  180  180
  126  131   27   85  168  168  169  203  264  217  203  212  199  219  219  156  160  205  184  197
  102   90   99   73  110  138  118  129  127  125  133  130  143  153  135  133  125  152  172  160
  142  148  149  122  136  108  159  177  173  157  159  156  188  199  207  204  214  204  170  164
  177  195  182  191  185  186  189  194  194  194  189  193  186  191  196  186  193  200  195  209
  203  197  205  200  201  188  202  195  206  210  226  212  207  218  220  230  210  212  223  214
  202  227  252  245  243  253  265  269  282  288  226  246  256  262  275  268  189  199  170  205
  227  201  213  186  214  219  217  210  206  216  203  114  220  218  180  199  203  193  205  232
  250  111   84  122  126  190  160  104  191  199  196  163  183  192  161  172  143  158  170  165
  114  122   13   77  149  148  146  174  245  193  202  203  188  203  187  123  137  173  160  168
   97   84   89   59  107  125  110  123  129  128  135  138  136  157  146  134  140  169  184  172
  151  156  147  120  141  117  161  180  176  161  170  170  193  200  214  212  220  216  172  158
  186  206  194  213  193  197  203  210  213  215  203  211  196  208  212  197  213  221  217  224
  221  216  225  219  222  203  222  209  219  222  238  231  230  235  238  247  227  235  234  234
  219  234  260  245  255  261  267  268  276  273  240  254  259  270  273  274  201  202  177  200
  235  203  219  197  200  224  226  223  218  228  211  110  201  196  164  186  190  183  205  226
  248  108   83  128  119  193  171  109  199  210  215  180  191  201  171  182  153  171  181  177
  121  134   18   79  165  166  170  192  271  217  202  214  203  218  219  179  185  221  184  211
  125  111  126   91  134  155  140  146  147  144  154  147  156  167  163  142  142  174  185  171
  145  159  152  124  133  110  163  181  168  146  155  150  191  200  208  206  212  212  174  157
  189  204  194  203  192  191  203  204  205  206  193  199  182  196  202  182  191  199  197  198
  199  199  195  200  195  185  200  193  201  205  216  204  199  209  208  221  198  198  204  194
  189  222  245  240  234  245  254  266  279  281  206  230  241  250  272  262  171  179  158  190
  209  190  204  170  205  209  210  203  199  208  193  100  216  212  166  187  193  183  213  225
  251  106   68  121  124  179  152   96  184  197  201  159  169  190  159  159  128  149  156  156
  111  119    9   67  140  140  139  166  228  188  190  200  178  193  178  126  146  170  165  164
  108   89   96   75  115  138  122  129  135  138  136  133  140  157  141  143  137  163  178  162
  144  155  130  116  128  102  160  183  164  142  155  151  189  201  210  197  213  214  173  154
  189  207  192  207  188  189  201  207  210  212  206  211  185  205  214  191  206  218  214  223
  220  217  223  219  220  196  222  208  223  229  234  230  226  230  237  242  225  233  229  227
  215  237  253  244  249  252  257  257  265  270  235  254  253  259  265  262  193  194  159  190
  233  200  205  192  207  212  211  206  201  212  199  104  200  194  158  180  190  181  203  216
  248   97   82  122  116  184  165  107  191  198  228  171  177  189  157  165  142  163  166  160
  125  132    8   69  149  154  159  166  262  217  208  220  199  215  211  167  173  213  181  175
  130  104  108   88  144  167  148  145  154  156  166  160  166  176  171  148  148  163  187  166
  140  148  162  135  147  119  179  180  171  150  155  156  185  192  197  189  198  198  169  143
  176  195  176  188  171  173  183  185  191  194  190  189  169  185  190  182  192  199  208  202
  198  196  198  200  197  193  216  212  227  235  241  222  219  235  225  249  201  210  227  212
  194  248  266  254  259  266  272  276  286  284  233  258  263  272  284  279  183  197  158  204
  229  195  203  178  206  215  216  206  201  214  196  100  223  202  163  180  181  192  202  232
  252   83   64  105   98  185  151   94  184  188  201  164  174  191  160  167  137  152  166  165
  111  123    0   53  144  146  147  175  245  201  206  210  195  206  187  147  163  201  178  161
  118   94   92   67  115  143  125  135  138  135  137  133  153  156  142  137  146  166  169  168
  159  167  143  127  153  119  154  179  169  168  180  175  185  195  204  210  215  216  183  170
  199  218  205  216  208  205  224  219  223  221  178  218  199  210  219  194  203  220  213  223
  223  222  221  223  220  197  215  206  215  211  219  227  222  235  229  234  221  226  225  219
  212  221  240  233  241  244  249  253  263  263  227  244  246  258  263  261  193  195  171  188
  223  213  223  193  218  227  227  222  216  228  216  108  193  185  150  171  188  175  201  216
  249   90   79  111  110  210  182  121  207  226  228  184  185  203  179  184  161  188  190  185
  140  146   19   76  172  170  169  196  263  216  220  231  223  228  209  149  155  192  177  165
  125  118  130   97  142  165  146  142  145  136  161  147  166  171  163  139  148  172  188  164
  143  169  151  135  139  113  167  177  171  148  150  157  184  198  201  201  208  205  179  163
  189  207  188  197  190  184  199  199  199  197  192  194  182  193  202  183  193  208  201  209
  206  200  204  200  201  184  205  193  202  203  221  212  209  213  216  228  207  210  209  204
  195  215  243  225  236  240  246  249  262  270  213  231  239  249  260  250  173  176  151  180
  207  190  197  175  195  202  200  197  190  200  188  101  216  217  189  209  213  195  233  229
  277  125   96  151  148  173  156  111  182  196  200  163  171  186  156  163  132  161  159  157
  122  132   32  104  147  149  143  172  243  190  181  185  186  203  191  146  139  178  152  145
   94   88   91   66  112  140  124  124  131  136  145  141  148  165  146  152  148  172  192  165
  136  151  151  129  156  123  171  190  184  161  167  165  193  202  214  209  217  214  183  171
  186  209  184  208  188  190  199  207  208  212  210  210  188  202  211  186  200  215  207  221
  224  217  226  223  224  188  213  198  212  214  226  224  221  226  232  240  228  234  230  231
  217  220  244  230  247  246  250  255  266  271  237  254  250  261  267  260  196  201  174  194
  227  209  222  196  226  223  224  207  207  226  206  116  210  192  156  182  192  186  209  227
  268  102   73  111  103  190  166  110  185  207  218  181  185  196  163  169  144  169  170  171
  134  136   17   83  153  157  157  187  266  226  208  224  210  219  210  171  175  210  187  175
  102   92   96   77  115  137  126  124  126  124  141  133  139  158  142  131  133  167  179  167
  142  161  142  122  137  108  157  183  172  152  154  159  205  202  216  211  220  222  187  173
  201  219  206  213  207  201  215  216  219  224  213  218  197  207  217  198  206  218  203  219
  216  218  218  221  211  196  207  196  203  212  216  217  215  216  220  224  210  217  212  213
  196  214  234  233  230  234  243  246  257  266  220  234  230  242  257  242  180  184  161  181
  210  196  209  180  208  211  211  207  199  213  201   99  190  185  158  181  191  181  204  213
  251   91   89  114  111  207  176  111  201  215  223  182  175  204  160  175  158  172  169  166
  129  133   19   72  153  155  152  183  264  217  214  226  210  214  206  167  170  203  177  177
  107   91   97   69  115  136  126  134  142  108  149  141  137  154  151  138  136  167  173  169
  147  153  136  114  143  115  149  189  182  169  176  178  216  207  231  221  237  232  194  175
  222  237  216  218  216  215  230  230  228  228  221  230  211  221  227  211  224  231  219  233
  231  227  235  234  232  214  228  216  217  229  232  231  233  231  238  238  230  234  228  233
  222  231  248  244  237  243  248  249  261  266  233  253  242  258  259  264  202  204  173  198
  232  219  225  200  227  231  233  222  220  241  226  114  217  209  174  196  198  195  218  229
  257  100   93  123  118  207  168  100  201  217  225  190  191  207  176  185  155  168  173  177
  124  127    5   73  155  150  161  187  269  209  202  207  199  213  203  164  171  209  186  176
  117  101  107   75  114  140  125  118  129  128  140  136  154  167  159  144  154  178  192  175
  150  159  160  150  165  130  175  196  193  175  179  175  212  208  214  214  217  214  187  157
  197  226  201  211  199  201  219  221  222  210  213  218  195  211  219  205  208  226  222  229
  227  222  227  222  226  211  227  219  223  231  237  238  235  238  241  246  230  239  240  241
  220  230  252  242  251  249  256  255  271  275  239  255  251  266  272  271  200  208  179  205
  237  221  225  203  227  228  227  211  209  231  214  120  226  209  177  190  196  202  214  239
  259  119   89  127  110  190  164  111  189  208  216  176  178  176  171  166  160  169  170  164
  130  136   13   81  158  160  160  184  259  197  202  212  203  213  200  133  147  183  165  158
  144  108  122   94  148  158  151  159  159  154  162  157  158  178  165  148  146  184  197  181
  153  169  163  139  153  125  182  200  188  163  168  174  206  202  202  202  206  201  184  160
  195  212  190  195  190  191  195  203  203  201  200  200  179  193  199  188  196  206  205  207
  208  205  210  209  207  190  210  200  210  210  222  217  212  216  218  227  210  214  213  213
  199  212  237  230  234  240  246  246  257  262  221  240  236  249  256  257  186  181  163  186
  218  200  212  185  215  213  213  204  202  217  199  108  191  191  158  183  189  184  200  220
  255   94  116  116  124  196  162  103  196  202  208  170  169  190  170  171  143  163  176  174
  121  126   10   76  163  164  163  189  265  204  191  214  210  218  202  150  163  195  171  165
  110  110  114   85  137  167  141  141  145  149  164  153  176  127  166  149  152  179  179  169
  150  144  165  141  147  124  172  184  180  161  163  166  195  188  193  192  196  195  161  153
  178  200  186  193  189  196  196  212  210  197  202  205  188  209  215  199  217  225  228  232
  223  214  229  219  224  209  235  221  233  240  246  247  238  244  245  253  231  235  235  238
  221  237  261  253  261  266  274  269  276  276  238  258  260  267  275  272  204  200  186  204
  231  217  228  200  237  233  235  224  219  234  219  121  219  197  165  183  186  189  208  227
  256  108   86  126  124  195  171  122  206  211  207  167  173  193  174  174  144  173  172  172
  127  137   23   83  148  150  154  183  254  192  199  201  192  205  196  139  146  183  167  152
  108   96  108   77  125  143  129  136  137  132  147  138  156  168  152  138  137  170  188  166
  147  168  156  137  166  131  177  194  194  181  190  191  213  207  213  211  218  216  187  167
  203  228  201  209  200  204  209  220  220  219  220  220  192  211  222  199  213  230  221  205
  231  230  236  234  231  202  229  212  228  225  235  243  239  236  247  248  234  241  244  237
  219  223  248  240  254  254  264  260  270  270  238  255  255  259  267  259  202  191  173  195
  232  219  219  200  222  219  228  219  215  229  217  111  216  204  176  192  197  190  214  216
  257  117   92  127  118  207  183  115  205  219  231  183  188  199  184  179  163  180  189  191
  134  141   20   85  173  175  175  197  250  209  198  201  199  221  226  170  164  202  171  175
   88   82   89   58  100  127  110  117  125  132  135  139  140  156  148  137  149  169  181  165
  143  147  149  123  149  122  165  184  183  166  170  171  199  196  210  207  213  213  169  150
  190  225  195  207  193  195  204  213  210  211  204  210  183  203  213  188  203  220  210  221
  220  217  218  217  217  195  215  205  216  214  226  226  223  227  232  236  220  228  227  226
  210  214  236  234  245  249  258  260  272  279  230  247  252  263  276  279  194  194  173  206
  228  207  217  190  228  221  224  223  215  225  211  117  238  215  178  200  196  208  224  248
  276  116   89  123  125  193  158   98  195  202  209  171  185  198  175  179  145  157  174  175
  111  116    5   74  148  147  152  180  264  194  178  182  191  211  200  144  157  196  169  163
  108   89  105   71  113  135  115  127  126  119  132  123  140  157  146  123  136  173  182  170
  149  161  149  119  135  110  167  179  173  158  164  170  201  200  201  203  208  207  187  161
  195  213  193  198  193  195  199  207  207  207  207  206  189  203  210  193  204  217  212  221
  220  216  225  220  224  198  214  204  215  219  238  225  223  232  232  240  225  229  226  228
  215  227  258  250  251  258  270  271  281  285  237  250  258  265  280  273  203  200  186  206
  232  209  232  194  232  229  230  218  214  228  216  118  229  212  170  186  189  202  205  237
  258  105   81  112  134  202  173  113  207  222  217  168  180  199  170  180  148  166  168  171
  126  130   21   82  151  148  151  174  241  172  193  202  189  202  186  124  131  162  150  131
  110  109  117   88  125  150  128  123  128  123  148  133  160  171  163  136  149  191  199  184
  157  185  159  144  156  126  181  193  186  171  176  180  211  210  210  213  213  211  194  169
  210  226  197  201  190  192  195  204  199  207  198  197  183  196  210  189  195  207  200  209
  211  207  180  211  213  191  209  197  206  213  220  219  212  217  221  227  213  210  220  220
  210  218  235  238  235  243  251  254  269  272  242  243  247  251  265  253  192  187  164  186
  222  204  215  191  220  214  214  204  203  216  203  100  199  195  167  195  204  185  224  215
  272  102   92  129  137  194  167  104  190  202  205  167  177  167  177  160  149  177  178  177
  129  137   12   84  166  170  170  197  276  214  193  201  199  220  217  161  160  204  166  175
  133  109  125   98  132  149  139  146  150  144  152  143  152  154  151  140  138  158  169  163
  139  140  146  127  141  115  158  172  176  160  164  168  195  194  200  195  204  204  168  157
  182  207  192  196  193  198  203  207  207  204  202  209  195  203  210  201  209  213  205  216
  217  211  218  215  216  204  212  207  205  221  224  220  218  218  212  231  213  222  217  225
  207  223  220  239  239  247  250  247  252  255  224  236  243  251  255  250  194  191  160  182
  220  199  210  191  210  213  219  209  206  217  205  104  181  172  145  168  183  169  202  240
  250   88   84  112  116  180  167   99  194  203  198  164  176  189  166  171  146  164  171  171
  118  125    3   64  156  157  158  187  263  210  205  223  203  217  199  170  173  179  178  172
  104  107  105   84  130  155  143  144  149  144  158  142  162  166  156  141  137  166  175  160
  152  156  159  120  144  114  163  174  167  150  155  161  199  195  200  197  203  199  172  155
  170  204  179  185  179  183  188  183  195  190  189  186  190  182  197  201  191  205  208  213
  205  196  209  200  204  205  216  210  217  232  239  230  221  232  234  242  215  229  229  227
  208  230  254  249  244  258  265  264  275  285  227  242  256  264  274  268  194  195  173  201
  223  201  205  185  215  208  211  201  202  216  203  106  217  197  161  184  187  190  203  224
  254  104   76   95  128  165  152  106  185  192  187  153  164  184  156  164  130  164  166  164
  125  130   20   85  150  154  155  181  261  199  194  199  189  207  195  163  176  212  181  183
  132  123  130  100  136  157  136  130  141  128  145  131  160  167  148  134  135  170  187  176
  154  167  161  142  156  119  180  183  180  166  170  181  205  201  208  208  214  211  180  169
  178  218  196  202  196  202  208  221  220  207  211  211  197  212  218  200  206  219  209  222
  225  219  220  220  221  202  212  203  211  217  226  220  223  226  229  231  219  224  219  223
  207  217  240  234  237  245  250  254  266  277  225  238  247  259  267  264  185  193  163  195
  220  208  215  187  217  214  213  206  205  217  205  105  207  197  163  188  192  195  207  233
  269   99   77  121  112  201  171  110  196  212  214  167  177  170  172  175  153  167  172  175
  120  129   13   80  154  151  150  180  256  188  184  192  188  200  195  158  152  187  162  158
  117   99  111   83  123  148  131  141  148  141  154  147  152  171  161  142  148  180  210  177
  153  174  156  134  151  125  169  191  187  163  166  169  215  204  205  202  207  200  178  164
  179  210  194  192  194  190  196  197  193  193  189  192  182  190  198  186  196  202  204  205
  201  193  198  199  199  196  214  204  211  228  233  219  211  222  221  232  200  211  214  218
  198  226  248  244  241  251  258  264  273  278  223  240  250  261  270  264  186  191  162  192
  224  193  206  181  217  209  215  211  202  216  197  109  218  200  162  182  190  191  204  223
  253  105   85  120  123  174  154   92  182  182  181  153  165  176  160  163  129  153  164  166
  107  114   11   74  140  138  143  160  236  181  176  192  179  187  175  120  130  160  153  142
  109   95  107   76  116  145  128  127  131  126  143  130  151  160  151  127  140  168  179  170
  150  162  156  137  149  119  161  175  183  172  177  178  210  204  225  214  231  228  189  174
  193  232  216  219  213  213  227  236  238  231  237  237  211  228  239  220  236  245  229  245
  247  240  247  225  247  232  236  231  227  238  236  246  245  237  248  253  244  252  241  251
  232  242  258  262  256  265  271  272  281  284  249  256  267  271  277  267  209  207  179  201
  237  218  222  211  240  239  250  237  231  248  228  113  219  197  186  202  218  196  224  225
  270  106  107  124  130  227  192  117  213  219  223  184  193  212  184  191  173  183  185  182
  136  140   25   81  165  159  161  190  262  209  199  203  192  220  199  157  164  199  178  167
  102   81   92   80  113  130  114  127  130  125  129  123  133  144  129  120  126  153  168  158
  146  158  130  110  125   97  147  169  164  149  157  159  198  192  208  205  214  213  175  162
  180  219  197  205  198  199  200  212  239  219  222  219  189  205  218  192  204  221  209  225
  228  224  229  225  229  200  213  206  214  221  235  230  228  229  236  241  232  236  226  242
  217  221  247  242  246  252  260  259  270  275  242  245  256  262  266  266  193  194  169  192
  222  207  220  192  230  227  228  227  222  232  215  108  211  196  200  192  200  192  217  224
  262  122  101  141  165  216  187  124  207  217  216  181  183  202  171  187  168  184  179  173
  129  144   43  104  160  162  157  190  259  215  180  218  210  225  194  136  154  189  174  164
  135  120  130   96  147  173  156  147  156  145  172  153  168  171  167  138  150  174  190  173
  151  170  164  145  153  121  174  185  179  157  164  171  216  210  215  217  219  216  189  171
  187  226  201  202  202  198  207  209  213  212  211  210  185  203  213  197  208  219  210  217
  222  215  219  214  218  203  215  208  214  214  227  225  220  220  225  235  200  224  217  224
  205  221  245  234  242  250  256  253  261  272  226  237  255  261  261  261  182  185  156  184
  214  194  201  183  205  202  200  205  199  208  194   94  200  194  165  187  200  192  212  222
  260  104   87  118  128  201  171  110  188  200  204  164  178  185  166  173  148  172  168  167
  116  131   19   84  159  170  162  190  263  200  179  190  200  215  208  162  169  199  165  173
  125  106  122   93  130  151  130  125  135  129  147  133  150  163  148  127  132  167  180  168
  149  161  147  127  141  113  153  177  174  163  171  178  200  199  216  203  219  218  179  164
  184  217  208  204  207  218  216  231  231  217  222  231  212  230  240  225  232  243  227  242
  244  230  243  232  241  231  232  224  221  233  237  240  240  235  244  245  242  250  235  249
  224  234  252  249  250  253  263  259  268  275  241  249  257  262  265  264  200  207  179  200
  231  211  222  202  233  228  227  226  222  231  219  111  211  198  164  197  214  200  218  234
  269  102   81  117  122  221  186  120  215  218  218  182  187  209  178  193  170  194  185  187
  128  149   19   82  176  180  184  207  278  213  204  217  209  234  230  181  179  218  180  192
  121  112  126   89  141  172  150  146  164  160  173  161  179  179  171  160  155  182  190  179
  157  162  167  139  147  125  177  185  177  154  158  161  199  202  207  188  205  201  182  161
  179  208  183  192  186  191  188  199  200  197  197  198  191  205  209  204  217  223  226  226
  221  212  223  216  220  215  233  226  231  239  245  243  234  238  240  244  226  227  239  231
  216  240  260  261  247  259  264  266  278  280  233  249  259  268  272  273  203  204  187  206
  230  215  220  201  235  223  228  217  215  231  208  131  238  210  180  196  205  208  216  234
  263  125  106  138  140  190  166  121  191  199  199  156  177  188  160  166  137  175  164  163
  125  137   33   98  152  151  151  180  241  188  189  208  195  209  194  147  151  175  156  151
  110  105  122   82  120  144  123  117  128  127  136  127  149  166  146  133  136  174  187  172
  145  171  158  141  159  128  166  181  194  176  185  183  195  197  217  204  219  213  187  175
  188  218  201  210  205  206  213  217  210  210  209  212  200  212  221  206  214  224  207  222
  226  220  221  220  222  212  216  210  207  219  218  221  221  217  224  228  221  226  228  227
  212  221  233  238  232  236  248  247  259  267  226  232  242  245  256  248  192  188  160  181
  222  201  211  191  215  217  213  216  207  215  199   92  189  181  160  179  197  178  204  207
  244   93   96  126  136  207  173  110  202  210  215  178  194  208  185  186  157  172  179  185
  122  137   18   82  163  165  166  196  270  208  206  221  202  219  209  177  179  208  184  183
  132  112  138  100  138  168  149  143  149  145  162  152  170  183  168  144  152  183  197  176
  150  158  133  144  150  123  176  179  184  174  186  189  204  204  218  210  222  223  181  164
  183  216  198  213  207  213  219  230  224  231  230  230  205  223  234  213  227  237  226  238
  243  233  237  239  239  220  233  226  243  241  246  246  241  244  243  254  235  237  245  239
  216  237  259  252  257  263  268  263  267  270  238  244  261  253  264  263  203  191  178  191
  231  217  230  203  237  235  244  240  229  242  227  112  202  186  134  166  193  182  198  212
  242   98   92  114  121  230  198  126  217  232  231  191  204  228  202  208  184  203  197  196
  136  155   24   85  184  179  182  211  283  216  225  241  223  239  223  165  178  218  195  191
  120  103  118   89  135  157  143  150  158  151  165  153  168  177  171  134  162  192  208  188
  164  182  166  148  157  137  189  202  200  182  184  185  231  231  242  234  244  238  210  179
  211  246  218  225  222  212  236  240  227  239  230  232  211  227  239  207  219  237  221  234
  240  232  232  231  231  213  225  221  219  233  240  241  233  233  237  246  234  234  225  231
  212  238  260  257  252  263  271  267  274  278  236  245  259  249  269  257  187  174  160  187
  224  208  214  194  225  224  231  229  227  229  212  103  190  172  147  170  193  170  201  204
  241   88   92  108  124  222  182  107  205  208  216  190  202  218  189  190  171  177  188  189
  116  134    6   61  171  164  168  199  276  215  220  229  216  225  211  181  191  228  203  199
  133  117  141   97  146  168  155  160  161  157  174  159  180  198  182  156  163  200  214  194
  170  181  181  153  157  138  190  193  196  164  167  175  219  214  216  213  214  193  184  167
  186  206  188  196  188  183  196  193  189  203  198  190  183  196  199  195  201  206  203  201
  207  199  200  196  202  206  213  221  212  241  250  224  211  230  228  244  207  217  221  219
  197  247  267  263  256  271  276  272  278  283  231  248  265  259  273  266  179  180  167  196
  228  188  199  176  209  205  211  213  212  219  203  107  198  187  154  177  190  188  198  218
  245   97   83  113  114  195  159  104  193  195  196  153  177  192  171  169  140  153  168  170
  112  121    7   75  152  158  155  192  266  198  207  219  201  210  208  164  161  194  165  173
  105  103  113   66  126  160  143  145  160  152  167  151  170  180  173  145  158  188  199  186
  162  171  168  137  153  132  169  181  182  169  173  183  210  213  212  219  217  203  187  163
  187  214  188  208  187  186  205  209  206  214  211  206  183  206  218  199  211  223  215  223
  224  213  216  213  213  208  217  216  224  232  243  233  227  234  236  243  219  225  227  224
  206  234  261  254  255  268  278  278  286  287  232  253  272  268  283  275  194  185  178  201
  228  202  214  189  228  226  231  214  218  232  207  109  221  205  165  190  198  205  212  235
  259  102   89  116  116  217  179  118  204  203  204  172  190  212  179  185  156  174  181  180
  120  137   17   74  169  163  162  191  257  191  195  198  191  204  200  156  160  192  168  155
  107   87  101   74  112  146  133  132  144  138  156  145  162  172  164  146  142  180  189  177
  153  169  160  131  141  115  167  169  170  156  165  179  205  201  216  210  217  201  184  171
  186  208  196  205  197  196  211  215  212  223  220  218  196  206  210  210  221  223  218  227
  233  224  216  226  213  222  226  226  223  239  239  241  234  238  242  242  219  225  227  224
  206  242  251  259  243  255  262  256  264  277  233  242  247  249  261  261  199  186  172  197
  228  206  209  198  221  216  226  210  208  221  207  100  203  194  164  187  196  189  205  220
  256  106   89  124  142  218  179  111  199  207  214  171  185  208  169  183  156  170  174  181
  112  132   11   90  164  163  164  195  258  188  199  206  192  215  214  178  178  206  187  180
  106   86  103   70  111  140  119  114  126  116  144  125  148  160  151  123  129  161  173  167
  144  154  149  124  148  115  158  160  167  170  173  174  198  198  207  215  213  202  183  165
  184  216  196  212  204  205  212  219  212  213  213  213  197  214  217  207  212  233  219  232
  237  227  228  224  227  208  212  208  219  228  245  232  228  242  237  253  231  237  248  240
  219  237  261  260  263  266  279  266  280  294  253  268  275  277  284  287  200  201  181  224
  249  209  224  193  228  224  222  218  214  231  215  117  240  218  180  199  201  217  216  250
  261  103   89  117  110  223  179  118  207  210  211  178  196  218  179  190  167  183  190  189
  126  144   19   79  171  168  170  198  258  187  197  200  194  215  213  151  168  202  180  177
  139  111  128   90  149  171  155  152  161  150  171  158  167  179  170  144  161  183  191  179
  158  161  168  137  155  128  173  184  178  174  181  176  204  203  214  202  214  203  186  168
  193  215  199  212  200  199  212  219  212  219  221  219  193  212  217  208  215  230  217  232
  239  231  236  233  238  212  216  212  211  224  227  228  228  225  235  233  236  237  229  237
  224  224  244  248  237  240  259  253  267  283  238  245  252  252  268  263  202  189  177  196
  235  221  224  200  229  227  221  225  216  234  217  114  217  188  166  179  192  180  203  221
  244   97   98  109  124  223  181  115  211  212  216  174  191  208  175  185  172  182  187  188
  120  142   20   82  168  160  162  190  255  201  224  232  203  211  197  148  164  202  187  168
  128  108  122   85  130  153  134  128  133  128  149  140  164  179  160  132  147  180  189  178
  160  181  167  137  159  126  178  178  191  178  181  181  226  220  239  224  239  219  201  185
  208  233  222  229  224  224  235  239  229  246  245  243  213  240  241  228  238  249  238  252
  255  247  254  247  257  231  239  226  228  242  241  254  252  243  257  249  254  256  250  258
  233  240  253  257  257  254  275  258  264  267  252  249  260  256  262  265  218  202  187  203
  237  221  229  219  246  241  245  246  230  250  233  123  211  188  163  184  196  181  209  217
  256  119  100  138  156  244  205  134  227  237  239  194  202  228  187  202  196  199  196  199
  143  154   35   95  184  178  182  208  268  209  235  237  207  227  215  150  167  192  187  164
  117   90  103   76  127  145  128  119  128  113  144  126  142  161  151  121  141  164  176  167
  139  154  143  111  134  112  162  165  178  164  167  168  203  208  222  217  226  216  187  160
  196  223  206  221  208  214  223  227  218  237  232  234  202  222  235  216  232  245  232  247
  247  240  244  237  247  218  236  223  226  228  230  247  243  232  240  239  245  242  238  232
  224  231  248  244  245  244  261  249  260  266  236  243  252  257  264  259  202  188  175  197
  231  221  229  205  238  232  225  226  221  237  219  116  206  189  162  180  194  185  212  224
  254  115  105  129  135  232  194  127  220  225  222  179  189  213  178  185  177  189  192  191
  133  151   34  100  182  184  179  216  285  220  228  232  227  238  224  182  209  229  212  207
  138  121  135  100  155  181  163  160  177  164  184  172  187  192  182  162  167  191  209  181
  165  184  187  161  168  146  197  186  198  172  178  177  229  226  226  218  221  207  199  182
  209  219  210  210  200  208  216  212  201  220  208  204  203  219  219  219  229  228  223  229
  222  207  216  210  217  220  224  218  220  231  238  239  235  234  237  243  225  226  227  224
  208  233  256  247  243  248  265  249  255  262  234  240  259  250  261  255  193  186  173  194
  228  199  210  191  219  214  217  214  211  225  207  110  219  205  181  200  208  198  215  226
  257  131  105  141  142  205  166  108  196  201  201  165  192  201  173  179  157  177  185  185
  121  135   18   79  174  166  161  193  257  189  207  216  196  207  201  157  163  190  172  161
  140  120  130  108  143  156  147  145  150  145  160  154  155  168  160  143  152  164  179  160
  148  153  166  134  146  123  171  178  174  161  167  166  217  212  232  220  227  210  185  166
  202  224  202  213  192  202  213  208  207  224  212  211  198  211  216  208  216  219  218  223
  215  213  219  213  219  207  219  207  221  222  238  231  230  232  236  241  223  229  237  224
  203  226  253  245  238  248  267  258  272  285  232  246  264  262  278  272  188  184  173  214
  228  194  209  185  219  211  211  205  200  221  198  117  235  224  182  205  203  217  222  250
  270  117   94  123  143  216  182  120  197  202  205  179  192  212  170  177  162  173  182  177
  124  142   31   95  164  162  160  184  251  180  195  210  187  199  197  137  155  189  173  162
  129   95  106   78  127  147  135  128  135  124  148  133  147  167  153  115  145  174  186  173
  154  171  155  122  132  110  159  170  168  153  162  165  213  208  215  206  214  202  182  175
  198  209  207  204  191  205  214  219  211  219  221  217  204  223  226  216  222  224  219  230
  220  230  228  229  233  213  216  208  214  220  227  230  232  224  230  230  228  228  221  222
  215  227  245  245  225  241  263  254  262  269  227  235  249  248  257  260  207  190  186  196
  225  215  226  199  236  225  223  215  207  235  209  116  211  200  170  192  200  192  212  223
  257  113  103  131  134  210  173  112  200  213  220  168  184  202  165  176  160  173  179  175
  119  138   26   83  164  172  166  205  269  195  219  233  215  224  207  151  163  194  184  171
  137  111  123   96  138  158  146  150  152  147  164  154  165  178  172  143  158  186  198  186
  168  184  172  147  166  136  175  190  192  184  186  184  228  226  238  233  239  227  197  178
  216  238  226  231  209  216  231  227  221  238  231  223  208  219  227  213  218  223  221  229
  223  227  219  222  212  214  219  220  220  230  250  229  234  241  239  254  230  232  234  229
  217  238  266  256  257  261  277  270  281  283  244  255  275  271  280  277  201  192  185  208
  234  206  220  183  225  227  222  218  212  231  213  120  244  228  194  213  223  208  226  241
  271  125  103  136  151  221  175  115  208  211  217  184  209  218  181  183  164  177  195  193
  124  142   28   89  177  183  176  205  274  201  201  213  204  217  218  161  179  213  197  187
  131  124  133  110  149  176  162  150  161  158  179  164  183  190  179  138  164  191  202  179
  149  167  187  162  176  146  188  195  196  180  186  190  219  215  222  215  226  216  188  161
  198  221  200  222  186  200  215  213  220  228  235  226  200  217  225  213  230  221  228  236
  221  229  229  228  226  222  235  223  226  229  243  236  240  242  247  253  223  239  241  231
  218  239  247  251  243  247  264  257  268  278  240  250  263  261  275  273  200  189  176  203
  235  211  221  190  225  223  223  220  212  231  212  110  208  203  169  185  200  198  206  234
  260  104   95  127  131  210  178  112  210  212  214  186  204  221  187  178  172  182  201  197
  123  145   21   75  187  182  180  208  266  204  200  209  205  214  210  136  158  193  179  166
  120   97  113   87  125  144  130  138  135  134  143  132  150  168  152  139  144  169  186  173
  153  173  150  123  146  118  158  179  179  155  170  175  222  223  239  219  242  238  196  184
  222  241  226  219  210  215  231  219  217  241  214  224  214  226  229  219  225  220  219  225
  219  224  220  205  208  217  220  209  212  225  238  225  226  232  235  246  213  232  240  227
  204  227  246  249  239  245  258  263  276  288  232  247  260  269  276  279  186  180  164  206
  226  197  204  172  212  213  210  221  204  218  202  110  233  228  190  206  212  211  223  250
  271  118   95  132  145  198  175  112  196  200  212  184  195  210  174  163  162  170  186  185
  117  136   21   84  172  165  164  179  252  195  207  215  190  197  199  151  176  210  191  177
  105   92  106   74  113  130  115  125  129  131  141  139  151  171  156  146  153  179  195  171
  155  173  162  126  145  119  166  176  174  160  172  168  215  214  217  197  214  211  183  171
  202  216  207  204  190  195  213  209  216  223  214  220  194  213  225  208  222  225  225  223
  225  230  230  217  219  213  227  216  217  231  240  232  236  238  241  250  223  242  247  232
  221  236  251  260  250  255  268  273  288  292  245  258  272  274  290  285  207  196  179  221
  240  214  221  191  231  232  230  235  219  237  221  122  223  222  194  208  217  215  220  254
  271  112  107  121  135  192  175  118  209  209  218  170  191  213  178  169  164  175  188  183
  124  142   21   75  176  180  175  199  276  206  216  228  216  223  216  169  181  225  200  191
  118  111  114   93  138  159  126  140  149  143  160  147  173  182  166  150  153  179  199  177
  158  178  184  141  151  131  176  177  171  153  169  162  215  212  216  195  211  210  187  175
  204  213  207  202  195  195  207  197  200  221  208  207  194  201  207  209  213  204  217  205
  210  204  211  198  203  212  225  226  225  242  250  229  223  236  233  248  208  221  211  215
  204  246  259  266  247  260  270  267  276  284  231  247  265  265  279  268  198  190  181  208
  224  212  223  179  230  212  217  216  208  230  208  125  218  206  172  184  196  197  205  233
  263  126   93  132  127  182  175  119  201  206  208  161  182  201  166  153  147  168  176  173
  118  137   26   90  161  161  150  181  265  188  210  223  202  203  193  143  157  175  178  158
  124  114  130   95  145  163  155  154  165  148  162  146  172  185  165  153  157  187  202  184
  161  179  176  152  176  146  177  196  194  175  182  185  233  232  240  219  235  240  194  184
  225  243  230  226  212  218  237  228  224  250  228  230  216  226  233  225  229  229  228  226
  226  226  233  217  223  221  234  227  224  239  239  240  247  232  247  247  232  243  225  230
  219  240  250  258  244  256  262  258  265  276  243  244  259  254  269  260  202  188  178  196
  230  208  218  184  226  214  221  229  214  235  214  113  203  198  167  182  200  195  213  227
  266  106   93  122  133  195  172  110  208  213  219  191  210  227  187  177  168  177  199  194
  118  138   15   80  176  182  178  205  290  204  217  234  219  222  222  162  180  201  197  179
