 -150  -84  -95 -167  -76  -51  -90  -72  -39  -39  -37  -38  -41  -18  -25  -35  -16   10   -4   27
   22   55  -52  -80  -51  -70  -11   16   -5  -35  -14  -17   46   64   56   66   56   65   83   70
   63   69   82   71   87   88   79   95   94   84   89  101  105  107  106  122  115  117  117  117
  113  108  121  123  124  129  131  155  140  178  150  140  122  137  136  148  123  130  127  134
  122  197  184  197  163  183  199  202  210  222  152  164  176  185  204  196  104  114   88  124
  142  120  121  119  135  123  130  118  118  139  118   35  141  109   91  126  132  122  142  163
  192   21   13   23   24   59   50   14   85   99  105   19   17   45   20   32   25   16   13   19
  -11   14 -110  -16    4  -15   -9    3   22   13   20   34    4   14   -9  -57  -27  -23    3  -44
 -150 -137 -155 -167 -136  -98 -111  -99  -95  -75  -76  -69  -84  -47  -49  -35  -25   -8  -14    7
   28   49  -52 -105  -60  -67  -32    5   -9  -27   -9  -17   37   50   40   58   56   57   86   83
   71   67   83   71  103  108   90  108   94   80   95  101  140  127  106  151  144  136  117  136
  122  111  127  127  124  129  155  176  156  197  150  160  144  137  155  167  131  141  141  147
  126  216  197  211  183  190  207  215  227  227  172  188  199  208  222  215  115  143  112  152
  142  127  135  112  153  143  146  118  135  155  131   53  153  131  102  130  138  131  142  173
  192   40   13   43   35   68   62   33   97  104  105   19   17   45   21   35   27   31   13   15
  -11   28 -110  -24    2  -12  -16    0   12   10   17   34    4   14  -37  -57  -27  -23  -62 -101
 -150 -118 -144 -167 -135  -87 -105  -92  -82  -77  -70  -84  -68  -43  -58  -57  -48  -12   -3   10
    6   45  -52  -88  -43  -54  -20   12   -2  -23   -8  -17   42   58   52   68   56   65   73   75
   62   73   77   71   91   95   81  101   95   76   90   95  111  112  104  132  128  115  122  119
  112  105  115  122  118  137  134  159  144  186  170  142  125  137  133  154  123  129  132  128
  118  203  197  208  172  190  198  209  218  228  149  167  185  192  204  195  109  120   97  133
  146  123  129  106  142  133  140  118  124  147  123   41  136  127   93  125  139  125  151  167
  202   11   37   32   28   59   49   16   93  102  102   19   23   45   19   34   21   29   25    5
  -11   21  -80  -36    3  -10   -6    6   18   18   21   33    4   10   -8  -57  -69  -61  -31  -76
 -146  -96 -118 -167 -119  -56  -68  -63  -50  -41  -32  -33  -40  -10  -22  -11   -2    9    1   32
   50   77  -24  -55  -28  -48   -7   14    6  -14  -15   -6   57   75   75   81   74   84  108   95
   91   81   99   87  112  107   99  117  109   90  106  102  115  135  124  143  140  144  134  147
  136  125  141  141  138  143  147  166  147  182  159  160  153  154  155  172  144  150  143  154
  131  200  193  199  194  193  208  210  223  224  179  193  205  209  222  199  125  137  111  135
  156  134  143  116  155  143  146  135  138  159  134   46  147  115   92  116  130  125  136  157
  189   20   31   29   29   68   56   24  100  115  121   44   39   69   21   44   28   32   23   16
   -5   16  -97  -20   -1   -9   -5    5   28   19   42   37    4   18  -10  -86  -61  -40  -16  -56
 -124  -84 -102 -167  -95  -57  -77  -64  -67  -41  -48  -35  -45  -26  -34  -17  -18   -6   -3   23
   25   63  -70  -77  -51  -67  -21    7  -14  -36  -37  -29   45   50   52   57   48   57   80   63
   58   53   68   63   76   74   70   92   88   72   84   86   80  103   95  107   99  113   96  119
  115  115  119  130  118  108  114  137  112  157  125  123  125  119  125  136  122  128  117  127
  116  178  161  173  152  160  179  184  192  209  140  149  169  173  189  164  101   96   77   94
  126  110  121  101  135  131  130  116  120  142  118   19  116  106   74  109  134  101  146  129
  186   -1   19   17   25   64   41    1   86   91  103    9    2   24  -11   10   22   14    6    0
  -16    3 -120  -42   -7  -12   -5    0   14   24   38   32    2   11  -17  -14   -2  -12   24  -19
 -159 -147 -186 -167 -156 -112 -121  -91  -95  -83  -94  -83  -94  -77  -86  -59  -87  -55  -41  -24
  -13   24  -78 -131 -105 -121  -65  -35  -43  -55  -62  -45   12   20   31   36   29   45   58   52
   36   36   53   48   65   66   58   76   75   62   75   76   74   80   85   98   93  100   85  101
   97   99  110  111  111  107  105  135  103  154  128  115  109  111  114  130  115  120  104  118
  109  173  163  176  151  162  180  185  195  206  143  151  170  179  195  168   92   96   73   97
  125  102  119   95  130  124  122  111  115  134  112   24  117  112   83  117  130  111  142  146
  185  -15   27   11   22   60   31    0   71   81   93   -4   -5   21  -44   -8   13  -16   19  -26
  -24  -12 -131  -39  -31  -34  -25  -11    4   21   39   36   -2   10  -17  -36    0   -2   38  -18
 -116  -91  -99 -138  -82  -45  -62  -46  -43  -31  -27  -24  -37  -10  -16   -3   12   25   19   40
   56   74  -34  -56  -25  -52  -11   10   -7  -10  -14    0   54   65   70   76   74   83  103   90
   81   84   91   87  104  102   94  108  108   90  102  106  114  119  118  133  129  132  124  136
  128  124  135  135  134  140  141  162  139  179  149  149  144  146  149  163  143  152  145  151
  137  198  178  193  171  177  196  204  223  223  164  178  191  201  217  208  123  130  107  140
  163  131  139  125  157  146  148  131  133  155  138   41  141  112   89  113  125  120  137  169
  195    3   17   22   13   84   50    5   95  112  114   40   37   68   25   42   36   14   21   18
    0  -12  -97  -21   -1   -7   -3   11   28   30   31   42    4   29    3  -32  -12   -9    6  -21
 -131  -82  -98 -150  -90  -45  -64  -52  -41  -39  -42  -48  -36  -26  -28  -30  -23    1   -1   19
   31   55  -38  -71  -53  -74  -14   12  -13  -27  -26  -14   46   55   52   52   53   60   79   61
   55   59   69   68   82   81   77   90   90   70   85   86   93   95  103  109  105  115  105  117
  110  102  113  115  112  119  120  145  118  163  133  130  126  126  130  148  118  123  115  126
  116  183  169  180  160  165  186  186  203  209  147  152  180  182  195  176  109  115   85  112
  137  114  125  103  137  126  127  114  113  131  113   30  137  111   93  110  120  110  138  150
  182   28   25   44   25   67   45    5   84   96   96   10   15   42   -2   19   14   15    8    3
   -3    9  -69   -3  -12  -15  -19   -9   29   27   26   28   -4    9   -7  -55  -39  -10  -14  -38
 -179 -129 -151 -223 -121  -76  -97  -68  -69  -59  -68  -55  -77  -62  -54  -50  -57  -33  -26  -11
    5   40  -81 -106  -72  -88  -35  -16  -34  -45  -49  -45   25   37   30   38   38   48   72   63
   51   50   67   60   81   82   72   87   78   62   78   77   98   97   93  123  116  107  115  108
   97   93  103  109  103  133  131  160  137  183  159  132  118  132  128  146  109  117  117  117
  109  202  189  202  166  187  199  209  218  226  138  156  186  192  207  192  104  116   92  125
  135  112  126  100  138  128  130  120  118  135  116   35  140  108   91  111  113  114  134  164
  194    7   14   28   20   56   48   13   84  102   93   17   11   39  -11   17    6   28    9  -11
   -4   13 -101  -29  -14  -18  -23   -5   10   14   25   36    5    8  -21 -100  -57  -52  -14  -63
 -167 -109 -120 -166 -129  -65 -101  -66  -63  -48  -54  -50  -64  -37  -37  -45  -34   -5   -7   15
   25   49  -61  -94  -59  -78  -23   -1  -14  -34  -20  -19   34   43   42   48   48   62   82   70
   64   60   75   67   90   90   83   95   90   76   86   86  107  107  105  127  120  118  118  122
  107  104  117  117  116  128  137  160  139  183  156  142  132  142  139  156  120  126  129  127
  117  199  187  198  169  187  197  207  215  226  145  166  186  190  206  196  103  115   83  120
  143  118  120  102  135  124  128  118  116  132  118   26  135  106   94  118  118  121  147  174
  207    8   14   28   21   63   43   -2   83   97   98   11    6   41    0   22   15   16    6    4
  -14    1  -98  -17  -13  -25  -26  -16    1    7   24   23    1    8  -18  -92  -56  -54  -12  -48
 -125  -82  -98 -132  -77  -44  -59  -47  -40  -34  -30  -26  -38   -7   -9  -11   10   25   27   38
   53   77  -21  -41  -19  -41    5   32   14   -3   -4    6   63   71   70   72   76   82  101   95
   83   83   95   84  111  111  101  115  107   91  103  108  123  125  123  141  136  135  138  137
  126  119  133  133  129  144  152  171  155  187  167  157  146  156  155  171  137  144  145  144
  130  204  199  204  181  196  205  212  222  227  163  183  195  200  216  189  105  115   86  117
  150  126  130  109  139  135  137  127  122  141  125   26  121   98   83  107  117  109  134  151
  190   -9   -5    9    6   78   51    4  100  111  114   41   37   68   18   41   26   22   28   22
  -11    6 -112  -37    4   -6   -4    4   27   19   22   26    2   20    1  -26    1   -8   14  -21
 -150 -135 -143 -178 -127  -89 -109  -92 -104  -80  -80  -74  -89  -59  -58  -51  -40  -24  -25   -3
   18   37  -76 -104  -69  -84  -40    0  -18  -30  -25  -10   35   43   45   49   48   55   75   70
   54   53   68   63   86   87   76   90   81   64   76   81  104   99   99  119  114  110  109  117
  100   93  110  111  106  123  127  149  124  180  142  130  120  126  127  140  113  118  116  117
  109  189  178  188  151  173  183  192  201  213  137  159  164  178  190  182   98   96   77  105
  129  109  119   93  131  124  125  115  111  128  111   19  129  110   99  118  120  111  140  158
  188    9   18   32   30   57   33  -10   83   95   90    4    8   41  -13    8   -5    7   -4    1
  -22  -11  -97  -21  -31  -35  -39  -15   23    5    9   15   -8    2  -10  -93  -46  -19  -21  -34
 -136 -109 -116 -164 -114  -63  -92  -67  -66  -62  -71  -65  -59  -34  -45  -29  -31   -8   -2   17
   23   61  -43  -76  -47  -73  -24   17   -5  -21  -21   -6   46   61   70   66   68   78   88   79
   74   77   89   83  104  103   95  112  112   86  101  113  111  116  119  130  130  126  128  135
  124  119  132  129  127  135  144  165  149  185  165  151  138  150  150  165  135  142  146  142
  125  203  195  204  178  196  206  216  229  235  162  180  194  201  224  204  116  127  103  137
  154  123  135  112  150  142  143  125  127  147  131   40  125  106   81  112  119  111  139  167
  194  -16    1    0    0   72   44   10   92  106  114   30   32   57    6   35   24   24   20   19
   -2   10 -122  -46    3   -2    7   20   44   44   44   43   23   38   23  -23   12   16   31    8
 -144 -101 -118 -154 -125  -67  -99  -69  -71  -69  -53  -66  -47  -19  -34  -57  -27    8   12   31
   25   63  -33  -60  -44  -60   -2   18    2  -19  -13   -7   54   60   66   60   64   74   87   69
   66   66   81   78   93   91   87  100   97   89   99  102  101  100  108  114  113  122  106  131
  114  118  131  129  128  119  124  148  122  169  138  135  137  129  136  151  130  141  125  136
  117  189  175  186  167  177  192  189  207  207  159  173  184  186  200  176  106  111   84  108
  137  117  120  106  134  126  129  117  122  135  122   25  125  121   96  122  132  113  152  144
  188   12   20   38   26   79   42    6   90  102  114   29   29   51   -1   27   29    8   16   15
  -10   10  -98  -25   -3  -14  -10   -1    8   22   30   30   -1   10    2   -6   14   -2   28   -2
 -164 -139 -164 -203 -140  -93 -106  -91  -74  -63  -67  -59  -72  -38  -41  -33  -14    7    7   25
   30   60  -64  -72  -30  -55  -13   11   -6  -18  -11   -1   47   61   67   66   68   79   90   88
   76   72   87   85  100  101   97  107  102   90  101  108  112  119  116  139  137  129  133  136
  117  118  134  135  132  145  150  169  155  193  177  152  141  156  155  168  136  147  145  145
  133  207  203  209  183  204  209  215  221  229  158  174  193  194  213  190  118  126   93  121
  151  124  130  118  146  135  145  125  126  150  133   34  114  103   76  105  118  108  134  155
  185  -18    1    4   -1   81   52    8   88  102  120   35   31   56   10   33   27   27   30   23
    3   12 -167  -38   15    5    8   18   24   36   51   54   28   33    6  -30    1   -2   37  -14
 -194 -131 -160 -195 -145  -90 -107  -87  -69  -50  -60  -46  -60  -27  -32  -25  -12   10   11   30
   33   69  -40  -70  -43  -58   -9    3    1  -37  -28  -11   41   52   77   61   67   75   91   78
   71   68   81   78   98   93   89  101   98   85   98  101  102  104  108  126  123  122  122  128
  110  115  127  124  125  133  141  162  143  186  157  143  136  142  146  160  131  141  136  141
  126  205  192  206  173  194  205  210  217  223  156  169  185  184  199  185  107  111   77  108
  147  115  120  107  128  125  123  110  111  128  112   21  128  122  113  137  138  125  159  163
  210   15   28   36   37   64   34   -9   81  101  114   19   17   36  -11   18   16   -3    5    7
  -30  -13 -124  -20  -13  -30  -20   -2   -4    7   26   32    3    9  -22  -98  -74  -52  -22  -48
 -168 -120 -140 -196 -123  -86 -106  -88  -84  -64  -78  -69  -78  -61  -61  -40  -31  -16  -18    5
   23   39  -79 -122  -79  -90  -39  -11  -19  -36  -40  -31   23   33   39   43   40   48   74   70
   59   48   68   54   87   83   75   83   77   55   61   70   98   98   90  125  122  101  122  105
   86   76   90   98   91  134  140  165  154  189  174  137  116  147  132  155   97  104  110  106
   95  211  201  207  174  198  209  211  217  224  133  160  186  184  204  186   89  116   88  124
  135  108  109   88  126  109  116  106  106  122  102   22  132   98   78  108  110  105  134  155
  190   -8   -8   -2    0   44   24   -8   67   76   74    0    6   34   -9   10  -12    2   -4   -4
  -27  -15 -130  -64  -34  -47  -53  -34   -5    1    8   11  -29  -15  -32  -98  -48  -58  -18  -68
 -140 -112 -147 -158  -98  -72  -69  -66  -69  -45  -51  -67  -58  -24  -33  -45  -18   15   13   35
   36   71  -45  -51  -28  -61   -7   10    8  -26  -20  -12   39   57   65   66   66   78   95   82
   79   72   89   83  101  106   98  117  114   89  109  114  112  119  122  133  134  138  135  143
  126  126  142  136  139  137  149  161  150  187  165  158  149  151  158  171  143  152  150  151
  141  202  195  197  187  197  205  211  224  222  164  185  199  202  220  199  125  132  108  132
  159  137  142  127  150  139  146  131  132  154  137   42  139  117  103  119  121  128  145  171
  202    7   25   18   17   70   59   12  100  112  123   40   29   55    1   29   27   24   20   16
    1   15 -104  -24   10   -3   -4   12   13   32   42   50   15   22   -4  -63  -44  -29   22  -24
 -183 -123 -150 -193 -118  -93 -114  -93  -89  -75  -82  -79  -63  -52  -66  -46  -45  -19  -34    7
   12   48  -60  -95  -69  -91  -42  -17  -20  -53  -48  -31   28   36   50   40   48   59   68   54
   46   44   58   55   69   70   69   80   78   68   72   82   79   83   88  103  101  104   99  114
   92   92  107  108  107  112  114  139  113  159  129  123  115  118  122  135  108  117  112  117
  108  180  156  178  149  164  178  187  197  212  133  148  162  163  183  170   93   96   70   96
  125  104  110   95  123  110  113   99   99  120  103   16  120  109   93  117  123  108  147  145
  188   -3   17   21   23   49   18  -13   67   81   93    5    2   28  -27    1   -1    6   -1  -11
  -18   -6 -110  -28  -18  -22  -26   -5    2   38   45   42    9   17   -9  -61   -9  -18   24  -12
 -127 -106 -125 -148 -100  -67  -72  -59  -48  -42  -47  -41  -50  -22  -24  -25  -16   10    6   29
   22   59  -40  -79  -54  -73  -12   -3  -14  -47  -40  -32   30   45   43   44   48   59   78   67
   58   51   73   63   83   85   78   94   90   71   84   91   97  100  101  118  113  113  110  120
  105  106  118  119  115  122  127  151  130  169  148  133  124  132  129  144  115  124  119  122
  112  192  178  193  161  181  191  196  202  212  141  160  174  172  190  184  103  112   83  119
  136  116  122  102  137  125  128  110  113  135  121   26  121  102   84  108  120  105  142  151
  194   -3   11   15   15   61   37    2   86  102  106   20   10   41  -14   12   20   15    5   -6
   -8    8 -117  -38  -11  -18  -22   -5   10   22   33   42    5    9  -13  -62  -42  -34    6  -45
 -103  -76 -113 -126  -73  -45  -54  -42  -33  -31  -32  -26  -30   -5  -10  -19    0   23   14   44
   53   81  -14  -50  -23  -43    5   33   27  -12   -4    2   61   74   80   76   75   84  103  101
   80   75   86   83   93   94   91  101   97   85   95  101  101   99  106  121  125  118  109  126
  105  115  126  126  122  123  125  152  125  171  140  134  133  128  135  152  124  141  126  142
  119  189  170  182  163  175  182  193  201  206  158  174  182  174  196  179  111  122   92  114
  139  111  122  110  137  130  139  114  120  144  126   32  125   97   80   98  113   94  128  139
  171   -7    5    9   16   63   39   -1   82   97  112   26   29   51    8   26   20   18   18   17
  -13    7 -134  -58   -4   -8   -7   11   30   43   45   45   13   29   10  -17   12    3   46    4
 -171 -133 -150 -191 -132  -88  -99  -94  -99  -79  -77  -81  -72  -42  -50  -36  -35    9   -3   21
   16   47  -54  -80  -44  -70  -25   -3  -12  -23  -18   -9   34   46   48   57   65   67   76   82
   61   65   75   78   86   92   87  100  102   80   98  108  100  106  109  116  126  120  119  126
  114  115  128  127  128  125  136  159  145  183  166  141  134  148  144  161  132  139  143  140
  126  203  198  205  179  195  196  207  217  233  157  174  190  192  203  192  114  119   97  114
  152  123  128  114  137  133  138  121  123  145  130   43  129  109   95  116  123  108  145  154
  200  -14   18    7   13   74   46   -5   91  108  117   29   31   50    5   33   25    8   22   13
  -36    6 -116  -53    8   -4    2   11   26   32   44   15   16   20    5  -44   -8   -4   34   -6
 -141  -95 -118 -153 -126  -83  -81  -59  -52  -45  -57  -44  -44  -20  -37  -27  -27    4   14   24
   16   59  -28  -55  -31  -56   -1    9    7  -24  -16   -4   44   54   64   63   67   80   80   86
   61   66   72   76   80   86   84  102  104   90   99  108   93   99  109  113  123  127  109  136
  121  127  139  137  134  117  124  141  123  160  140  139  138  130  136  148  137  145  131  140
  131  184  173  185  163  177  185  196  202  212  154  168  176  176  198  180  106  112   90  109
  141  121  135  111  142  136  137  121  123  145  129   32  127  114   84  104  123  107  147  147
  189   -2   13   14   13   75   45    5   96  112  124   31   30   53    1   29   29   20   25   16
    2   13 -124  -45   10    6    5   17   24   43   47   47   20   25   12  -15   15   28   42   -3
 -162 -125 -139 -186 -123  -86 -104  -85  -84  -65  -63  -57  -62  -32  -41  -39  -27   -2    4   19
   18   54  -47  -72  -34  -58  -13   -1   -2  -21  -20  -11   34   49   56   63   66   74   82   87
   68   68   79   76   95  100   94  107  107   80   78   99  108  116  120  129  129  130  126  135
  120  108  127  127  122  134  137  156  138  175  153  148  141  142  142  155  128  141  131  141
  132  196  182  193  169  181  186  196  209  207  166  188  188  194  200  195  117  123   95  122
  152  124  130  114  144  139  145  123  129  150  130   48  152  134  108  131  144  130  166  160
  208   27   34   40   30   77   56   21   95  100  102   33   31   60   16   47   27   31   39   20
    8   19 -156  -15    3   -9    1   25   29   39   43   41   18   25   11  -58  -20   -3   27   -2
 -103  -73  -75 -128  -76  -36  -50  -43  -44  -32  -24  -30  -28   -3   -1  -11    5   30   17   45
   52   78  -18  -37  -21  -37    8   22   17   -9  -10   -3   55   66   68   65   71   76   94   92
   70   68   77   77   89   95   86   97   95   82   95   97  107  105  103  126  121  114  107  118
  105  107  113  116  108  123  123  148  121  166  142  125  120  122  121  135  111  119  118  118
  105  189  164  186  152  168  172  185  196  209  132  153  163  166  186  167   90   90   66   93
  123  105  111   90  114  112  112  102  101  117  102   17  120  107   94  115  123  105  142  144
  194   13   16   32   37   70   39    1   78   91  105   26   28   50    4   29   12   17   16   13
   -8    5 -103  -18   -3  -16  -15   -7    6   21   31   30   -2    7  -10  -67  -48  -66  -11  -61
 -176 -123 -146 -185 -144 -111 -131  -96  -87  -86  -97 -102  -63  -82  -81  -69  -65  -26  -17    9
   -7   33  -80 -106  -72  -96  -31  -15  -29  -50  -47  -38   20   10   39   36   42   48   56   65
   40   46   50   49   58   60   55   67   66   56   64   69   70   70   74   88   89   87   77   94
   81   80   96   97   96   90   96  122  101  144  117  106   96  102  106  119   98  108  102  106
   98  174  152  168  140  155  161  174  184  201  125  142  148  161  171  159   87   81   56   83
  118   98  104   85  110  107  108   89   91  111   96    3  105  103   92  115  130  102  147  132
  179   18   23   51   57   48   20  -18   60   76   80    5    0   20  -28    2   -9   -3  -10  -18
  -29  -13 -100   -8  -32  -40  -43  -29  -17   -3   19   17  -13  -13  -37 -108  -66  -69  -30  -88
 -159 -111 -123 -149 -143  -71  -87  -70  -64  -51  -57  -43  -60  -29  -39  -18  -25    0    2   20
   28   63  -42 -105  -60  -64  -12    8    6  -22  -21   -3   46   58   58   61   62   69   82   87
   61   61   70   71   82   89   81   96   92   78   93   99   99   99  105  118  122  119  105  127
  112  112  126  126  121  124  124  150  122  171  142  134  130  131  137  149  123  138  128  135
  117  187  170  170  161  174  182  194  205  220  148  166  172  175  196  172  103  103   79   99
  135  110  116  100  131  128  132  110  115  134  120   21  122  110   87  113  127  105  141  143
  187   -6    9   17   24   73   44   -4   85  100  110   27   42   53    5   29   23   22   22   18
   -8    2 -181  -39   14    3   12   21   44   53   60   59   31   33   20  -16   26  -21   45    3
  -92  -77 -102 -139  -68  -47  -60  -49  -39  -27  -30  -33  -31  -10  -13  -16  -16   16    9   30
   42   69  -31  -55  -24  -51    3   15   17  -10  -11   -9   50   60   62   63   67   70   88   86
   64   67   78   76   86   90   84   93   93   77   90   92  102  105  105  127  124  116  123  122
  108  103  116  114  115  129  138  156  143  176  155  146  133  146  142  156  120  127  126  125
  109  191  180  189  170  184  191  200  210  219  145  163  184  183  204  179   92  102   81  110
  131  115  123   93  129  129  131  119  120  132  115   18  121  113   95  122  127  115  144  157
  194   -2    5   22   34   75   56   15  100  107  101   32   31   54   14   36   24   31   23   18
   -1   17 -124  -29    3   -5   -7    8   40   35   45   31   14   25   11  -24   -6    3   14  -19
 -172 -143 -164 -204 -148  -97 -109  -91  -79  -69  -73  -67  -87  -45  -59  -42  -46  -11   -5    8
   11   49  -63  -84  -56  -77  -27   -7  -18  -42  -39  -20   25   38   45   48   52   59   75   80
   53   57   68   64   79   82   79   95   93   74   90   91   93   94   99  112  110  111   99  119
  106  112  124  119  118  112  118  140  119  165  133  129  124  120  129  139  121  138  112  134
  117  182  167  179  153  171  178  191  199  211  145  166  167  174  191  169   98  102   75   97
  127  108  120   98  135  124  129  107  113  134  120   24  115  103   89  112  133   94  142  132
  181    6   29   34   42   60   32   -8   75   93  109   19   11   38  -14    9   13    4    8    2
  -15   -7 -110  -19  -11  -32  -21  -10   -3   19   33   36    0    4  -24  -85  -51  -62    5  -69
 -121  -81  -99 -147  -88  -46  -64  -48  -50  -31  -42  -42  -37   -1   -6   -8   13   37   33   50
   58   84  -24  -44   -2  -26   17   29   31  -17    0   18   60   78   84   87   88   94  108  115
   89   84  100   96  109  111  106  120  119  102  114  129  121  119  123  140  139  136  127  145
  133  136  150  147  146  143  147  169  151  190  159  159  153  158  161  174  147  164  148  162
  149  204  191  198  192  201  212  213  226  226  179  201  203  210  225  207  136  148  118  145
  170  144  148  134  156  149  151  136  141  162  142   50  142  113   91  111  122  119  144  166
  188    3   23   19   24   83   64   23  103  118  134   56   42   62   19   48   47   35   34   30
   15   24  -90  -25   26   12   27   40   56   57   62   56   42   46   39    3   29   31   63   23
 -164 -145 -174 -215 -144  -97 -126  -94  -86  -77  -91  -77 -110  -81  -88  -57  -60  -31  -33  -12
   -9   23  -82 -124  -89 -122  -46  -30  -33  -64  -53  -35   23   31   32   42   42   49   55   64
   47   46   58   56   70   73   65   81   78   55   71   83   83   88   88  108  103  100  100  107
  100   90  106  104  102  112  111  136  122  164  152  121  112  128  122  141  110  115  120  115
  104  177  182  184  160  180  184  195  206  224  133  146  169  177  198  178   92  102   80  112
  131  105  117   90  124  121  122  112  114  130  113   24  145  123  100  126  135  125  155  161
  205   -6   31   13   28   56   41    4   85   91   87   13    7   33  -22   11    8   10   -2   -9
  -16   -2 -112  -60  -23  -26  -35  -12    8    3   18   28   -4   -2  -19  -64  -27  -26    3  -49
 -145  -91 -113 -154 -118  -61  -81  -60  -51  -42  -45  -41  -48  -23  -26  -29   -6    9   28   23
   39   65  -35  -71  -37  -61   -3   11    9  -20  -23  -13   51   61   57   67   69   73   93   94
   68   70   84   79   98  101   95  108  105   82   95  106  110  116  114  136  135  127  128  132
  121  113  129  124  122  142  141  169  148  188  169  148  139  149  147  161  132  140  144  138
  126  200  197  205  177  195  202  210  222  232  153  175  185  198  213  191  109  119   91  125
  151  118  123  111  134  125  128  115  118  139  119   26  129  104   81  106  116  109  134  157
  195   -2   16   13   15   65   43    0   89  102  109   32   25   46   -4   24    9   23   10    4
   -6    6 -103  -25   -6  -16  -14    4   28   17   30   25   12   10    3  -43  -10  -12   -3  -33
  -95  -77  -93 -122  -89  -58  -65  -54  -47  -41  -38  -50  -29  -12  -20  -30  -28   13   10   29
   27   69  -26  -51  -25  -51    0   15   19   -1   -7    2   57   65   70   75   75   76   91   95
   68   93   85   79   87   90   90  101  101   88  100  110   96   99  106  121  121  124  106  130
  120  126  139  138  132  119  128  151  124  174  140  138  138  132  143  156  133  150  134  141
  133  180  168  185  167  183  191  191  207  218  162  178  175  181  203  179  124  132  103  123
  148  131  135  120  149  139  151  131  134  157  139   39  132  115   84  107  124  112  143  142
  190   -7   20   12   15   77   57   11  102  110  120   39   27   52    5   33   36   26   24   21
    9   15 -107  -35   12   -2    7   15   32   29   39   46   16   25   17    5   22    6   33   -5
 -151 -104 -116 -174 -111  -71  -89  -69  -58  -41  -45  -42  -38  -15  -22  -27  -11   17    9   31
   36   71  -34  -59  -46  -72    0    5   10  -12   -1   -2   48   57   59   74   70   79   96  103
   81   95   93   88  104  110  102  117  110   89  100  109  120  118  120  144  141  135  133  137
  121  116  132  128  128  145  147  169  146  190  164  154  149  148  153  164  131  148  138  146
  133  198  188  202  179  195  203  211  225  226  164  187  190  203  220  199  122  127  106  135
  156  127  132  117  146  137  145  124  126  152  130   42  134  103   86  103  112  115  140  164
  201    9   19   20   10   77   51   15   92  105  110   46   36   62   10   39   27   32   29   19
    9   19  -98  -31    9    0    2    8   36   29   40   46   22   26   12  -59  -36  -10   23  -19
 -119 -115 -123 -162 -103  -65  -98  -65  -70  -50  -68  -53  -49  -48  -56  -35  -34  -11   -7    6
   14   48  -64 -114  -74  -94  -31   -7  -10  -33  -31  -14   38   47   51   57   63   73   76   80
   53   80   70   70   81   85   74   96   95   83   92  104   95   97  102  120  123  121  111  127
  114  118  133  128  130  126  128  154  127  180  155  139  134  139  146  160  132  146  139  140
  131  189  190  200  177  196  205  211  222  236  153  176  187  194  212  190  115  111   87  121
  149  122  120  112  131  124  129  116  118  135  118   27  122  107   91  109  116  112  140  155
  198  -15   15   10   25   64   41   -3   82  100  111   31   18   44  -11   17   13   16    9    4
   -6    3 -189  -42   -7  -15   -9    3   22   26   32   39    9   15   -4  -59  -28  -25   -9  -38
 -152 -113 -131 -186 -143  -70  -94  -71  -57  -47  -55  -47  -49  -34  -42  -30  -29    1   -2   15
   18   52  -50  -90  -65  -79  -20   -9  -15  -46  -42  -33   34   46   44   55   53   61   77   78
   56   73   71   64   82   87   73   93   87   69   84   90   96   98   98  127  118  110  111  115
  104  102  111  115  114  128  128  154  134  177  156  135  121  131  131  142  114  125  118  122
  115  187  181  194  163  181  190  194  207  216  139  160  172  180  196  176   96   96   76  110
  138  111  117   97  118  114  112  100  104  123  107   27  130  113   94  112  124  116  144  153
  204    9   19   22   21   59   34   -6   76   92   93   20    3   40  -20   10    6   16    2   -4
  -13   -2  -91  -29  -18  -26  -30  -16   22   26   29   35    8    8  -12  -59  -26  -30    7  -38
 -150 -150 -161 -200 -135  -96 -121  -90  -97  -74  -82  -68  -76  -42  -48  -45  -28   -6   -6    1
   26   49  -58  -67  -33  -53  -19   -2   -2  -15  -14   -2   39   48   49   59   56   61   82   87
   64   79   76   67   88   93   82   99   92   71   89   95  110  108  105  136  129  119  121  123
  109  108  121  121  121  141  140  162  146  186  169  144  132  143  140  153  121  132  128  133
  122  197  193  210  166  192  197  206  214  220  146  167  173  186  199  185  113  112   94  124
  143  114  126  106  140  125  132  117  117  136  123   43  137  128  110  128  134  130  155  164
  214   15   36   37   30   66   51   11   89  105  104   27   17   52    3   27   23   33   29   21
   10   13  -92  -12    5   -9   -9    4   12   12   39   45   13   15  -14  -86  -51  -47    2  -54
 -111  -90  -93 -126  -89  -48  -66  -57  -51  -42  -46  -41  -29  -11  -31  -22  -30   10   21   28
   21   63  -14  -53  -37  -51    8   21   21  -18   -8    3   69   71   75   72   76   84   89   93
   65   92   83   76   86   93   83  108  109   87  100  116   98   96  111  116  118  124   98  133
  120  127  141  140  139  119  119  139  115  160  137  137  138  130  141  149  126  147  126  135
  131  172  165  180  165  175  181  183  192  204  161  167  169  187  192  185  118  120   96  110
  143  125  128  119  144  133  138  121  126  145  134   34  125  120   95  116  135  111  152  146
  192    9   28   22   20   82   45    9   90  109  125   41   28   51   -4   25   37   30   18   17
   13   13  -94  -21   10    0    4   12   30   35   36   43   17   26    8   -9   23   -7   51  -11
 -126  -90  -99 -150  -82  -47  -60  -31  -30  -38  -42  -38  -38  -27  -26  -20  -21    1   16   15
   24   55  -36  -67  -47  -69   -8   40    2  -27  -26  -20   46   52   55   59   63   69   75   76
   56   74   71   66   76   83   70   90   86   72   82   86   97   99   97  125  121  115  114  120
  100  101  117  110  113  130  129  154  132  173  155  140  130  141  140  158  115  130  126  129
  117  183  182  193  179  192  203  207  216  225  157  167  185  196  207  186  106  110   88  117
  141  108  121  100  133  124  125  112  114  131  113   24  129  101   85  107  118  116  142  160
  200    2    9   17   28   55   55   10   77   91   85   24   24   50   -9   17    4   27   11    4
   -1   11  -98  -24   -8  -15  -17   -2   30   15   24   30   10   13   -3  -51  -14  -10   17  -31
  -90  -86  -90 -131  -67  -37  -48  -30  -35  -17  -21  -16  -24   -2   -1    4   12   23   29   40
   51   82  -23  -42  -13  -31   16   22   31   -3   -4  -18   64   68   70   82   78   83  110  115
   90  100  101   91  110  115  104  121  115   94  108  116  122  121  126  145  142  138  130  141
  132  128  135  143  141  150  147  168  144  192  166  156  147  156  157  172  140  157  150  158
  141  202  193  210  187  203  207  211  223  230  175  182  195  207  220  193  128  138  115  138
  161  135  142  127  155  142  152  134  138  157  144   52  144  119  102  125  143  129  160  168
  209    9   40   27   34   88   68   23  106  117  116   54   40   65   21   47   47   42   39   30
   21   24  -89  -20   13    5    5   13   44   34   44   57   24   29    5  -27  -13   -5   31  -18
 -143  -99 -102 -152 -118  -49  -67  -59  -51  -36  -34  -31  -38  -15  -18  -21  -17   11   12   51
   28   67  -33  -62  -36  -56    0    0    6  -22  -20  -12   46   57   56   62   64   73   87   93
   57   92   83   74   88   96   87  106  103   77   91  105  102  101  105  129  121  120  107  127
  118  117  132  131  128  125  123  147  123  171  144  136  132  129  135  147  123  137  123  132
  117  183  180  193  157  190  188  204  212  222  148  163  180  190  206  179  109  112   83  113
  135  117  120  105  135  123  130  117  119  135  122   26  129  107   86  112  128  117  147  148
  199   -4   16   18   24   58   40   -4   77   90   88   32   17   39   -7   18   27   19   15   15
   -8    0 -103  -29   -7  -11   -2    6   14   22   22   38    9   15    1  -26    6   -7   20   -9
 -145 -112 -119 -153 -115  -77  -92  -81  -77  -66  -67  -53  -80  -46  -50  -38  -27  -14   -1    4
   20   49  -69  -93  -54  -77  -20  -22   -6  -25  -23   -5   34   32   51   55   56   64   80   83
   47   77   74   80   84   89   80   98   99   78   85  105   94   95  103  116  116  116  100  124
  116  116  135  128  133  123  118  144  122  167  138  133  130  132  142  155  125  151  126  142
  127  176  170  182  158  183  183  192  201  213  160  166  174  187  200  179  109  120   89  108
  143  102  117  102  137  121  140  107  114  140  124   25  112   94   80  102  127  101  137  136
  185   -9   16    4   20   66   39   -7   76   91   88   24   -5   25   -3   24   23   18   20   10
   -1    3 -110  -35    4  -14   -8  -10    5   17   33   43    4    5  -20  -51    2  -28   38  -29
 -129 -110 -117 -156 -114  -59  -91  -61  -59  -49  -58  -45  -54  -33  -44  -24  -16  -12  -29    7
   35   54  -52  -95  -64  -76  -45  -14  -11  -36  -34  -39   37   32   47   48   47   46   74   85
   59   65   74   51   88   93   74   89   82   56   70   81  110  103   97  133  130  112  120  114
   98   89  109  104  107  142  142  170  148  190  170  142  128  143  137  153  108  123  117  126
  112  202  188  208  167  191  196  204  216  226  146  165  184  197  204  188  110  130  102  129
  143  118  124  105  145  128  138  118  122  140  126   43  138  107   92  111  134  117  147  156
  199    5   26   25   30   55   46   14   78   91   79   14   23   37  -13   16   16   22    7   -1
   10    9  -83  -15  -15  -25  -37   -7   26   16   30   38    8   11  -10  -96  -57  -50    5  -53
 -101  -88  -89 -145  -82  -39  -62  -50  -36  -27  -24  -21  -24    1   -3  -11    1   28   34   42
   52   81  -20  -28    4  -21    7   24   31   17   19   22   64   62   61   76   67   75   75  104
   79   95   96   86  112  118  103  122  118   88  106  115  131  130  130  155  148  141  141  144
  133  126  143  135  141  157  156  182  155  200  171  167  157  159  163  173  140  155  141  157
  134  204  197  211  182  206  215  220  230  235  172  180  194  210  217  201  129  143  119  142
  155  141  142  126  160  144  158  140  142  158  141   52  137  117   90  111  133  122  146  159
  194    0   23   21   20   87   72   33  103  117  109   40   35   68   34   53   41   55   58   51
   32   35  -95  -25   31   24   31   36   64   60   54   74   42   50   34   16   41   43   60   33
  -98  -82  -85 -135  -76  -36  -60  -47  -39  -30  -33  -29  -23   -2  -12  -20  -22   18   35   42
   29   79  -13  -40  -19  -38    9   21   28  -13   -5    2   77   67   90   81   89   90   80   98
   56  104   85   83   90   93   84  102  104   92  100  109   97   96  106  119  117  120  101  127
  121  122  130  125  130  122  125  143  123  169  145  138  134  132  138  148  130  120  126  139
  125  181  176  194  156  182  190  199  206  220  156  160  174  188  194  180  104  109   79  105
  138  114  121  107  138  128  129  122  125  141  125   27  119  114  107  124  147  116  156  146
  211   17   34   44   39   76   51   10   92  103   97   36   26   45    4   24   26   28   19   15
  -11   11  -95  -15   -2  -10    4   14   29   31   38   45   11   22    5   -9   27    0   42   -1
 -133 -124 -140 -179 -120  -76  -96  -74  -74  -51  -66  -57  -70  -37  -50  -35  -36  -14    1   27
   16   49  -54  -84  -55  -66  -25   -2   -6  -28  -26  -17   42   41   57   57   65   66   57   72
   46   69   66   64   80   86   73   88   85   72   74   81  102  105   99  134  128  114  127  117
  105   95  109  106  111  140  141  170  151  193  183  147  132  151  145  126  114  121  120  127
  115  204  206  218  183  209  216  222  230  238  157  176  197  212  219  192  104  111   88  119
  146  109  121  104  135  125  126  120  121  133  118   34  145  127  108  124  143  133  158  164
  212    7   34   32   46   68   49   12   84   95   84   24   28   52    3   32   13   27   19   17
  -16    4 -111  -17   -6  -17  -16    4   40   26   41   46   12   20   -2  -71  -21  -11    9  -24
 -110  -91 -100 -155  -73  -40  -53  -37  -32  -27  -25  -30  -35  -12  -10  -24   -8   10   21   28
   40   63  -32  -52  -30  -43   -5   18   14  -16  -13   -9   54   55   58   63   65   67   78   94
   65   74   87   70   99  103   85  101   97   74   90   96  114  110  106  138  127  119  113  123
  114  107  123  118  120  137  134  165  137  191  166  138  130  142  143  162  122  132  129  134
  121  199  191  212  170  198  212  221  234  245  152  170  193  205  220  196  113  122   91  133
  146  118  121  107  136  123  130  115  120  130  118   39  148  114  105  123  139  131  153  167
  205    1   21   16   32   62   47    9   85   96   90   36   30   56   10   26   18   28   19   13
  -24    5 -117  -36   -3  -21  -17  -18   11   11   35   42    2   -5  -24  -78  -48  -47   -4  -45
 -170 -149 -146 -192 -149  -99 -125  -96  -90  -79  -85  -69  -89  -42  -56  -40  -27   -7   -5   10
   27   59  -50  -75  -20  -50  -36    1   22   -1   10   21   40   52   74   69   83   88   84  111
   75  105   93   95  119  126  109  133  132   98  121  134  132  132  142  161  151  154  138  159
  152  146  161  155  157  161  152  173  151  192  171  167  163  160  165  173  154  165  172  168
  144  204  204  220  185  209  221  226  232  240  178  181  196  208  219  193  121  134  109  131
  161  132  146  128  163  151  163  145  147  165  150   52  138  122  108  124  148  136  161  165
  202   16   35   35   51   97   68   23  107  125  118   68   49   71   32   57   64   45   48   44
    2   26  -79   -9   31   10   27   28   49   42   63   70   35   36   20  -25   -1    7   28   10
 -131 -103 -126 -172  -97  -55  -71  -61  -48  -36  -39  -33  -32  -17  -26  -26  -15    2   13   24
   35   67  -31  -53  -20  -38   -8   13   26   -2   -1   -5   59   55   77   76   77   87   79   96
   62   86   80   85   97   99   88  102   96   95   94  104  106  105  108  131  122  122  113  128
  122  115  131  123  126  134  130  160  138  182  169  146  137  147  145  160  132  142  159  143
  128  193  193  209  173  199  208  215  220  232  159  173  191  186  205  193  116  127   99  131
  153  125  131  112  146  132  139  128  130  145  128   41  139  117  103  118  137  128  148  158
  197   13   33   26   41   80   59   22   89  102  102   41   42   67   15    4   34   40   25   18
   -1   18  -93  -14   10   -3   -3    8   47   35   45   49   15   21    5  -30   -4   -2   21  -15
 -188 -136 -144 -191 -158  -91 -109  -90  -78  -66  -73  -70  -79  -59  -58  -45  -43  -19   -5    7
   11   50  -81  -95  -62  -78  -32  -23  -19  -36  -31  -22   30   37   42   55   51   57   70   82
   51   64   65   62   86   80   74   86   78   69   74   77  102  101   94  132  115  106  111  109
   99   93  104  102  104  129  124  156  133  181  161  128  119  130  124  140  106  113  114  115
  104  200  183  204  155  189  194  200  209  220  135  147  171  172  197  177   98   95   83  113
  127  110  113   95  131  117  125  107  109  127  111   27  131  105   90  108  131  120  144  156
  193    8   18   29   46   56   38    3   73   88   85   19   16   46   -4    2   12   25   14    0
  -23    4  -94  -17    4  -17  -18    2   22   14   44   49   16   14  -18  -97  -41  -32   14  -48
  -86  -69  -83 -158  -71  -37  -57  -47  -28  -19  -24  -21  -20  -11  -15  -13  -20   10   21   16
   29   69  -22  -55  -34  -55   -7   -2   19   -7    1   -5   53   53   73   77   80   82   75   92
   56   84   80   79   98   89   91  108   95   91   95  104  106  109  114  136  127  128  108  135
  131  124  139  133  135  132  122  152  121  174  149  140  138  137  145  153  134  150  146  145
  130  184  178  196  163  192  204  206  211  222  161  160  177  173  199  176  118  114   98  117
  144  123  137  118  151  135  145  132  135  149  135   38  131  111   96  112  135  114  144  140
  182    8   26   27   39   79   60   16   96  107   93   37   29   56   15   35   38   43   24   20
    1   19  -92  -12   19    1    9   23   55   47   63   65   33   35   22    2   29   23   40   17
 -162 -142 -154 -189 -134 -119 -123 -130 -112  -91  -90  -82  -97  -61  -70  -58  -60  -32  -10   -9
  -11   39  -68 -103  -64  -82  -44  -25   -9  -27  -21  -10   34   34   44   52   58   53   55   75
   43   67   68   65   90   87   88  108   95   75   86  104  100  106  117  130  126  129  113  133
  126  113  135  127  132  136  129  150  133  175  155  143  140  146  147  155  134  146  137  147
  131  187  182  202  166  189  198  205  215  232  162  165  179  177  199  186  120  116  102  125
  153  121  130  119  150  134  142  131  136  149  134   41  139  118  108  130  144  129  158  164
  199    3   29   27   39   80   57    2   91  100   92   34   27   52    7   36   45   30   26   21
  -14   10 -101  -19   28    5   20   26   55   45   64   70   33   36   20  -20   13   23   46   16
 -155 -124 -123 -187 -109  -68  -80  -72  -65  -50  -52  -43  -60  -32  -28  -28   -9    8    5   19
   41   56  -48  -67  -38  -74  -21   -8   -6  -12  -11  -15   35   40   48   60   56   58   79   87
   62   68   79   69   98   94   88  101   91   78   83   92  112  114  109  140  130  123  119  129
  122  106  126  117  125  144  140  170  146  196  164  150  140  147  151  162  130  145  138  146
  120  204  190  212  172  198  209  218  231  236  159  170  193  195  215  199  115  116  100  133
  149  116  128  111  146  131  139  122  129  144  126   40  139  113  101  112  127  131  147  167
  197   16   28   34   51   66   50   18   82   92   85   21   24   53   10   28   16   35   20    7
   -2   16  -80   -6   11   -2   -8    3   48   33   58   63   25   25   -2  -59  -27  -20   35  -32
 -101  -85  -84 -151  -69  -35  -41  -33  -21  -16  -16  -18  -27   -7   -7    2    9   22   23   39
   47   80  -16  -56  -26  -47   -1    3   16  -11  -12   -2   65   62   79   77   79   72   91  102
   75   88   91   82  111  110  103  125  109   96   97  116  124  127  122  146  145  142  132  146
  139  128  142  138  144  149  146  172  143  193  163  159  155  154  154  165  141  149  141  150
  132  203  198  214  182  208  218  215  216  234  170  177  194  195  216  199  119  116   98  127
  152  121  122  110  136  127  125  125  124  141  130   32  128  108   88  116  126  123  149  167
  200   -5   13   15   26   78   49    1   90   97   99   36   30   57   13   27   34   24   13    7
  -15    2 -108  -28   15   -4    2   17   48   29   62   72   25   25   -2  -45    8   -3   49  -14
 -142  -93  -95 -149  -96  -49  -63  -49  -39  -26  -23  -16  -27   -2   -5   -6    8   27   20   50
   46   89  -12  -52  -19  -40    7    3   33    2   12   15   75   71   97   97   99   89   94  115
   83  108  100  102  119  121  110  134  125  115  117  128  125  136  133  152  151  148  140  152
  145  141  151  146  147  160  149  178  155  198  183  165  156  167  162  176  154  161  160  165
  143  206  205  221  189  216  226  220  225  246  178  181  204  195  220  201  123  120  101  135
  169  128  128  120  145  129  132  127  125  144  129   31  136  122   99  122  132  130  152  167
  209    1   26   25   43   98   66   11  102  108  108   53   46   75   29   45   51   36   25   32
   -9    9 -102  -12   25   -2    3   14   47   32   58   57   18   28    0  -50   10   17   26   -1
 -157 -110 -126 -162 -106  -65  -86  -75  -70  -46  -45  -39  -48  -20  -23  -21  -13    8   13   33
   43   70  -27  -69  -27  -49   -7    6   26   13   15   20   68   65   80   82   87   82   95  112
   86  100  103   98  121  120  112  127  116  109  112  117  125  128  128  157  152  141  135  145
  140  130  145  143  144  162  150  178  149  198  174  157  150  151  156  165  145  154  148  157
  136  208  203  221  180  202  222  220  230  253  169  177  197  204  225  206  120  113  104  130
  155  131  138  120  146  142  145  142  133  155  140   41  141  120  104  124  134  132  151  180
  204    5   23   25   38   99   70   20  109  115  110   46   44   73   34   47   50   49   38   44
    3   26  -85  -15   38   15   21   35   79   38   66   74   37   49   34   13   32   30   36   19
 -115  -97 -106 -164  -94  -51  -66  -56  -48  -43  -38  -42  -40  -18  -28  -20  -20   -2   13   28
   23   63  -27  -59  -29  -67  -15  -13   11   -1   -4    2   56   56   68   70   73   68   78   95
   68   83   80   82  103   97   88  106   99   93   99  105  106  112  114  139  129  128  117  136
  124  122  136  130  130  139  127  157  128  177  152  146  143  140  143  155  132  148  128  147
  129  194  184  204  168  179  205  201  200  212  170  158  176  164  196  173  119  115   97  120
  145  116  130  117  144  132  133  134  128  145  134   37  131  116   85  115  132  125  161  153
  197   12   20   33   40   94   65   15  106  109  100   40   40   69   24   42   49   40   33   29
   -5   17  -92  -17   29   10   10   22   46   35   60   70   22   30   16  -10   25    7   43   10
 -127 -106 -124 -155 -106  -57  -84  -71  -61  -48  -44  -35  -40  -16  -23  -18  -15   10   20   34
   32   69  -22  -56  -23  -47    1    1   19   -3    0   13   63   65   80   79   85   79   81   97
   71   91   86   91  105  100   91  108   99  107  103  112  107  114  113  132  129  128  116  133
  125  124  135  130  136  134  130  161  133  180  159  138  134  139  138  151  132  142  135  137
  124  191  187  209  167  183  205  204  208  227  158  156  183  171  201  174  115  104   92  115
  145  127  127  117  142  127  130  125  122  144  122   32  133  116   89  120  133  118  149  159
  193    3   18   27   39   88   53    8   93  103  100   35   39   67   21   44   39   40   29   30
   -3   13 -103  -12   23    4    8   19   52   30   54   60   16   29   11  -37   19   12   28    9
 -147 -125 -143 -175 -126  -81 -109  -93  -81  -70  -70  -66  -65  -47  -55  -59  -33  -34  -16   -8
   14   26  -55 -104  -72  -89  -32  -33  -20  -40  -43  -38   22   16   23   34   26   20   54   63
   43   48   53   38   67   71   58   68   59   54   62   68   90   86   78  121  108   87  100  101
   88   83  101   98  102  121  115  145  116  173  139  123  112  119  121  131  104  114  111  115
  100  191  168  197  140  163  185  187  197  215  134  144  167  172  189  182   95   93   85  113
  128  102  108   92  129  116  118  110  107  132  110   29  119  107  105  129  140  118  153  158
  196  -20   33   33   57   47   27   -2   71   77   71   -6   -9   25  -14   14   12   10    0  -14
  -22   -5  -99    2   -6  -27  -37  -16   35    9   27   42    4    6  -11  -49  -14  -15   15  -23
 -106  -99 -107 -142  -85  -55  -63  -53  -50  -41  -36  -42  -43  -16  -25  -20  -20   10   23   45
   28   74  -27  -53  -21  -46    1  -10   14   -7   -3   13   58   58   75   86   87   82   84  107
   81  103   88   99   94  107  101  115  110  109  113  128  112  119  122  140  133  134  123  142
  119  139  145  141  146  135  134  151  134  176  160  151  150  142  147  158  141  150  137  145
  127  189  189  201  160  182  215  205  207  219  166  160  186  175  209  182  120  110   94  113
  145  119  128  117  148  139  137  129  125  152  134   36  125  117   89  122  140  118  152  161
  202   10   31   37   57   88   27    3   89  102  104   50   46   67   28   44   52   33   40   36
   -9   12  -99  -17   34   21   24   27   59   32   70   76   27   32   20  -21   19   19   39   24
 -122 -106 -146 -170 -105  -57  -75  -58  -55  -39  -35  -40  -42  -15  -18  -22   -8    5   16   35
   55   73  -32  -64  -25  -49  -10   18   26   13   13   10   71   68   76   86   79   81   92  113
   93   91  106   93  116  127  111  127  114   97  114  113  141  147  141  167  159  149  152  159
  134  134  153  147  150  165  160  181  166  199  184  180  176  174  176  184  160  175  167  174
  154  210  213  222  185  205  231  222  225  232  197  193  214  206  228  203  149  143  123  144
  177  143  149  138  164  150  153  144  142  166  145   47  138  105   76  108  120  109  136  164
  191    9   19   19   33   98   79   31  117  124  119   50   56   87   38   66   48   58   46   40
    9   34  -82  -26   27   19   13   29   61   30   62   67   30   39   24  -16    6   16   23    2
 -137 -108 -135 -164 -112  -76  -77  -57  -60  -43  -52  -36  -49  -37  -49  -17  -23   -4  -14   22
   15   52  -61  -93  -68  -83  -43   -6  -23  -37  -36  -20   43   45   53   63   61   64   60   79
   58   71   69   76   77   84   80   90   89   86   94   96   93  100  100  122  121  111  113  121
  101  106  116  115  112  122  124  153  128  177  161  130  125  135  132  150  119  127  127  126
  111  192  192  206  154  189  198  208  221  245  146  157  195  192  213  195  105  102   81  133
  142  112  123   90  134  126  121  115  110  131  114   34  155  123  105  137  141  139  160  189
  216    8   23   21   38   68   37   -5   86   89   86   18   21   52   -6   22   22   18   18    8
  -28   -2  -91  -22   -2  -25  -19    0   30    3   39   50    2    2  -19  -63  -31  -29    8  -39
  -80  -70  -87 -122  -56  -27  -55  -33  -31  -18  -26  -23  -10    2   -8   -7  -12   16   25   43
   34   74   -2  -47  -32  -46    5   18   10  -15  -10   -2   63   64   81   65   79   73   81   92
   66   82   81   75   95   96   90  102   95   97  105  106  110  121  114  143  136  123  125  144
  114  124  138  134  132  138  137  158  134  178  160  145  148  147  154  161  133  152  148  147
  138  193  183  209  164  190  198  209  211  228  172  176  196  192  211  193  127  117  102  129
  156  128  130  113  147  136  135  124  120  142  127   41  137  115   89  115  138  128  156  170
  213    8   25   21   38   76   48    8   94  104  110   35   36   67   18   27   35   32   29   27
  -20    7 -148  -26   18  -16   -1    3   46   10   38   42    3   14   -1   -8   18    5   19    2
 -114  -89 -111 -151  -88  -34  -54  -46  -45  -19  -18  -17  -19    7    1   -4    3   18   24   49
   43   80   -9  -42  -19  -43   11   16   13   -9   -2    4   64   68   78   78   82   89   92  105
   81   90   89   84  100  102   97  104  103  101  100  108  120  126  119  151  141  119  137  136
  118  124  136  119  128  151  145  173  150  193  180  153  147  157  154  170  131  147  148  143
  128  204  195  221  179  200  207  215  225  241  164  174  203  193  217  190  108  106   91  124
  151  129  133   98  140  134  130  129  118  140  120   34  138  120  104  122  135  131  154  173
  216   24   27   37   49   80   55   20  103  114  114   44   33   77   22   34   38   37   31   23
  -13   12  -79  -12   16   -8   -2    9   46   11   41   53   11   16    4  -36  -13    1   16   -1
 -150 -113 -114 -159  -96  -69  -83  -60  -62  -55  -51  -54  -59  -35  -33  -34  -21  -16  -14   -4
   34   34  -57  -74  -41  -66  -46  -12   -5   -5    4   -1   36   37   46   45   42   51   77   88
   67   61   71   57   95   98   80   92   87   68   80   88  117  117  110  143  134  111  134  118
  108  101  118  101  107  147  149  175  156  199  189  146  140  154  149  167  119  133  140  130
  123  218  207  237  178  210  216  227  241  254  156  176  207  205  234  206  122  131  128  154
  160  131  143  101  164  150  152  139  135  161  140   62  154  122  104  117  139  133  149  181
  214   29   31   41   49   75   74   43  107  113  100   36   37   77   34   44   44   55   41   31
   11   31  -65   -8   32   19   19   31   60   35   55   71   34   25   24  -18    9   18   23    0
 -197 -146 -167 -206 -168 -107 -140 -117 -105  -89  -94  -92  -89  -39  -51  -55  -29   -7   -8   15
   22   57  -52  -67  -30  -55  -28   -7   -5  -18  -14    2   43   52   53   58   64   77   76   92
   74   83   81   80   92   93   92   95   95   86   90   98  107  113  112  140  133  116  128  118
  110  104  121  111  115  143  140  167  144  187  173  143  136  152  145  160  121  132  129  132
  124  203  186  218  168  188  197  210  216  232  158  169  193  194  208  188  118  112   97  130
  156  122  127  100  144  125  130  124  119  142  125   44  142  128  104  125  149  127  159  166
  215   36   33   45   45   69   65   25  101  111  106   53   37   71   26   38   48   35   36   30
   -2   19  -69   -7   23   -8   -3    8   51   17   47   65   27   15   -2  -95  -49  -36    2  -32
 -134 -125 -143 -183 -118  -77 -113  -84  -69  -52  -54  -39  -50  -21  -29  -32  -30    4   14   26
   21   62  -39  -75  -43  -62  -17   -9   -7  -31  -25   -5   41   49   63   63   72   86   75   94
   75   89   84   89   93  100   98  107  111  109  103  114  112  122  118  143  137  124  134  127
  121  120  136  124  127  139  140  162  146  188  181  145  143  148  145  156  133  142  130  135
  126  202  195  219  169  195  200  210  211  224  164  171  189  186  203  192  114  115   99  134
  151  128  136   99  152  130  141  134  126  156  134   39  132  120  100  121  151  124  159  159
  212   16   27   36   47   76   58   21  101  108  108   50   32   70   16   41   43   40   37   29
   -5   14 -105  -15   24   -4   13   16   70   37   55   71   26   22   13  -35   22   24   41   17
