 -119 -100 -134 -152 -105  -66  -79  -68  -65  -57  -62  -61  -49  -31  -48  -27  -38  -10    4   -5
  -17   15  -39  -76  -38  -63  -22   12   -3  -29  -12    4   44   51   66   64   65   70   38   44
   49   53   68   69   71   65   69   83   82   76   87   86   81   81   92   73   82   86  103   85
   89   98  110  111   92   93   92  100  102  116  148  121   86  128  124  103   89   90  125  120
   93  149  174  145  120  173  149  187  170  197  105  127  136  148  188  171   79   93   66  100
  139  101  110   87  118  114  120  122  109  126  106   40  163  134  110  148  152  144  160  178
  205   38    4   50   43   64   50   12   82  107  100   33   18   69   18   29   22   31   43   23
   20   23  -84   -8   10   -2    9   34   96   47   49   92   63   74   16  -51  -18   -7   29  -62
 -119  -98 -127 -152  -98  -57  -79  -68  -54  -41  -35  -35  -43  -17  -19  -27  -24    7    4   11
    6   22  -39  -76  -38  -63   -9   17    4  -15    1    4   44   49   60   54   65   62   34   39
   42   58   47   69   54   51   51   60   82   70   87   72   59   68   92   73   79   81  103   82
   82   98  110   97   93   93   95  106  122  127  148  121   92  128  107  122   90   96  108  106
   95  155  174  174  144  173  186  187  216  248  119  145  167  174  188  199   90  128   96  157
  139  104  123   93  144  132  143  122  120  143  120   49  184  134   99  137  142  139  160  190
  205   34    4   30   31   64   42   26   87  107  100   33   23   69   30   32   22   53   43   32
   20   43  -84   -4   32   27   27   58   95   85   73   92   63   74   61  -51  -18   -7   40  -48
 -119  -77 -108 -152  -78  -34  -55  -61  -37  -33  -24  -23  -26   -4  -12   -7   -9   23   22   23
   23   31  -16  -56  -21  -36    4   39   23    5   23    4   70   73   84   81   65   89   47   51
   58   78   67   69   70   72   74   91   93   95  103  100   78   94   97   89   99  108  106  110
  110  109  116  123  117   96  114  114  132  141  148  128  116  128  129  151  119  126  135  131
  118  149  181  170  163  179  182  194  205  233  140  157  175  184  201  200  105  124  100  138
  140  122  136  102  144  139  144  122  133  157  130   55  174  162  119  149  155  145  160  187
  205   49    4   67   62   90   79   37  107  116  112   33   48   69   47   56   47   76   60   47
   20   57  -48    0   48   44   46   69  112   87   70   92   63   92   70  -51  -18   27   44  -20
 -117 -121 -159 -152 -120  -77  -87  -77  -56  -60  -59  -65  -60  -41  -49  -42  -53  -24  -13  -13
   -3   11  -53 -115  -81  -78  -31   11  -13  -22  -22   -8   36   41   55   56   55   64   41   38
   42   56   53   62   63   59   67   77   73   75   82   81   61   77   80   69   80   87   80   93
   95   90  101  105  101   73   85   93   93  114  118   98   96   99   99  110   98  104   98  102
   94  130  143  145  128  140  150  158  166  183  116  129  138  150  158  165   87   85   72   92
  113  101  114   83  124  111  120  106  110  133  104   22  148  144  105  143  146  121  157  156
  201   30   29   49   65   72   58    9   88   97   89   29   27   60   16   36   27   47   25   17
    6   20  -83   -1   16    3    5   35   83   59   68   75   45   59   27  -97  -63  -52  -32  -60
 -164 -140 -181 -152 -150  -86  -99  -89  -73  -71  -71  -76  -76  -47  -53  -49  -45  -24  -17  -15
   -2    4  -65 -108  -52  -78  -41   -5  -17  -11  -11   -5   19   22   35   39   39   47   25   39
   38   45   52   53   58   58   59   71   65   53   64   71   59   73   79   79   87   84   99   92
   88   80   92   93   93   91  104  116  126  137  163  117  100  125  114  140   94  101  113  106
   97  154  194  179  162  195  194  205  209  229  119  153  181  187  202  207   95  114   97  141
  130  107  122   90  139  130  138  123  128  149  125   43  170  140  106  143  145  144  164  184
  202   26   24   47   52   76   67   26   91   94   83   25   29   60   26   53   34   56   53   26
   16   35  -76   -1   31   26   19   46   84   75   73   90   61   73   42  -92  -51  -50    7  -62
 -142 -114 -147 -152 -120  -70  -86  -91  -87  -59  -64  -58  -61  -43  -48  -42  -40  -18  -18   -9
   10    3  -63 -102  -41  -78  -43   -5  -10    5    2   -2   25   24   36   41   45   48   18   31
   24   41   42   46   47   51   51   65   65   53   68   69   54   67   75   70   83   82   90   92
   89   83   91   97   89   86   97  104  116  134  149  110  101  123  117  133   95  108  119  112
   95  145  172  161  144  172  175  190  190  229  121  143  161  169  190  191   88  110   94  137
  129  102  127   80  141  129  136  122  125  148  119   52  170  137  100  139  141  141  163  187
  202   26   19   44   40   76   66   33  101  101   86   12   22   54   27   48   27   62   40   22
   24   41  -73    0   24   26   20   55   91   77   86   89   57   69   45  -90  -34  -33   13  -45
 -147 -141 -197 -189 -164 -106 -129 -107 -101  -76 -106  -85  -88  -81 -106  -56  -84  -56  -46  -36
  -25  -14  -82 -118  -63 -107  -54  -21  -15   -3   -6   -2   17   17   41   41   47   51   18   25
   26   39   44   54   48   49   56   65   70   60   78   77   50   66   76   68   84   88   94   93
   95   92  102  109  103   81  100  102  111  119  130  110   98  117  113  127  103  111  117  112
  105  131  161  145  145  163  167  174  175  202  126  146  157  164  173  188   97  115   95  127
  140  119  132   95  143  138  138  124  126  147  124   39  157  132  102  136  139  134  158  174
  202   10    3   34   29   80   71   29   99  105   96   30   37   72   29   56   45   57   47   33
   27   44  -92  -18   33   28   30   63   97   90  103  106   71   84   54  -53  -25    1   26  -10
 -132 -117 -141 -166 -112  -73 -109  -95 -100  -70  -75  -67  -58  -34  -57  -34  -37   -8    2   -1
   -1   14  -44  -84  -35  -64  -16   13    0   -7   -3    2   38   39   63   56   62   69   42   45
   50   65   65   75   70   74   78   90   93   80   95  100   75   92   98   87  102  111  120  112
  114  107  115  118  114  103  126  123  138  146  170  137  121  147  142  161  118  132  146  135
  119  159  192  173  171  189  195  205  208  231  153  175  187  194  206  218  121  142  117  161
  163  124  148  111  166  160  166  149  144  169  152   66  184  148  114  153  140  147  169  199
  203   24   14   42   40   99   87   33  115  121  111   36   41   76   27   50   48   58   48   26
   31   45  -79   -5   35   29   27   54   95   90   94  107   80   88   53  -66  -19   12   61   -9
  -63  -50  -59 -102  -37   -3  -14  -11   -8   -2    1   -8    2   16   10    7   10   35   44   40
   34   44    2  -26   -9  -28   23   48   23    6    8    8   76   79   88   79   87   90   65   62
   64   83   76   85   84   85   84  102   96   91  102  104   90  103  112  101  111  122  124  127
  125  116  132  127  127  114  133  126  143  145  157  143  138  150  151  160  138  143  148  145
  132  156  180  165  168  179  182  188  187  203  154  162  174  174  184  188  120  123   92  123
  151  120  132  109  143  134  136  121  118  140  118   40  160  125   97  116  122  118  145  159
  194   23    6   42   43   89   66   19   93  107  112   40   52   78   32   48   31   50   48   31
   19   31  -82   -9   29   27   19   41   87   59   67   80   51   60   40  -53  -32  -41  -10  -57
 -130 -108 -117 -165  -96  -55  -74  -69  -58  -50  -51  -44  -45  -24  -35  -20   -4   10   18   16
   25   29  -33  -38   -3  -32   -3   33   21   16   17   14   56   56   67   67   76   78   50   62
   64   76   79   83   85   86   84   97   91   78   91   97   93  102  105  108  118  114  130  120
  110  100  114  116  114  123  136  138  153  165  184  142  128  154  147  168  117  128  139  131
  119  178  206  191  186  205  206  216  224  243  154  177  194  195  214  213  120  142  116  156
  161  123  138  108  158  150  161  142  136  163  139   61  181  147  110  137  136  139  163  194
  200   41   15   49   47   86   75   34   99  105   99   46   52   85   48   63   49   66   57   40
   36   47  -66   -3   44   38   30   57   84   76   68   88   71   75   48  -86  -73  -56   -5  -60
 -108  -81  -86 -142  -87  -32  -70  -52  -43  -42  -30  -33  -31   -6  -20  -10   -1   16   23   26
   31   37  -18  -40  -15  -40   11   47   29   19   20   16   77   79   87   80   90   92   60   63
   69   61   77   88   82   80   91   95   94   96   95   95   82   93  101   95   98  105  103  108
  105  102  108  113  106  100  109  114  116  132  149  119  112  125  124  138  110  115  119  113
  105  147  175  158  155  171  181  196  199  224  127  151  166  170  192  189   92  104   74  115
  132  107  119   92  133  123  127  117  110  126  108   19  149  136   90  133  129  124  166  179
  213    9  -11   38   41   86   57   11   90  102  102   45   51   81   40   57   29   44   45   40
   16   18  -94   -7   30   22   19   41   96   68   72   80   50   66   52  -26   -2   16   33   18
 -127 -113 -146 -167 -104  -62  -90  -72  -67  -56  -55  -58  -54  -30  -44  -36  -35   -5    7    6
    6   19  -42  -80  -69  -83  -20   10   -6  -22  -15   -5   48   50   72   54   71   76   44   49
   48   61   66   72   75   72   85   91   87   87   97   99   73   85   96   82   89  100   93  107
   97  103  116  117  113   89  105  108  109  130  133  116  111  116  120  131  116  122  122  123
  116  146  161  157  147  158  171  179  187  203  131  158  165  168  184  187  106  112   88  116
  138  106  128   97  141  142  149  133  130  148  132   20  144  124   94  126  130  116  159  163
  194    5   -9   29   37   85   61    0   98  120  110   31   33   67    8   34   30   34   24   18
    3   13 -117  -27   16    3   13   34  101   77   81   90   56   71   45    2   33   36   84   33
  -81  -61  -75 -127  -63  -22  -49  -42  -41  -29  -29  -37  -19    0   -5  -14   -3   23   25   26
   24   38   -7  -41   -3  -33    8   47   31   20   24   32   71   65   81   64   79   82   54   55
   60   71   71   75   78   77   85   95   96   85   89  100   83   95  103   94  106  107  111  117
  103  102  118  115  111  104  119  119  128  146  149  131  123  137  133  154  118  126  132  129
  109  159  173  169  160  178  182  186  187  202  143  164  170  174  187  192  100  122  107  122
  146  109  131   92  153  142  153  128  129  153  141   49  157  126   97  124  126  123  158  170
  204   20    6   37   32   79   60   23   93  107  100   41   56   73   40   52   38   59   54   45
   31   42  -91  -19   47   44   48   78  139  102   94  104   87  104   86   36   44   68   74   65
 -102  -95 -117 -143  -82  -40  -60  -45  -38  -35  -33  -34  -36  -22  -29  -19  -29    2    3    6
    8   16  -40  -81  -35  -78  -13   13    2    6   13   16   42   42   52   53   60   66   36   47
   58   60   67   72   71   73   79   88   88   76   87   93   75   92   99   87   96  105  111  111
  105  100  115  115  109   91  115  113  128  133  152  126  117  133  129  143  115  119  122  120
  109  147  173  160  157  178  183  190  190  210  133  154  173  179  194  199  103  113   99  127
  136  119  136   95  144  141  146  126  126  148  129   45  161  131  101  132  126  122  165  178
  205   22    2   41   39   87   69   29   96  106  102   42   45   74   35   52   37   68   56   45
   31   44  -91   -6   42   35   34   62  107   82   92  102   73   85   55  -40  -11   -6   32  -13
 -131 -111 -128 -169 -120  -69  -94  -74  -79  -73  -58  -60  -49  -28  -45  -39  -41   -4   -2    9
    3   23  -38  -67  -41  -64  -19   22    3  -10   -4    1   59   57   74   58   76   82   46   47
   50   61   62   69   69   66   76   82   78   76   85   88   67   79   86   77   83   93   90  101
  101  102  108  114  106   82   94  102  107  129  139  108  105  116  116  132  109  116  115  115
  104  148  168  160  153  171  177  187  197  212  129  153  168  169  191  189   89   99   81  113
  129  109  122   91  135  126  132  112  114  135  116   25  150  124   90  117  114  120  155  171
  202    6   -8   29   22   68   57   12   92  107  102   30   28   58   10   30   21   47   28   16
   14   28 -106  -20   22   13   12   43   94   77   79   92   55   73   52  -36   14   19   36    9
 -134 -128 -168 -200 -131  -77  -86  -71  -59  -54  -54  -49  -68  -39  -48  -17  -20   -4    1    2
   17   12  -46  -69  -24  -45  -19   25   15    6   14   19   42   43   66   58   68   73   46   55
   53   63   68   71   78   78   79   92   83   78   89   91   84   97  102  102  113  109  117  116
  106  103  122  121  119  110  129  132  144  161  166  141  127  150  148  162  126  135  152  140
  136  176  188  187  173  191  194  201  208  229  149  174  184  196  201  207  130  144  115  147
  167  126  142  118  157  149  156  128  127  158  137   57  174  145  117  135  128  136  162  192
  214   46   21   67   54   87   82   30  102  123  112   40   43   72   34   56   51   65   50   43
   30   43  -72   11   42   32   32   56   99   87   87   93   76   83   50  -60    2   10   41    9
 -119  -81  -95 -131  -88  -39  -58  -55  -49  -35  -29  -28  -26   -3  -13   -2    1   20   26   23
   22   34  -11  -47  -24  -50    7   37   23    5    9    2   60   58   82   68   82   85   54   59
   61   73   69   75   77   73   76   84   82   84   90   90   75   88   92   87   98  102  108  108
  100   99  112  112  110   95  116  116  131  144  161  127  112  138  134  150  114  123  135  126
  110  156  182  169  166  184  186  190  195  215  139  163  178  182  190  202  107  130   98  141
  146  116  121   95  135  120  127  114  115  135  116   35  150  121   94  116  116  117  144  171
  206   10  -10   27   27   82   57   12   92  108  108   34   38   66   22   35   23   38   32   20
   12   23  -89  -19   18   19    9   43   93   75   77   85   56   69   48  -52  -17   -2   32   -8
  -56  -62  -81 -103  -44  -27  -58  -48  -40  -21  -36  -21  -13   -3  -18    2  -14   17   31   25
   18   31  -10  -69  -27  -57   12   31   17    2    6   12   57   69   77   72   81   91   54   55
   60   79   77   87   81   84   96  100   98   96  102  106   79   97  107   88   98  106  106  113
  113  114  119  121  115   94  110  113  126  131  152  124  116  134  133  148  119  128  137  128
  113  140  174  157  160  172  174  179  181  202  138  160  172  177  182  189  101  108   92  122
  136  113  120   99  127  121  129  117  117  137  116   38  157  124  107  128  127  137  159  175
  207   22    5   39   39   90   65   19   98  111  110   33   43   75   29   49   40   54   42   32
   25   32  -87  -11   32   31   24   55  105   88   82   99   73   81   63  -14   24   27   72   18
 -133 -115 -137 -167 -101  -64  -81  -73  -61  -54  -53  -55  -58  -40  -47  -38  -40  -17  -11   -9
   -4   -2  -51  -79  -43  -68  -27    3   -1   -6   -1    4   21   22   36   35   43   55   24   29
   31   38   44   50   48   55   57   69   71   67   80   81   54   71   82   68   82   91  101   99
   91   93  103  105  101   81  102  106  121  125  143  117  106  122  119  132  108  114  123  116
  107  138  164  154  149  160  164  169  172  204  130  157  160  172  174  198  103  120   95  138
  142  113  137   98  152  143  153  127  124  155  129   55  179  141  121  142  137  139  168  186
  214   44   20   53   42   84   72   29  104  112   96   30   29   67   26   49   33   59   49   30
   24   37  -75   10   30   21   22   55   95   84   91  108   72   78   44  -81  -42  -33   -7  -32
 -141 -145 -197 -205 -124  -86 -115  -97  -88  -84  -99  -92  -78  -63  -81  -70  -76  -37  -31  -23
  -29   -8  -76 -140  -94 -118  -58  -17  -31  -46  -45  -41   20   22   39   35   45   53   14   29
   28   42   45   53   51   52   57   59   60   58   65   64   48   59   64   60   60   68   68   70
   72   72   78   85   79   61   72   85   87  103  116   82   74   91   85   96   81   83   88   83
   80  120  140  135  114  134  140  152  167  203   98  115  123  139  152  166   65   72   52   95
  103   82   97   67  109   97  101   86   87  106   86    5  160  140  101  138  136  133  170  184
  223   27   -2   42   56   58   33   -8   68   80   74   10   10   51  -13   21   -1   27    8   -8
   -9    3  -96   -6   -8  -20  -24    7   59   45   60   70   34   40    6  -88  -47  -27   17  -26
 -119 -126 -158 -171 -109  -69  -87  -79  -69  -59  -66  -61  -62  -41  -55  -40  -54  -24  -23  -21
  -21   -6  -61 -121  -91 -119  -49  -18  -23  -23  -14  -13   14   23   51   37   52   60   27   29
   34   41   54   58   58   64   66   76   74   68  114   80   64   77   83   73   83   84   94   90
   90   86   96   98   93   78   97  104  114  129  148  113   98  119  114  132   96  104  112  105
   97  148  196  161  154  171  178  182  193  204  126  151  169  171  184  192   98  111   98  130
  130  128  136   91  150  135  151  127  127  153  130   57  172  129  115  136  134  121  164  176
  212   37   24   46   44   78   72   37   95   99   90   28   28   64   16   49   36   65   45   28
   24   42  -88    1   34   28   19   52   90   87   95  108   77   87   48 -100  -48  -42   14  -46
  -84  -73 -102 -113  -53  -24  -35  -44  -37  -22  -17  -21  -21   -1  -10    5   -7   16   18   18
   24   29  -21  -49   -9  -45    1   30   20   15   21   21   51   56   68   65   74   79   45   44
   54   69   63   74   61   65   73   78   81   78   88   92   65   85   93   82  100  107  115  117
  111  106  122  119  118   96  124  114  135  138  159  139  130  142  149  165  126  145  151  151
  129  153  179  167  178  185  189  190  193  208  159  186  191  195  201  214  128  146  116  149
  158  119  137  114  154  148  159  128  133  164  139   53  169  126  108  129  132  119  162  174
  198   35   16   50   52   82   71   32   97  107   99   40   42   74   37   50   33   51   49   37
   18   41  -50   13   37   35   31   55   96   75   73   87   61   74   52  -67  -42    3    4  -18
 -114  -92 -139 -155  -97  -44  -87  -88  -70  -58  -66  -53  -36   -8  -35  -26  -29    9   25   23
   13   39  -24  -65  -17  -41    9   36   26   12   14   17   65   75   87   83   95   95   57   61
   68   85   76   89   77   79   87   95   96   92   94  101   83   96  104   97  109  110  118  116
  112  112  116  119  115  107  121  124  135  144  172  130  121  138  130  150  116  119  124  123
  116  163  200  180  170  199  205  214  224  242  136  163  188  202  222  209  113  124  110  149
  140  116  138  105  155  144  151  133  133  153  137   55  175  136  111  138  128  127  167  187
  213   43   15   53   51   99   81   30  112  125  113   54   61   86   38   65   49   67   49   35
   30   40  -66    9   33   22   19   48  103   73   67   86   57   72   50  -70  -19  -14    9   -1
 -119 -103 -135 -152  -93  -57  -72  -52  -54  -43  -52  -43  -51  -26  -34  -25  -18    5    5   10
    9   32  -44  -72  -40  -65  -20   15    5  -16  -14  -15   39   49   62   56   70   72   41   41
   46   58   59   67   60   68   73   81   86   75   73   88   65   82   90   80   93   97  100  107
  102   96  112  111  106   88  109  108  119  131  142  119  113  124  127  140  113  122  121  124
  113  144  164  155  146  162  166  172  175  197  135  151  156  162  168  177  100  104   73  110
  137  109  115   94  120  135  118  105  103  121  104   23  135  115   96  122  123  116  152  157
  203   19   -4   39   44   74   53    2   87  103   94   28   27   58    6   32   15   35   22   13
   -1    9  -85   -5    5   -3    3   25   76   62   70   77   43   55   24  -92  -37   -6   -3  -11
  -75  -69  -85 -116  -52  -24  -40  -36  -32  -28  -23  -26  -16    0  -11  -13  -12   21   25   25
   22   37  -10  -41  -15  -45   14   42   26    8   10    4   62   70   85   80   94   98   54   55
   61   85   72   85   77   79   86   94   98   96   98  102   76   90   98   86   95  104  103  109
  109  106  113  115  109   91  107  111  120  129  148  120  114  126  122  139  114  120  127  120
  114  146  175  162  157  173  177  194  204  229  135  161  171  187  202  210  106  118   98  140
  143  118  138  101  148  150  153  130  134  155  134   41  169  136  112  137  130  134  169  195
  217   25    7   40   48   88   68   29  107  118  117   47   50   78   29   45   28   63   40   29
   28   38  -93   -3   28   27   27   57  106   81   84   95   71   85   61  -23    1   34   49   25
 -107 -103 -113 -162  -78  -51  -58  -48  -41  -34  -42  -31  -50  -25  -32  -21  -22    6    4    1
   15   26  -40  -67  -40  -73  -29   15    3  -15  -12  -13   39   49   62   60   67   72   46   48
   54   69   66   70   68   69   75   82   83   75   81   87   69   79   86   78   85   91   92   93
   89   90   91   96   91   83   98  102  109  117  143  100   93  111  101  122   90   92  103   90
   85  137  166  157  140  160  163  174  180  205  108  134  152  164  173  183   76   86   63  107
  112   93  101   77  109  105  112   96   96  116   96   18  158  129   95  127  127  117  157  173
  214   28   -8   45   57   68   47   -2   81   96   93   24   20   53    4   30   16   32   25   18
    0    7  -83    3    5   -1   -7   18   64   51   42   65   35   46   22  -76  -53  -29   16  -48
  -97  -96 -103 -139  -80  -32  -59  -55  -52  -50  -35  -28  -30   -5  -16  -12   -7   15   24   19
   16   30  -23  -36   -7  -27    6   40  -24   32   11   18   61   71   96   85  103  107   62   59
   75  102   87   96   87   88   99  102  107  107  115  114   84   98  106   95  108  111  113  118
  119  120  128  134  128  106  123  124  139  155  167  134  128  147  152  168  128  146  149  153
  129  163  187  177  182  188  194  193  197  204  159  180  191  191  190  204  114  126   93  129
  161  118  127  107  132  134  142  120  121  144  126   30  150  132  109  139  140  124  171  171
  216   17   11   51   56  105   72    8  105  118  131   58   54   89   27   52   50   45   39   34
   14   25  -94   -5   31   21   24   41   78   74   85   96   59   68   35  -71  -30  -31   32  -30
 -113  -99 -127 -149  -99  -46  -66  -60  -48  -35  -36  -31  -36  -12  -25  -13  -20    7   13    9
   12   29  -27  -76  -27  -56    5   25   12   -6   -6    5   46   52   66   63   70   77   46   47
   57   73   62   70   66   65   75   77   81   77   87   87   67   78   83   77   85   94   98  102
  100   98  107  109  103   84  100  108  116  127  146  111  104  118  115  133  107  113  120  111
  109  140  168  157  149  167  171  183  194  222  130  160  164  181  188  195   99  118   90  136
  147  109  127   93  137  134  139  114  116  141  117   31  172  137   99  133  131  130  165  188
  207   19   -1   39   41   80   57   13   95  104   98   37   36   68   16   42   24   42   31   20
   15   21  -85  -10   16   14   12   43   96   72   64   83   60   70   50  -40  -43   15   42  -11
 -112  -86 -127 -146  -75  -40  -61  -57  -52  -39  -37  -30  -36  -12  -20  -15   -9   20   15   23
   26   33  -28  -57  -28  -58   -2   20    9   -1    7    5   46   56   71   68   76   79   55   54
   61   77   72   76   77   78   84   93   93   84   90   91   79   91   97   88   97  104  104  106
  101   99  106  110  101   95  107  112  117  131  140  117  105  118  116  129  105  109  113  110
  104  149  162  164  142  160  168  182  193  225  129  153  158  175  179  193   93  110   91  131
  134  109  124   93  132  129  134  110  113  138  116   33  159  132   97  133  132  139  169  194
  220   16   -8   35   42   75   60   15   93  107  102   39   37   66   21   43   28   44   38   26
   11   21  -93  -11   12    4    0   21   80   57   74   79   50   53   20 -100  -59  -18   26  -37
 -124 -108 -130 -164  -96  -51  -71  -57  -48  -33  -43  -29  -44  -17  -30  -18  -15   10   12   12
   19   29  -33  -72  -42  -65   -9   21    7   -7   -5   -5   42   48   56   52   60   64   44   43
   47   60   52   61   59   58   62   67   67   63   64   66   61   70   68   75   80   78   93   81
   76   71   77   83   79   85  101  110  124  136  169  110   88  116  105  128   84   87  101   89
   84  155  198  172  152  193  197  209  211  242  113  144  180  189  209  205   81  100   89  156
  121  100  118   79  132  127  135  112  113  137  112    4  185  137  102  131  130  134  168  202
  228   33    2   42   43   69   52   14   78   94   78   29   33   60   19   41   20   50   33   23
   21   29  -79   -1   13   15    5   35   71   63   73   86   51   55   32 -105  -29  -42   17  -62
 -111  -84 -116 -137  -83  -40  -54  -62  -53  -47  -32  -40  -36  -12   16  -12   -6   22   32   26
   23   36  -20  -41   -3  -29   16   41   41   23   28   25   72   72   90   86   97  100   60   61
   72   93   84   96   90   95  101  108  110   98  111  114   87  103  107  103  111  116  118  120
  122  123  130  130  125  108  121  127  134  151  159  130  127  143  143  155  130  134  142  135
  120  160  191  182  167  189  193  208  219  237  151  176  184  195  210  205  114  139  102  146
  158  125  144  110  148  141  167  123  127  157  133   43  162  125   93  124  120  127  160  189
  220   17    2   34   37  102   85   23  111  126  124   63   60   91   41   65   54   73   63   51
   35   44  -85   -4   39   38   38   59  116   94  101  108   75   84   68  -30   17   27   66    9
 -115 -100 -115 -152  -79  -45  -65  -52  -43  -30  -34  -25  -34  -13  -25  -13    0   20   22   25
   24   37  -25  -43   -9  -32   10   41   38   17   18   18   70   68   85   82   88   90   60   54
   68   89   69   85   76   75   82   85   86   85   85   89   76   86   87   90   96   96   99  100
   96   92  102  101  100   96  107  117  127  140  162  119  105  130  123  141  108  113  123  115
  101  149  179  167  153  175  179  191  200  225  132  161  167  179  192  195   96  119   98  148
  138  103  120   89  133  126  127  112  117  138  119   47  182  140  105  138  126  135  171  197
  213   33    7   45   48   82   56   19   91  102   93   50   56   72    3   48   28   62   47   40
   26   32  -79    0   38   29   25   51  108   82   88   93   70   81   54  -50  -23   20   31    1
  -74  -63  -87 -102  -64  -19  -37  -42  -20  -19  -14  -18  -12    3   -4   -9   -6   25   27   24
   32   37   -9  -32  -26  -42   13   34   28    4    4   16   68   64   76   68   82   83   52   49
   52   80   62   75   68   70   76   83   85   78   88   91   71   82   87   88   94   97   97  102
   98   98  103  108  101   91  105  111  112  125  130  110  105  112  112  120  105  107  105  108
  102  132  153  152  132  151  157  169  174  192  120  141  142  159  163  174   80   93   60   95
  126  104  113   83  115  116  116  100   98  118   99    8  125  107   87  114  117  106  147  156
  215   12   -4   28   38   79   47    0   85  102  102   36   35   63   19   33   18   38   29   23
    4    9 -103  -13   11   15   13   42  106   71   62   67   57   69   66   19   39   50   56   28
 -116 -117 -171 -153 -109  -71 -101 -102  -79  -73  -71  -63  -60  -43  -53  -48  -46  -14  -10   -1
   -4   15  -57  -90  -58  -83  -34    1   -7  -19  -15  -10   39   39   55   52   63   64   34   40
   46   66   60   68   67   73   78   88   89   74   84   91   68   85   92   82   93  104  104  109
  102   97  109  110  103   86  106  104  116  125  148  120  114  124  121  133  107  111  130  114
  103  134  172  153  146  169  174  180  183  202  130  151  162  176  182  191   92  106   83  120
  129  110  125   89  133  132  134  115  117  138  121   33  160  134  119  142  134  132  173  179
  214   41   22   55   59   83   65   10   97  104   95   36   24   66    9   39   39   48   33   25
   10   18  -75   13   20   11   17   41   93   78   86   95   66   72   45  -66   -7   19   42   -5
 -111 -102 -119 -144  -86  -46  -79  -56  -55  -44  -49  -43  -43  -33  -41  -31  -33   -5   -8   -1
    2   12  -62 -100  -78  -98  -29   -6  -13  -30  -24  -26   34   38   48   47   56   58   31   34
   38   58   47   54   55   56   56   65   66   56   64   64   56   66   68   70   67   75   79   78
   77   75   78   86   78   71   79   94   91  111  123   90   80   92   87  101   80   82   83   85
   77  125  149  147  120  145  148  164  161  188   96  118  129  140  148  157   65   70   55   84
  107   84   97   60   98   96   98   86   86  105   90    3  131  134  109  142  134  118  172  152
  222   25   14   58   76   59   45    6   72   84   76   22   23   48    4   24   11   38   21    8
    8   13  -75    9    3    0   -9   24   76   49   65   78   46   54   26 -114  -64  -48  -15  -61
  -67  -70  -78 -112  -58  -27  -52  -32  -29  -29  -25  -29  -17    5  -12  -14   -2   26   29   28
   25   40  -11  -67  -21  -45   14   34   26   -3    3    5   69   64   77   73   98   85   57   51
   66   91   71   79   75   81   78   93   93   83   89   97   76   87   96   87   97  103   97  108
  106  106  115  116  111   91  103  111  112  124  135  114  109  114  118  130  108  118  110  115
  110  131  159  149  145  162  171  176  184  205  133  164  166  183  184  199  102  109   92  131
  133   99  113   92  128  116  127  104  108  139  117   28  157  125   93  121  126  123  157  176
  203   14    6   31   49   79   53    6   85   94   99   36   43   70   14   32   25   42   32   18
   13   11 -100   -9   19   14    9   29   91   52   57   65   43   50   41  -50   -8    3   14   -9
 -128 -120 -130 -179 -128  -68  -97  -73  -65  -54  -65  -51  -56  -37  -51  -36  -35  -10   10   -2
   19   14  -52 -100  -43  -67  -23    5    6  -12   -4   -6   41   50   59   60   69   69   35   41
   45   69   51   63   58   60   62   73   71   65   64   73   60   75   79   79   89   90  101   94
   89   82   96   97   94   92  105  112  132  143  170  116  103  133  121  149   98  110  125  115
  103  154  192  181  167  194  205  215  229  249  135  179  191  204  219  220  102  131  111  164
  154  107  128   91  150  135  146  124  125  147  130   58  177  135  111  125  122  137  158  188
  220   29   16   30   43   66   60   27   94   99   82   24   34   57   17   40   23   60   43   26
   29   36  -80    1   27   23   19   46   96   76   96  108   72   73   45  -83  -25  -20   49  -32
 -116 -115 -144 -161 -100  -55  -75  -57  -52  -44  -44  -44  -43  -27  -35  -34  -27   -1    0    2
    3   22  -41  -78  -58  -70  -12    8    2  -24    5  -21   44   45   55   56   61   62   36   41
   43   66   51   63   54   66   57   67   69   64   67   67   58   69   70   74   77   79   82   84
   83   76   87   88   86   79   87   98   96  117  125   96   86   95   95  106   89   93   95   97
   91  125  146  149  121  141  145  156  164  200  109  120  135  142  150  161   76   82   70   97
  111   86   99   68  109   98  100   84   83  104   87   16  166  143  102  135  138  142  179  177
  224   33    4   48   61   49   32   -5   63   75   74   13   20   49   -4   14   -6   32   17    7
    0    3  -76    7    4    0   -7   24   81   46   60   68   37   48   31  -87  -22  -38   11  -40
  -78  -78  -80 -115  -69  -32  -46  -23  -14  -10   -9  -10  -15    6    2   -5    1   34   38   37
   32   45  -11  -38  -24  -40   18   41   27    0   19   10   84   82   90   81   91   87   60   61
   61   88   74   79   79   84   78   93   93   81   86   92   80   92   96   96  100  101  101  103
   99   92  101  102  101   98  115  121  123  140  148  116  111  126  123  144  101  112  119  116
   98  146  174  164  166  179  182  181  183  200  134  156  177  184  186  188   85   96   70  111
  127   98  120   85  128  122  126  111  111  128   90   17  151  135  112  136  130  124  169  159
  214   45   20   66   61   77   52    3   91  101   97   30   38   62   15   34   17   49   38   32
   15   17  -81   13   22   15   12   41  100   66   73   92   44   63   50  -36   12    2   34  -18
  -27  -15  -28  -56  -41   19  -20   -7   11   12   16   14   27   28   25   20   22   36   48   43
   49   51   17   -3   17   -9   32   51   41   31   20   34   76   77   75   79   83   84   64   68
   72   89   84   83   87   93   95  107  103   82   94  100   92  111  111  112  120  122  121  124
  113  105  119  115  114  120  127  132  138  152  165  136  132  143  140  155  117  130  130  132
  116  155  179  169  165  180  189  190  188  207  144  162  179  188  196  193  106  123  101  127
  144  116  136   98  151  138  145  124  126  149  132   39  138  115   83  120  120  120  144  163
  213   19    3   29   35   86   71   34  101   82   96   42   48   77   43   56   42   75   63   53
   39   45 -102  -12   42   38   29   56  108   77   71   89   70   76   60  -27    5   21   39   -3
 -101 -100 -109 -153  -80  -43  -63  -52  -45  -44  -40  -43  -34  -22  -33  -24  -23   -3    9  -13
   17   22  -39  -70  -30  -54  -12   16   15    6   10   10   44   43   43   45   50   52   38   43
   33   58   50   53   57   62   62   70   69   55   65   68   65   75   76   82   90   87  104   90
   85   79   91   92   93   96  111  116  126  144  165  115  101  121  118  134   94  101  110  107
  100  159  189  182  150  187  193  210  216  248  119  149  178  187  212  200  102  121  113  146
  131  114  130   97  145  134  144  126  126  150  128   50  186  139  106  134  141  144  177  202
  234   37   17   51   65   74   70   24   97  102   84   26   28   61   38   53   38   66   58   44
   33   36  -66   12   36   29   23   52   99   67   77   93   65   71   44  -66  -39  -10   18  -29
  -91  -74  -73 -132  -73  -20  -40  -30  -22  -17  -17  -21  -19    3    0  -11    6   20   27   28
   31   36  -18  -70  -31  -48    7   30   20    8    9   10   67   56   68   65   69   70   45   48
   43   72   56   64   59   64   64   69   71   63   66   66   64   75   73   82   86   83   92   85
   78   73   80   85   81   90   99  112  106  130  135   99   92  103  100  107   82   89   90   94
   81  142  162  163  119  152  150  180  188  222  110  134  141  158  177  172   74   83   65   98
  113   94  104   72  122  111  115   98   99  119  100   18  156  137   98  137  148  138  173  183
  221   22    4   45   70   67   56   13   78   84   75   26   40   69   31   43   21   52   45   36
   20   23  -78    6   22   24   17   42  103   64   54   74   58   69   45  -65  -24   12   31   -8
  -69  -56  -70 -101  -54  -10  -30  -33  -22  -20   -9  -13   -4   14    6    2    1   28   36   -3
   32   51    2  -47  -13  -31   19   39   34   23   30   38   81   70   85   84   93   91   50   58
   52   92   74   84   76   79   86   91   92   85   80   89   71   88   97   86   98  104  110  108
  104   94  108  106  105   99  113  114  127  134  145  120  116  134  131  144  109  119  129  125
  108  144  173  174  157  176  183  190  200  223  134  157  173  179  189  193   96  118   98  110
  141  103  118   90  139  123  130  118  118  137  116   42  166  129  125  124  134  141  158  180
  225   28    5   42   48   80   63   31   88   96   88   61   57   51   42   56   31   71   62   49
   36   40  -84   -3   41   38   34   62  121   80   75   87   75   88   20  -25    2    1    1    2
  -89 -100 -106 -126  -97  -50  -79  -51  -49  -49  -47  -39  -49  -19  -34  -27  -29   -2    1    9
    5   25  -31  -72  -35  -61  -13   14   10   -3    2   20   56   46   65   61   70   73   39   42
   41   76   65   78   72   77   80   90   89   79   85   90   72   88   94   84   92   97   91   98
   66   97  105  107  108   93   95  102   98  122  127  105   98  103  104  115  101  107  105  111
  100  130  153  152  133  157  163  175  176  202  119  132  152  159  170  170   82   90   67   99
  118  102  112   84  119  111  112  105  102  114  100   20  129  115   90  120  140  124  164  159
  216   20   11   42   46   78   60    8   85   99   88   30   31   63   14   36   27   51   35   25
   17   23  -97   -3   18    9    4   33   86   64   79   90   54   59   33  -46  -20  -20   26  -30
 -105  -84  -84 -129  -73  -35  -54  -51  -34  -28  -25  -19  -24   -1   -8  -10    0   18   28   25
   24   40  -18  -49  -22  -37    3   32   31    9   19   20   77   69   91   80   93   91   56   62
   56   93   77   83   83   88   90  102  103   90   96  108   88  101  109   99  111  117  109  117
  118  114  123  122  122  108  120  120  118  135  144  127  123  131  134  143  121  123  125  126
  114  143  167  163  149  167  171  179  186  213  131  145  161  169  185  185  101  107   72  108
  136  112  115  100  129  119  116  112  111  126  108   20  153  129  112  144  152  145  178  185
  221   23   28   48   70   88   65    7   96  111  103   46   45   78   27   48   39   52   41   37
    3   18  -84    4   23   12   18   35   94   64   68   77   51   63   42  -28    4   14   43   -4
  -86  -86  -78 -136  -78  -32  -46  -40  -33  -25  -23  -25  -20   -8  -19  -13   -2    9   25   25
   16   32  -22  -59  -36  -53   10   22   11   -8    7  -11   62   54   67   64   71   69   41   47
   45   74   64   69   67   70   73   79   82   68   76   77   68   78   81   78   84   91   88   93
   93   87   94   93   94   89   94  107  106  132  149  106   96  108  107  118   94  102   98  105
   94  144  174  168  134  166  170  190  199  225  117  132  154  165  176  180   86   99   76  112
  119   89  103   81  124  106  112  104  105  123  106   39  172  132  107  133  146  147  170  190
  226   39   20   51   60   73   51   10   80   92   81   24   30   59   11   33   16   41   28   18
    2   14  -69   14    9   16    8   41   90   59   66   81   52   63   39  -41  -20    0   19  -17
 -102  -79  -89 -124  -81  -26  -58  -66  -43  -36  -22  -25  -20   11   -1   -4    7   28   47   38
   29   49   -7  -18    8  -11  -10   53   51   37   44   46   87   77   93   87   97   99   61   67
   67  102   87   99   89   92   97  104  105   98  100  105   88  106  112  105  115  124  127  136
  124  115  123  122  120  118  129  133  142  154  169  148  140  149  150  159  127  138  155  145
  122  165  188  184  170  189  194  198  205  223  153  163  183  183  197  192  112  118  100  124
  144  109  126  102  147  136  148  131  133  148  130   38  165  134  105  130  142  143  164  182
  224   28   14   47   50  100   82   35  109  112  103   57   65   91   59   74   53   84   69   62
   36   51  -85    2   49   55   45   76  139   93   94  105   82   94   92    4   36   53   63   25
  -60  -51  -55  -99  -37   -5  -23  -20  -12   -6    2    3    2   18   11   16   15   39   52   47
   36   55    0  -24   -4  -22   29   51   46   23   28   27   76   75   92   84   94   92   64   61
   63   95   77   87   83   85   84   92   93   89   88   90   84   91   95   96  101  101  101  100
  104   95  102  104  100  106  112  121  124  139  160  117  105  125  117  134  103  108  118  115
  102  153  183  172  158  186  190  200  203  235  125  145  178  180  195  191   93  108   87  136
  129  102  113   88  133  121  132  116  113  132  112   35  171  134   99  131  143  157  172  193
  227   25   13   42   43   84   62   17   88   98   87   46   57   80   24   50   28   58   47   42
   11   29  -82   -3   27   31   19   49   96   57   74   81   58   68   43  -57  -36   -5    5  -17
 -147 -140 -144 -181 -126  -76  -98  -89  -85  -72  -67  -59  -77  -40  -47  -29   -8   -6    5    5
   21   35  -53  -62  -28  -42  -21   18   20   15   22   22   48   52   70   65   76   79   58   64
   63   80   71   81   79   81   83   87   86   84   88   89   82   91   90   99  100   96  102   97
  100   93  103  104  102  107  119  124  124  145  156  120  106  128  122  138  105  114  124  122
  108  161  180  182  154  179  186  200  208  234  133  153  176  183  199  199  103  114   93  132
  137  100  116   98  138  121  134  122  119  138  121   46  172  147  126  152  164  168  188  201
  220   42   31   64   75   96   76   29   92  104   97   46   58   82   44   65   48   70   60   47
   24   41  -62   27   37   22   16   48   82   96   90  103   72   70   33 -108  -55  -17   30  -29
  -94  -85 -104 -135  -78  -33  -61  -61  -50  -35  -23  -25  -16    7   -8   -7   -5   25   39   34
   25   51   -9  -39  -13  -30   16   30   40   26   28   26   81   80  101   99  111  112   67   69
   70  106   86  109   95  101  106  113  111  115  123  123   93  100  120  107  112  123  114  125
  137  132  134  133  132  112  117  126  125  151  153  129  127  132  132  145  128  127  130  131
  121  162  185  178  161  189  193  199  197  200  139  153  180  171  189  182  109   99   84  115
  138  115  127  106  141  134  141  129  128  141  126   25  146  123   92  117  136  139  156  177
  206   16   15   30   46  120   84   22  117  128  133   61   69   96   42   37   63   68   51   45
   16   31  -91  -14   44   25   29   48  109   73   88   93   59   73   59  -29   17   57    0   -5
  -93 -142 -101 -137  -84  -44  -69  -77  -56  -51  -44  -41  -35  -15  -30  -17  -25    2   24   19
    8   37  -32  -54  -26  -44   -6   25   29    7   17   25   73   76  108   94  111  108   47   61
   62   96   76  100   90   61   98  106  105  116  115  125   91  108  118  110  123  125  121  128
  132  126  131  135  134  122  128  137  130  156  165  136  127  140  136  156  126  138  167  143
  129  167  188  192  170  192  201  206  210  226  151  166  184  182  203  200  126  121  110  141
  154  127  145   83  162  155  164  151  149  167  148   39  163  135  109  138  150  149  172  184
  217   16   23   35   49  121   89   24  123  128  118   59   62   93   36   62   58   65   47   45
   16   35  -93   -7   42   22   34   63  121   86  101  109   73   87   62  -47   11   45   71   30
  -61  -51  -47  -97  -38    1  -15  -23   -5    1   11    8   17   36   20   20   19   47   64   56
   40   67   25  -14    2  -13   27   53   56   33   36   36   98   97  115  111  120  104   85   80
   86  118  101  117  109  112  118  123  108  126  124  128  109  122  130  131  136  134  127  134
  140  134  142  142  143  139  138  151  142  172  180  147  139  152  147  165  139  145  153  147
  131  184  204  200  188  207  211  214  221  237  151  170  194  197  214  211  120  112  107  146
  151  128  145  115  159  148  155  143  132  159  139   45  161  130  109  137  147  150  174  189
  208   26   16   43   56  120   90   29  123  132  125   72   80  104   56   79   65   82   68   60
   30   46  -83    5   57   42   38   66  117   88  114  121   88   89   58  -24   35   15   75   10
  -47  -52  -87  -98  -35   -6  -15  -26   -9   -9    2  -11   -7    5    2   -3   -4   19   33   34
   31   40   -5  -46  -22  -40    3   22   27   15   20   19   63   65   75   78   81   71   49   53
   56   78   69   83   77   79   86   92   90   86   84   93   81   97  103   99  107  111  108  110
  140   96  108  107  109  107  115  122  127  142  154  128  114  130  124  139  100  117  122  121
  106  153  177  172  163  181  189  197  205  227  134  165  179  184  197  198   98  101   97  132
  138  110  123   95  144  134  143  126  130  145  125   39  172  137  110  137  143  148  171  177
  217   35   24   50   53   93   75   27   98   99   88   38   46   77   40   56   39   71   53   44
   24   36  -66    7   39   32   23   53  107   74   78  121   88   78   51  -24   35   -7   75  -21
  -81  -91 -109 -140  -78  -37  -53  -56  -38  -33  -21  -26  -22    0   -6  -20  -11   21   38   33
   17   51  -17  -52  -21  -37    6   27   29   12   20   28   78   75   94   96  101   94   66   65
   74  103   90  101   94   92  106  104  101  109  110  114   84  100  102   99  104  112  106  113
  126  121  125  132  131  105  105  124  117  137  150  124  116  125  125  133  125  126  124  127
  117  147  170  171  153  174  182  183  197  222  133  148  163  168  183  189  104   97   98  125
  135  121  134  101  142  122  135  127  124  140  127   46  170  154  136  160  168  163  192  189
  224   47   38   63   84  112   85   36  106  120  118   62   62   95   39   70   54   69   61   56
   29   38  -61   28   48   34   30   63  112   78  109  122   91   94   50  -43    9   20   63    4
  -78  -91 -109 -141  -73  -37  -67  -62  -38  -33  -40  -40  -27  -18  -31  -25  -28    4   17   18
    8   25  -22  -59  -31  -54   -6   14   17    5   11   11   63   54   79   70   81   71   66   47
   46   73   62   77   71   75   78   91   87   87   86   96   70   90   92   90   96  104   96  104
  111  104  113  114  114   95   98  109  110  128  139  114  107  121  115  128  111  116  119  119
  103  135  157  151  144  164  174  165  174  201  125  148  162  165  178  179   96   80   81  115
  134  106  124   79  135  129  128  122  115  134  100   34  149  120   97  122  133  133  163  168
  212   33   20   52   67  101   74   23  109  109   97   40   46   87   30   55   48   62   48   41
   17   31  -74   15   39   31   21   57  136   92   98  115   82   91   77   -6   43   22   75   24
 -105  -94 -100 -138  -87  -48  -68  -69  -53  -45  -28  -29  -26   -2  -13  -14   -8    5   30   22
   14   37  -10  -42  -13  -35   10   31   35   22   29   20   80   75  103   87  108   95   58   63
   69  102   82  106   91   96  104  114  115  115  118  127   92  113  117  111  125  127  117  128
  128  128  128  133  131  122  125  130  123  141  146  130  127  133  130  139  124  127  136  132
  120  151  172  169  151  170  181  182  189  219  140  151  176  175  188  195  115  102   87  126
  146  120  127  108  133  127  130  129  121  144  130   35  170  146  127  151  152  159  185  193
  224   31   23   49   61  101   82   23  114  121  123   62   68   99   43   67   63   67   51   49
   14   32  -81    3   46   23   25   55  112   73   97  102   68   82   54  -48   33   25   79   12
 -103  -94 -111 -131  -85  -48  -57  -65  -50  -48  -33  -36  -32   -7  -17  -16  -18    6   19   22
   29   41  -16  -48  -21  -35    2   21   26   20   20   15   63   59   83   77   87   77   60   70
   71   88   87   93   95   99  101  108  103  101  106  110   96  117  119  120  127  131  130  132
  127  118  126  128  124  127  132  140  136  156  160  143  137  146  147  152  129  138  149  140
  117  164  181  186  161  177  193  193  205  232  148  164  181  182  196  205  118  118   91  149
  155  117  131  105  151  138  141  137  126  150  129   48  182  147  128  144  147  162  175  199
  219   46   31   58   71  106   76   29  110  118  111   47   56   88   31   58   46   67   50   45
   23   38  -68   13   35   26   22   58  116   76   94  108   75   87   59  -27    6   22   51    4
  -28  -38  -38  -68  -16   10    6    4   15   12   27   17   19   35   30   19   21   38   52   46
   40   58   22  -11   11  -18   35   39   44   34   40   41   91   86  106   99  111  101   71   70
   80  103   89  113   98  102  109  116  115  122  122  132   94  113  125  114  127  137  128  143
  144  136  150  143  148  119  133  133  137  153  164  148  147  149  156  164  147  155  152  149
  132  164  188  180  177  185  205  194  197  209  161  166  190  191  197  198  120  118  109  138
  154  131  142  123  156  146  148  139  135  155  140   44  154  129  103  130  136  137  161  177
  216   21   17   39   56  148   95   37  124  135  121   64   71  109   62   80   77   91   77   73
   34   54  -76    2   68   56   49   82  141  101  125  138   93  109   84   28   52   65   88   52
 -112  -95 -118 -145 -107  -55  -84  -72  -53  -50  -39  -36  -35  -12  -20  -16  -15    4   29   25
   22   39  -19  -47  -19  -35    9   27   32   13   22   21   70   67   96   86   98   88   58   61
   66   90   77   95   77   90   93   95   98  101  102  110   86   98  105  106  111  114  115  118
  121  112  123  123  125  113  116  123  121  142  150  129  121  130  129  141  123  133  135  132
  124  153  175  176  149  168  185  185  204  227  143  155  174  179  189  192  115  113  100  132
  148  116  131  109  148  138  141  130  125  150  129   48  176  136  115  141  143  158  175  201
  217   40   20   50   58  113   80   22  113  117  104   54   67   98   43   73   62   74   61   58
   20   39  -68   14   51   46   38   66  121   81  107  121   84   91   64  -25   21   40   69   25
 -120 -126 -151 -174 -115  -79 -106  -98  -85  -76  -72  -72  -56  -34  -59  -48  -42  -16    0   -2
    9   10  -43  -73  -41  -62  -22   -2   -2  -10   -1    3   41   42   63   56   67   66   29   38
   43   61   59   76   60   71   75   78   82   89   93   90   71   86   91   93  103  102  109  114
  104  103  118  114  120  106  116  119  131  149  166  133  123  137  140  154  121  131  134  129
  111  164  186  182  161  179  198  192  202  228  144  160  187  191  200  214  109  116  103  156
  147  113  129  105  145  131  133  128  116  146  125   48  178  149  121  153  161  159  185  197
  212   35   29   65   80  100   77   25  102  107   96   35   42   82   20   58   47   62   51   45
   25   36  -68   23   26   15    3   46   91   66  104  118   79   78   29  -96  -33  -51   49  -44
  -84  -85 -124 -131  -86  -42  -70  -60  -44  -38  -31  -30  -21   -7  -21  -17  -15    9   27   25
   15   37  -13  -54  -34  -48    1   28   23    1    3   -6   81   73   96   89  100   84   48   60
   69   87   82   91   74   86   90   94   91  102  102  100   77   94   99   93  100  105  104  113
  103  113  109  112  111   93  107  110  110  127  130  121  116  113  110  120  108  107  103  103
   98  141  161  159  128  150  169  165  167  177  112  120  148  139  152  147   84   68   64   87
  113  101  113   85  125  113  112  103  112  120   99    9  139  125  102  137  145  122  166  145
  210   15   17   37   62   88   51   -7   91   98   97   32   43   71   12   32   25   32   28   18
  -13    6  -91   -6    8   -4   -9   24   82   37   58   71   35   44   26  -83  -28  -39   27  -52
 -106  -96 -134 -156  -89  -38  -55  -60  -48  -44  -33  -38  -28  -18  -35  -24  -20   -4   12    9
   12   24  -24  -73  -36  -60  -15   16   10    7   10   12   59   52   76   69   78   72   36   47
   49   71   66   81   64   75   79   84   83   91   88   90   75   90   96   95  101   96  109  104
   94   97  102  104   95  107  113  121  127  146  163  119  113  126  123  139  105  111  118  110
   99  159  188  172  150  175  180  186  193  221  128  149  172  172  188  184   92   96   87  126
  135  102  126   75  140  133  131  121  112  141  118   27  139  147  116  142  147  144  171  187
  221   32   19   48   66   86   70   19   91  104   88   34   48   77   28   32   42   62   54   45
   10   31  -88   -8   37   31   24   53  117   65   68   89   63   79   58  -22   21   10   28    5
 -129 -120 -154 -163 -123  -96 -101  -85  -72  -56  -74  -48  -47  -19  -43  -24  -21   -5   17   10
    0   23  -25  -44   -1  -26   -7   23   25   23   35   46   61   59   87   75   96   94   42   50
   65   93   85   95   77   87  101  101  108  110  117  121   89  108  118  112  122  121  126  134
  128  128  140  140  140  120  127  137  143  150  178  143  139  160  159  179  137  156  168  159
  136  171  189  187  177  191  203  203  213  237  172  187  204  209  221  225  138  142  133  160
  172  140  161  118  179  172  177  171  156  188  168   60  173  153  129  148  158  157  178  200
  217   43   36   53   62  127  118   56  138  130  123   72   82  117   72   91   96  106   95   89
   44   73  -62    7   82   66   70   93  155  107  127  139   96  114   92   20   62   64   84   55
  -78  -60  -96 -102  -71  -16  -31  -40  -24  -18  -10  -24    6   25   12    8    9   37   55   44
   43   60   14  -14   13  -10   28   58   50   36   34   34  101   97  113  107  124  122   74   81
  102  124  113  114   94  105  121  112  117  130  122  131   99  118  121  116  127  122  125  127
  129  136  135  128  128  125  128  131  128  149  148  137  137  140  142  147  125  136  143  132
  125  157  171  176  150  169  172  183  197  226  141  147  171  170  190  184  112  103   94  130
  149  125  136   97  145  134  135  131  119  147  123   40  177  150  124  148  152  156  176  198
  222   42   29   49   55  109   87   37  117  134  131   78   78  114   66   68   71   84   79   70
   29   55  -57    3   61   39   38   61  119   76   85  107   69   75   58  -30   15   -2   36   -2
  -70  -66  -80  -94  -69  -22  -51  -17  -10   -3  -13   -8    5   27    1    6   -3   28   48   36
   18   51   19  -23    4  -14   26   48   44   29   22   28   88   90  102   84  109  107   60   70
   84  108   96   95   93  100  113   54   58  123  107  114   91  116  114  112  117  111  117  117
  120  120  125  116  120  116  126  130  132  147  159  131  125  139  135  154  120  132  140  128
  121  159  184  184  163  183  186  198  215  240  145  158  189  183  214  204  119  113  111  144
  152  135  149  101  165  158  156  150  133  164  140   58  195  162  141  162  167  167  182  208
  228   49   42   60   74   90   86   50  120  126  116   64   70  104   54   56   57   81   71   63
   37   56  -56   19   54   34   37   72  115   81  101  123   89   88   66  -41    8   27   54   17
  -74  -52  -67  -84  -38   -7  -46  -34  -23   -7    4   -3   11   28   18    8   11   39   55   46
   38   60   18  -25   -1  -18   27   50   41   20   23   31   94   92  105   89  106  111   72   73
   90  113  101  106   84   96  112  106  113  122  112  122   94  112  119  117  123  117  120  118
  123  120  134  121  128  117  127  128  118  137  143  131  131  135  141  144  131  139  131  133
  123  141  159  163  153  161  173  178  182  205  148  157  174  176  190  191  115  111  107  133
  143  126  146   96  159  145  151  144  131  158  134   53  167  148  122  149  161  150  176  187
  229   41   26   54   70   95   95   42  124  126  118   64   62  102   52   61   65   81   69   59
   29   53  -70   -1   55   47   41   83  140   94  109  129  101  102   80   -1   51   34  104   29
  -62  -54  -91  -95  -44   -8  -45  -29  -16  -14  -17  -13    8   19    6    8    1   28   42   36
   36   56    3  -31  -10  -27   11   42   30    7    7   19   90   85   98   75   92   95   62   70
   81   93   86   87   79   88   96   96  101  105  100  109   89  104  108  109  113  110  112  109
  115  110  121  111  112  109  117  127  121  139  151  123  124  123  127  137  117  122  113  117
  108  155  173  179  151  176  184  193  204  232  134  147  176  171  203  190   97   92   83  125
  128  118  125   81  137  119  124  118  111  139  115   27  157  140  103  132  146  137  165  179
  229   35   12   45   59   76   63   17  109  117  105   46   57   95   30   41   40   59   53   46
   11   27  -82  -11   39   36   32   58  127   75   78  104   77   83   72  -74    1  -20   47  -28
