  171  160  174  136  175  193  187  183  174  169  191  174  198  207  190  176  186  213  222  212
  189  206  198  177  197  158  206  242  233  216  224  212  252  258  262  263  257  260  227  211
  241  266  249  258  244  233  246  256  257  261  261  251  239  237  251  225  238  255  244  251
  258  254  257  257  259  236  248  240  257  253  253  258  257  255  261  262  263  262  261  265
  249  260  269  259  266  268  266  274  272  274  259  263  265  269  281  269  218  221  189  206
  252  253  268  241  262  251  253  242  243  255  244  128  209  205  171  194  202  197  212  223
  254  155  107  152  155  270  229  159  252  254  267  209  224  249  242  222  216  213  211  237
  151  179   48  106  217  199  212  249  312  251  219  237  231  255  285  201  199  239  204  220
  171  165  178  136  180  206  187  183  198  193  212  196  214  226  211  176  190  226  239  218
  198  215  198  175  189  154  211  232  216  201  207  212  259  253  267  263  257  267  223  213
  245  259  242  258  247  250  257  269  257  276  261  274  246  255  251  240  251  270  244  262
  272  254  257  275  272  236  251  246  253  254  253  258  254  255  261  268  265  266  263  271
  258  268  269  273  276  268  284  274  284  288  275  278  281  285  281  288  234  237  205  218
  252  269  263  256  268  264  258  242  244  256  242  136  222  211  175  205  215  195  212  230
  254  132  107  148  153  254  212  148  241  254  267  209  221  249  228  219  207  210  211  223
  151  180   48  107  211  209  221  243  294  241  237  237  231  255  258  201  199  239  192  197
  171  167  176  136  196  213  200  200  206  195  211  191  207  214  200  173  185  214  213  213
  196  194  197  169  190  162  197  219  212  201  210  212  239  246  262  262  257  263  211  217
  238  260  248  258  248  257  261  278  281  267  275  266  248  257  258  246  258  263  250  260
  263  262  264  266  270  248  260  250  255  265  266  272  264  255  276  280  268  271  275  276
  257  265  276  276  278  276  276  279  285  284  274  276  279  275  281  281  231  229  206  215
  263  249  260  234  265  264  256  242  247  260  242  137  213  213  179  204  216  200  223  226
  254  132  107  152  156  248  219  151  243  267  275  209  210  249  230  217  198  219  220  216
  151  185   58   89  204  200  214  242  325  249  238  246  240  266  266  201  210  252  212  226
  176  149  151  136  170  189  174  180  181  165  186  165  193  204  188  144  177  200  206  203
  184  182  188  167  186  157  190  202  196  181  189  207  221  230  236  233  239  244  204  201
  225  236  225  240  223  221  236  243  245  252  255  240  216  224  234  219  231  238  234  242
  247  248  244  251  249  226  239  241  241  260  258  248  247  255  257  266  250  254  263  251
  238  266  268  275  272  271  274  283  297  291  258  275  271  277  289  283  223  223  195  214
  254  234  250  221  255  255  251  245  241  252  230  135  219  208  180  197  205  196  211  225
  255  134  123  149  160  246  213  148  243  255  263  199  209  239  202  204  191  214  214  210
  149  166   57  115  200  195  206  226  316  240  238  226  234  259  261  181  178  220  182  188
  164  154  157  136  174  200  184  172  182  180  202  188  201  215  205  187  196  221  230  222
  199  214  202  173  187  159  210  226  214  199  208  216  249  249  277  285  282  289  236  217
  248  281  247  280  247  246  262  263  262  285  264  253  238  248  245  240  246  245  239  247
  251  246  253  243  252  241  250  247  246  257  258  258  258  261  262  266  260  265  267  264
  251  254  266  262  264  264  270  274  283  286  263  274  269  279  289  287  221  215  184  204
  257  229  241  229  238  240  235  242  237  246  229  118  201  200  169  189  202  188  203  218
  250  118  119  140  143  272  210  137  238  253  273  230  237  265  216  218  205  212  220  212
  144  157   44  104  205  200  223  244  332  260  245  229  236  266  282  225  229  268  217  235
  170  156  169  136  179  200  183  183  187  174  192  174  206  204  190  163  182  208  210  203
  184  186  190  168  183  148  195  200  192  188  198  206  221  227  228  234  228  229  211  201
  221  231  225  232  227  231  234  246  242  234  237  244  231  249  254  239  257  264  259  272
  270  249  275  259  271  253  269  258  264  274  269  280  282  275  279  275  283  282  279  274
  266  270  274  276  276  270  275  277  284  285  269  271  271  273  285  285  243  230  216  217
  263  253  260  245  273  256  255  243  243  263  239  145  227  213  182  200  202  198  205  227
  249  132  127  164  171  226  191  143  223  247  249  192  195  222  197  192  172  204  206  203
  149  159   57  124  197  184  206  228  296  236  245  235  232  255  247  176  178  222  185  185
  168  153  171  133  174  199  188  178  174  172  208  184  208  213  203  179  184  216  229  209
  192  184  205  178  193  152  208  213  201  191  206  214  230  222  230  229  230  236  203  202
  220  227  223  238  222  227  232  238  243  236  249  241  221  237  244  222  238  246  240  250
  254  252  255  254  257  233  248  239  239  247  251  258  256  256  262  264  259  265  259  258
  247  260  268  264  264  267  270  268  276  278  254  255  256  256  273  263  216  209  187  196
  246  241  253  225  246  250  244  241  234  241  229  124  206  197  172  192  202  184  206  212
  247  115  103  145  157  246  190  129  233  256  267  195  207  236  209  202  179  201  219  214
  154  161   39   99  207  196  216  231  329  263  237  228  235  261  270  219  220  263  225  235
  164  160  171  137  179  205  192  188  194  183  206  189  206  209  206  195  191  216  230  218
  202  199  205  186  211  162  209  226  217  207  217  220  251  242  264  263  268  264  220  219
  240  266  246  267  240  238  256  264  269  263  273  266  238  251  266  239  250  265  252  264
  274  263  265  262  263  246  260  248  251  254  259  269  267  263  266  272  266  271  264  261
  254  261  272  266  272  268  270  271  278  275  268  274  272  276  282  286  226  224  196  211
  258  241  246  230  251  240  241  232  230  239  231  138  225  212  189  208  220  200  219  230
  261  152  120  175  168  252  206  145  228  251  264  219  225  249  215  212  182  203  209  212
  153  162   47  116  208  196  199  228  294  245  241  241  232  251  252  169  166  209  193  181
  176  152  169  140  180  203  187  183  184  172  197  171  194  205  195  169  179  215  226  218
  193  192  187  167  182  151  199  216  199  188  200  208  235  236  245  250  248  253  210  212
  233  253  241  254  241  240  246  257  254  256  258  249  238  246  251  232  243  253  245  251
  257  252  259  255  259  239  251  238  239  244  248  256  258  252  261  260  261  264  261  259
  251  260  264  271  265  264  270  280  290  293  259  269  265  271  284  277  222  216  188  213
  254  239  247  228  245  250  241  249  237  239  234  125  208  210  185  206  209  200  214  236
  254  115  107  151  142  252  201  135  243  258  263  209  211  244  206  207  189  202  206  214
  149  161   41   96  200  186  198  226  308  238  236  234  230  254  248  204  199  241  207  209
  171  145  170  138  173  195  175  164  172  166  188  175  186  200  193  174  181  204  220  213
  186  185  183  170  195  160  202  222  213  208  219  222  251  247  269  261  271  270  216  212
  238  266  245  275  246  240  260  256  256  281  267  255  236  248  257  233  248  261  253  262
  262  254  266  258  262  243  259  247  249  255  258  266  265  261  267  271  269  275  268  273
  257  261  270  267  275  272  276  276  284  279  278  282  279  290  288  301  230  227  194  218
  262  242  246  232  247  248  244  245  238  245  239  125  202  212  188  209  216  201  215  234
  266  126  113  147  158  271  223  143  243  257  271  228  238  272  226  225  213  213  225  221
  155  166   52  111  215  200  205  231  307  240  237  244  232  252  246  185  189  223  201  198
  154  153  169  121  175  209  190  196  206  197  206  195  216  232  214  192  194  226  244  224
  199  195  222  195  217  172  232  240  217  209  219  223  251  250  259  265  264  262  227  213
  244  263  238  253  240  246  248  259  260  258  264  264  244  257  267  241  254  273  265  276
  282  277  282  277  280  252  273  261  264  278  275  281  281  271  277  278  281  282  268  271
  266  279  284  280  277  279  283  279  284  280  271  276  275  277  280  285  246  238  211  215
  261  268  278  248  287  274  264  244  241  258  239  147  224  212  181  206  217  201  217  234
  260  139  113  172  160  245  206  144  236  260  274  200  228  251  216  216  193  215  216  212
  165  173   69  123  214  204  204  232  311  260  241  245  238  255  243  187  186  238  204  228
  185  156  171  131  176  203  186  182  187  183  203  183  203  209  208  180  190  213  219  205
  191  190  197  175  189  150  204  214  206  199  205  202  239  236  250  249  255  254  209  208
  227  251  231  254  234  240  245  254  252  250  255  248  235  245  253  230  239  250  245  255
  256  254  253  260  253  232  244  239  241  245  242  253  252  249  253  256  250  247  249  245
  241  258  264  266  262  266  269  274  283  278  252  265  263  269  279  269  215  214  181  199
  248  242  257  224  255  257  247  252  243  243  237  125  206  197  165  187  203  189  208  223
  251  121  100  150  143  260  217  134  247  256  268  199  218  251  211  211  203  205  213  209
  152  162   47  104  209  201  201  231  320  257  226  236  230  250  255  221  210  248  206  243
  163  147  163  131  177  198  181  179  182  189  207  190  205  225  219  173  198  228  239  221
  193  192  209  190  207  170  226  245  230  200  208  215  263  256  264  259  263  259  223  206
  245  264  242  253  239  233  247  250  252  259  263  249  226  238  243  226  237  247  245  255
  260  258  262  259  258  233  250  246  244  254  252  259  255  250  256  261  263  263  254  258
  250  263  271  267  273  274  277  277  280  273  263  285  274  284  283  297  222  213  187  201
  254  246  253  229  252  254  248  245  237  246  231  121  213  203  168  197  212  191  218  228
  259  111  109  145  141  251  204  131  239  252  267  208  216  246  207  202  188  200  216  219
  144  155   44   94  204  193  195  219  314  251  230  241  228  248  237  209  206  247  216  233
  152  145  167  131  166  189  175  167  168  173  191  176  199  207  193  177  186  212  222  213
  191  186  205  183  201  156  209  216  220  198  206  202  244  245  259  260  260  263  215  207
  234  255  237  260  236  233  250  251  257  263  258  250  233  241  248  226  237  245  234  245
  245  244  242  242  238  231  242  233  237  246  249  250  249  247  254  257  249  254  256  253
  236  258  263  263  263  260  268  269  281  278  254  268  266  270  277  279  207  207  177  205
  250  225  239  208  232  240  229  236  229  229  224  117  201  207  184  203  216  196  215  227
  251  123  105  150  163  242  196  127  231  243  257  207  215  245  200  193  178  193  196  201
  140  150   42  100  188  187  191  227  312  253  228  233  227  253  242  211  201  239  200  229
  170  162  183  140  187  212  203  198  199  193  208  194  217  216  213  197  200  229  224  217
  201  201  205  189  208  160  209  226  216  211  213  211  244  243  256  259  261  265  225  215
  241  261  243  262  245  240  253  255  260  270  268  253  229  236  242  222  231  242  234  244
  247  249  243  247  239  222  237  224  231  237  245  243  241  242  246  258  243  250  250  247
  238  248  266  257  266  266  265  266  271  272  254  264  264  262  270  270  213  208  174  198
  247  229  235  214  231  232  223  226  223  225  221  112  192  200  175  198  212  192  213  224
  253  118  110  144  152  250  200  134  236  253  273  209  217  258  218  208  187  199  208  213
  156  158   44  106  200  195  198  229  318  243  234  236  231  264  250  211  207  245  212  240
  181  153  172  136  184  204  190  196  196  187  202  187  202  208  203  167  179  207  216  207
  183  180  196  172  195  155  215  219  206  199  215  214  238  238  261  255  260  261  213  211
  231  257  244  266  245  244  256  257  260  271  263  255  238  248  249  236  244  248  238  252
  252  257  252  258  254  236  246  238  237  246  242  250  247  244  253  254  251  258  253  252
  244  248  256  256  257  253  262  266  276  279  249  254  255  262  273  263  219  210  188  196
  242  246  260  228  256  263  251  250  243  248  239  124  192  188  163  184  201  183  205  218
  249  109   92  128  150  268  226  138  250  264  271  214  218  259  216  214  203  212  210  216
  162  172   52  105  207  197  202  242  321  264  257  259  244  266  251  207  205  249  218  243
  176  146  170  133  179  197  181  166  171  166  190  171  194  200  189  172  173  206  208  212
  194  194  180  166  190  150  192  212  210  203  214  215  236  241  259  260  263  270  216  212
  233  269  246  275  251  252  267  274  282  277  277  271  245  260  268  243  250  265  252  263
  265  264  265  265  261  243  257  249  254  265  265  266  265  264  274  283  268  280  275  273
  254  269  280  272  283  277  280  275  283  277  275  283  279  284  282  284  228  225  191  217
  264  242  249  231  248  247  240  247  239  242  237  130  217  214  181  201  207  201  212  232
  252  118  105  137  146  249  200  130  233  248  274  217  219  255  216  210  189  190  204  213
  141  153   40   98  194  191  197  229  314  247  236  239  232  245  249  203  202  248  204  240
  179  154  167  134  186  203  195  192  193  185  199  183  203  203  189  177  178  205  221  210
  190  192  195  187  213  168  212  230  231  214  224  221  255  246  267  271  269  271  225  208
  247  276  248  271  250  245  267  269  272  281  275  268  236  249  259  226  237  256  243  261
  267  269  261  268  253  228  246  230  235  236  242  251  254  243  249  251  254  256  251  298
  237  246  256  254  261  255  265  269  276  274  252  257  259  268  274  268  212  207  182  197
  240  242  253  220  244  248  237  238  229  235  223  115  197  197  170  195  201  193  207  223
  249  108   96  133  155  265  208  135  238  265  286  218  222  261  222  218  200  208  219  222
  159  166   44   96  207  205  207  241  317  240  239  239  231  261  260  213  208  247  211  237
  164  148  167  131  176  192  177  171  172  158  176  159  192  197  179  161  166  204  217  203
  177  192  185  172  197  157  204  215  204  192  204  203  233  233  253  252  256  260  214  202
  232  253  232  257  234  229  246  250  256  268  260  247  225  237  241  225  232  238  233  246
  246  249  248  247  246  224  237  224  233  236  243  245  243  243  250  257  246  254  257  252
  236  245  260  252  263  261  264  268  280  279  257  271  266  275  281  274  213  213  186  204
  252  234  243  218  242  248  241  237  226  237  223  122  207  215  183  199  212  196  214  231
  258  124  107  149  156  261  210  134  241  255  263  211  213  257  209  207  194  200  199  208
  149  160   45  105  190  185  191  221  304  234  228  229  212  241  248  205  198  226  195  222
  197  175  199  161  200  219  204  190  200  197  217  199  218  226  219  195  193  220  224  209
  188  183  207  185  200  162  217  220  209  191  199  206  228  234  245  245  248  246  203  201
  218  246  224  243  225  227  239  237  239  243  234  231  221  233  234  221  229  234  231  236
  233  230  238  238  234  224  237  236  239  258  257  247  244  253  255  266  244  254  254  249
  235  263  275  268  272  273  276  275  282  284  255  268  271  274  281  275  214  208  182  196
  240  227  237  216  242  236  239  235  226  238  222  122  209  201  183  205  213  190  217  221
  255  125  111  144  159  232  194  121  220  235  242  192  203  226  202  195  177  183  196  202
  141  148   39  104  184  179  189  217  298  239  233  236  219  247  234  202  195  234  200  228
  199  158  180  149  196  205  198  191  194  181  202  188  196  207  201  181  192  223  222  220
  197  199  186  183  191  158  204  228  215  198  204  204  238  242  249  244  244  240  223  197
  238  243  227  240  228  233  236  245  246  239  236  235  236  250  250  249  261  260  261  269
  250  240  254  246  250  256  273  261  264  276  272  281  273  271  275  275  260  271  267  266
  252  274  274  275  271  269  276  277  285  280  267  273  267  276  284  280  233  224  195  213
  254  243  237  234  245  246  245  246  236  242  235  136  219  213  183  199  210  195  212  230
  252  124  111  152  145  232  194  135  225  234  243  193  206  223  205  199  175  197  198  206
  138  159   46  101  189  180  187  221  305  250  250  256  236  247  271  198  198  243  212  234
  155  135  151  109  162  185  169  177  181  180  184  180  199  209  193  183  183  211  231  218
  191  208  203  182  206  170  217  248  230  213  220  227  255  263  275  272  277  273  231  199
  253  273  241  262  232  232  252  256  261  269  264  259  228  245  257  232  243  256  251  264
  270  264  271  267  268  237  253  250  254  264  269  263  262  266  274  281  269  277  275  271
  256  268  274  267  279  273  277  272  281  281  272  282  280  282  280  289  235  227  201  214
  261  247  256  237  255  261  256  251  244  256  243  135  219  214  182  203  215  197  216  229
  263  129  112  160  163  261  212  141  248  261  268  224  230  258  228  221  204  203  215  222
  143  161   54  107  197  198  204  232  302  240  232  232  244  253  244  230  192  239  199  235
  195  163  184  149  195  215  195  197  193  188  203  193  226  217  200  179  187  213  215  210
  194  187  200  189  204  163  205  214  209  207  218  222  222  226  233  238  241  243  205  196
  228  241  235  249  231  235  245  245  249  253  251  234  231  238  244  228  232  247  240  250
  251  247  248  254  243  228  244  236  238  247  253  257  252  259  263  266  251  262  266  260
  240  255  268  261  271  266  272  273  282  283  264  272  271  274  276  278  221  221  193  215
  254  233  246  220  242  248  242  239  231  240  228  128  209  217  183  202  211  199  211  236
  256  112  105  142  144  257  206  126  237  252  257  203  209  246  212  215  199  193  212  217
  144  149   36   97  186  189  192  215  298  233  249  252  224  243  234  205  198  240  203  232
  168  148  165  139  174  192  166  169  161  157  176  161  191  196  184  155  169  202  214  205
  179  198  190  172  191  151  200  213  212  198  206  203  234  239  258  245  258  256  212  205
  225  247  237  252  233  231  248  245  250  257  266  251  223  235  241  222  234  241  238  250
  258  258  258  258  252  225  244  235  245  246  253  255  252  255  258  258  253  259  255  252
  239  255  264  260  266  261  271  270  278  279  255  266  268  272  280  269  217  214  186  204
  248  239  246  226  241  244  240  237  229  238  228  119  196  201  177  200  209  192  210  223
  252  126  109  154  157  244  207  135  232  245  261  214  221  248  207  209  189  206  190  208
  164  165   58  114  198  194  195  221  309  241  243  235  228  247  242  216  219  257  212  245
  190  157  182  147  191  210  199  204  203  195  211  192  204  221  212  184  193  223  229  225
  198  202  201  183  201  168  214  227  220  214  218  217  240  249  262  263  267  265  221  204
  240  267  248  264  243  241  221  249  252  268  241  248  232  241  242  230  236  248  243  255
  256  252  258  251  254  232  248  242  250  259  262  263  255  261  266  272  259  267  269  264
  249  260  267  262  275  268  273  270  281  278  262  276  273  278  281  283  233  227  201  215
  261  234  236  228  242  241  246  242  236  245  229  131  219  213  182  200  211  197  213  229
  260  139  117  172  170  248  198  134  226  236  245  219  226  253  219  220  189  204  215  218
  155  159   57  116  193  192  195  220  293  231  239  242  225  247  235  197  202  239  209  224
  158  131  151  114  166  186  179  177  186  174  192  174  183  185  187  167  182  201  204  200
  190  184  186  156  181  145  200  217  206  188  197  198  224  229  250  244  254  252  203  191
  218  246  225  249  225  231  240  242  251  254  253  245  229  239  244  228  235  244  237  248
  250  249  253  249  248  230  239  236  234  248  240  246  247  245  250  252  251  253  252  249
  237  254  261  256  261  261  267  266  275  277  252  264  264  270  274  275  214  212  186  204
  247  234  245  214  238  245  237  237  232  237  228  123  206  197  168  187  198  186  205  221
  251  119   95  142  145  241  206  133  226  240  249  209  213  244  200  206  166  197  204  205
  147  137   50  104  190  192  194  221  309  228  224  228  225  249  254  216  204  249  195  229
  184  145  165  137  182  190  175  174  183  176  193  181  189  201  196  162  188  217  217  221
  194  196  187  170  197  156  206  216  207  193  199  204  229  242  248  252  260  262  222  194
  239  264  241  261  235  235  254  254  260  262  262  254  229  238  245  232  236  246  234  245
  251  257  249  254  242  235  239  241  242  252  260  247  245  252  252  266  246  253  254  250
  232  266  272  271  272  272  281  283  296  298  253  269  275  282  295  282  213  214  190  213
  247  235  247  215  240  250  247  247  239  245  237  125  216  223  193  207  206  206  217  242
  264  114  100  132  131  253  211  127  236  244  266  212  209  246  205  207  193  189  203  203
  147  151   44   93  181  187  196  224  312  245  246  242  236  259  254  228  237  281  223  245
  180  157  172  142  195  216  209  215  221  218  222  215  215  224  216  203  199  228  231  223
  196  204  203  185  203  164  221  234  220  209  215  218  247  258  273  268  277  270  230  219
  257  271  259  268  264  259  271  270  267  270  261  255  255  259  259  244  248  254  248  255
  254  253  250  253  246  242  246  247  247  256  255  254  252  256  262  267  254  265  261  256
  245  264  274  268  271  272  277  276  284  281  258  270  270  273  284  274  220  220  189  209
  252  243  252  222  248  256  249  247  238  245  236  132  211  202  169  192  212  191  213  227
  246  121  106  138  150  254  210  142  234  248  260  225  225  246  214  212  190  202  218  218
  155  161   46  103  198  204  208  234  316  246  253  259  241  258  257  218  214  250  214  218
  177  162  187  144  185  209  187  193  193  190  206  192  207  217  208  184  189  217  218  212
  190  191  201  177  180  153  201  211  204  193  200  206  225  231  254  250  262  263  214  202
  238  258  245  262  246  249  260  266  271  272  267  268  244  259  265  245  256  263  251  264
  265  265  265  264  256  247  256  249  245  257  256  267  264  259  264  270  258  264  258  262
  245  253  263  256  271  263  269  268  277  276  261  276  267  272  280  276  221  218  194  208
  254  250  252  231  244  259  245  247  239  245  239  127  220  211  178  198  211  192  217  227
  258  122  109  151  165  259  217  142  244  258  270  218  218  253  213  220  205  210  211  216
  161  167   50  111  195  196  196  227  302  243  246  245  234  253  252  206  195  239  199  207
  188  167  186  148  193  221  203  204  204  204  211  206  219  232  211  195  202  229  241  222
  190  201  221  201  216  171  231  226  224  211  218  222  242  253  264  258  267  259  227  199
  239  261  236  250  240  240  249  249  247  251  245  246  238  244  248  245  255  253  255  259
  252  246  258  249  253  253  269  263  256  286  272  277  265  274  277  281  263  278  274  279
  259  284  283  278  283  277  278  273  282  283  275  281  269  276  285  281  230  228  200  217
  267  237  248  231  255  258  252  242  241  256  237  135  217  208  175  200  210  196  216  239
  253  131  106  151  153  238  196  131  226  239  246  216  217  243  219  219  188  196  220  223
  154  154   48  104  193  192  195  224  288  232  242  248  237  251  247  192  193  236  196  202
  164  140  161  123  170  199  178  178  179  172  198  178  212  214  203  171  192  230  243  224
  190  205  196  191  212  174  223  239  234  219  225  216  254  249  255  254  257  256  227  202
  248  260  236  253  236  236  250  251  257  259  259  253  232  250  255  239  247  263  253  266
  266  260  266  261  258  240  253  245  248  248  252  268  263  259  265  266  265  267  257  259
  250  247  265  257  275  265  271  271  280  278  262  276  269  277  282  277  231  230  196  209
  255  249  252  232  253  256  247  241  236  249  228  134  213  204  177  202  210  194  217  225
  256  133  125  162  156  264  208  140  242  258  255  224  215  255  211  217  196  210  217  224
  164  163   64  121  203  208  205  231  321  250  233  237  237  261  264  221  217  259  212  227
  186  167  191  151  199  224  212  208  211  201  220  205  228  229  222  192  188  224  233  217
  193  206  207  189  190  161  213  223  213  202  208  202  238  241  251  245  254  253  218  206
  231  251  233  251  233  238  247  251  255  252  255  245  234  245  246  230  233  246  233  242
  242  242  237  237  231  224  237  231  227  237  238  243  241  242  244  254  236  242  243  240
  228  244  265  256  264  266  271  271  282  282  254  267  263  274  281  271  209  208  180  203
  241  223  235  208  227  236  225  227  221  229  217  112  199  203  174  196  207  195  214  230
  262  117  105  143  164  247  206  127  235  258  251  211  213  244  217  208  192  206  213  214
  149  155   40  105  191  187  196  225  320  233  223  224  224  247  257  218  217  258  208  222
  144  123  145  110  155  169  150  145  149  146  167  155  177  204  191  142  187  228  240  229
  200  226  193  187  204  170  222  240  226  207  215  209  254  260  259  268  267  260  243  209
  252  276  238  249  232  231  246  242  246  248  245  239  221  231  236  223  229  242  241  250
  247  242  252  242  248  227  247  245  249  265  269  263  259  267  267  279  258  268  268  268
  249  262  279  274  281  276  285  281  290  290  267  279  278  285  289  282  229  226  191  216
  258  235  241  225  238  242  239  239  236  243  230  130  223  222  203  212  215  205  218  242
  272  127  125  153  174  227  194  134  222  233  242  215  215  232  207  199  170  200  204  210
  149  155   41  102  183  184  192  222  302  231  230  232  226  239  242  184  203  240  200  203
  177  153  165  134  181  204  191  186  192  185  203  192  200  216  210  184  194  220  226  218
  194  200  199  180  190  159  209  231  223  202  207  207  251  245  251  250  250  249  225  194
  237  255  226  248  228  237  241  254  255  252  252  250  228  246  252  239  250  258  254  262
  260  254  265  258  260  247  263  258  257  271  266  272  267  271  276  279  266  277  273  277
  260  265  274  272  281  273  280  275  283  282  274  281  277  279  283  278  239  220  207  213
  266  253  251  237  245  252  255  245  241  256  235  144  221  209  179  197  206  196  212  228
  262  139  140  163  156  235  193  141  232  246  249  239  213  230  208  203  178  198  206  210
  130  157   48  118  186  187  190  216  298  233  245  241  251  245  240  188  204  238  214  209
  176  153  175  141  184  205  192  189  198  193  202  193  200  203  200  172  184  217  212  212
  195  186  202  194  209  170  214  225  227  214  219  220  242  238  259  258  269  266  207  194
  242  269  232  259  231  233  246  244  247  262  252  242  223  236  240  229  237  249  242  254
  254  250  256  252  252  232  248  238  243  247  257  260  254  260  265  271  252  262  255  261
  247  248  269  259  280  274  277  273  285  284  268  283  274  288  289  280  224  214  185  207
  257  237  242  225  233  237  231  228  222  230  219  124  202  200  175  195  206  194  216  229
  262  123  109  139  157  243  193  131  222  240  244  217  224  248  211  212  182  194  211  215
  146  150   47  105  187  195  199  223  303  232  237  237  230  248  247  179  198  234  207  203
  200  170  197  163  207  215  207  201  206  184  213  190  212  220  215  164  196  222  228  220
  204  204  213  202  205  177  219  241  230  228  218  220  253  250  264  269  267  264  219  204
  241  270  238  262  240  246  257  257  262  267  261  256  236  246  250  241  245  252  247  256
  257  256  258  254  252  243  256  254  255  260  262  267  257  267  267  273  256  262  261  262
  249  254  270  267  276  270  278  274  283  282  264  273  272  276  285  279  229  218  197  216
  256  237  247  224  249  245  250  241  237  248  234  139  239  225  202  217  218  205  224  234
  267  140  128  171  173  248  205  141  229  245  255  217  223  248  205  202  185  188  204  212
  144  151   49  111  184  197  199  218  301  227  230  233  225  247  241  187  193  229  201  200
  188  155  170  139  194  208  199  211  208  198  205  195  205  202  199  182  188  214  220  210
  194  200  193  179  194  156  209  212  213  198  206  210  233  238  240  242  243  243  213  196
  226  250  228  235  229  230  235  238  235  235  229  227  224  229  231  226  229  238  233  242
  242  237  246  239  242  225  239  234  240  247  259  251  248  257  260  265  246  254  250  251
  237  251  269  262  268  272  277  271  283  287  256  273  267  279  282  284  221  218  202  220
  252  232  243  215  246  236  240  236  235  241  231  142  228  213  189  207  214  206  220  238
  267  155  129  176  174  219  193  141  219  234  238  192  204  223  200  204  178  198  203  208
  149  156   63  125  179  184  187  217  290  214  216  227  219  235  235  170  179  213  186  180
  198  162  184  152  203  222  204  210  208  196  215  197  219  222  217  180  192  231  226  230
  202  205  206  195  196  167  228  231  225  217  216  214  249  253  259  263  269  269  224  205
  251  274  242  261  236  237  254  255  260  271  269  258  229  246  254  241  251  259  246  263
  262  295  263  257  260  247  259  249  252  272  268  271  264  273  277  285  260  274  270  273
  249  270  283  280  290  282  289  278  289  290  274  283  286  285  286  290  236  223  207  222
  256  242  260  233  261  257  259  252  249  259  247  144  229  225  196  211  215  206  217  238
  263  134  126  149  169  259  217  148  248  260  267  222  219  253  211  214  196  207  213  216
  161  161   54  115  192  189  197  227  311  233  230  236  235  255  247  197  204  245  215  210
  180  138  157  127  175  196  184  190  191  180  197  180  195  204  199  170  186  217  221  214
  195  201  199  179  196  161  208  224  217  202  208  210  248  246  255  254  257  257  217  199
  235  263  228  245  226  232  240  247  243  252  233  236  229  240  244  237  246  252  243  253
  247  239  253  239  246  241  251  244  246  260  263  264  254  258  262  268  254  262  265  264
  240  270  267  266  274  270  280  280  288  284  270  276  280  282  287  283  220  214  194  214
  253  224  239  217  246  237  242  232  229  244  227  130  222  218  188  208  217  203  219  232
  262  144  121  164  170  248  206  139  223  238  240  204  211  234  202  206  182  210  213  214
  157  165   57  117  191  196  200  223  300  212  219  227  221  242  241  192  197  247  204  211
  178  148  162  148  176  201  186  188  188  184  203  188  200  209  200  179  196  215  219  216
  189  198  194  178  189  155  213  217  213  200  206  205  248  247  247  252  253  255  224  203
  235  261  237  251  239  249  252  264  263  250  251  257  245  258  265  254  262  270  255  267
  266  257  262  256  259  255  263  246  253  258  260  271  268  267  274  277  260  274  269  270
  247  253  272  266  281  275  284  280  285  285  269  279  279  284  288  274  225  220  194  207
  252  239  249  229  247  248  249  246  240  244  235  131  203  197  171  192  209  189  214  223
  261  119  116  132  153  243  204  135  236  246  246  203  214  231  212  214  191  210  219  217
  159  163   47  102  200  200  207  237  325  260  247  261  250  265  254  216  229  267  235  236
  186  152  172  165  185  200  186  179  189  188  198  187  196  207  198  189  189  200  218  216
  201  216  187  167  187  151  198  208  210  202  215  209  241  245  250  247  253  258  226  204
  229  258  229  243  231  235  241  243  246  251  246  242  232  243  247  242  245  256  260  264
  260  248  265  250  262  249  262  259  256  276  272  276  264  270  274  281  263  272  266  269
  251  267  280  276  278  284  285  277  286  281  270  276  281  281  288  280  236  227  209  215
  259  242  258  231  260  256  257  256  251  258  243  143  222  213  187  203  215  201  221  230
  258  132  121  160  154  251  211  147  240  243  243  203  215  242  211  214  190  210  217  216
  167  170   66  115  196  205  207  236  315  237  227  237  242  263  253  210  218  251  212  222
  183  142  165  134  179  175  175  177  188  175  182  174  170  190  187  171  163  200  210  203
  188  188  176  166  187  145  191  216  195  199  207  147  235  230  251  253  256  254  190  195
  220  235  233  242  230  234  241  249  250  243  245  236  224  239  246  225  233  248  238  153
  250  244  250  244  250  228  243  236  243  248  254  245  253  255  258  264  248  258  254  255
  239  250  266  260  268  268  271  271  282  282  257  266  272  277  282  279  219  216  194  214
  247  234  235  221  247  242  243  235  231  240  228  135  225  221  194  211  223  207  223  235
  267  132  122  155  166  236  195  139  222  234  240  203  214  241  207  209  177  202  203  204
  160  161   49  110  189  199  201  232  285  220  222  227  228  252  270  200  197  241  201  213
  165  145  169  130  168  193  174  179  177  168  185  175  165  213  195  165  185  212  225  215
  189  192  203  185  207  169  213  230  227  211  223  212  254  243  263  257  265  261  213  195
  227  265  243  256  241  245  248  260  260  257  254  252  240  250  256  243  251  259  245  259
  265  259  264  261  263  252  251  243  243  263  257  260  258  258  262  267  266  270  261  267
  250  262  266  270  266  268  275  279  294  292  262  266  273  280  295  284  229  224  200  220
  256  246  243  230  254  250  256  253  247  256  245  131  224  214  185  202  213  208  214  240
  268  124  116  148  150  245  202  138  229  239  244  213  195  244  217  218  193  203  215  216
  151  157   42   99  195  193  197  218  304  233  230  239  229  248  234  192  195  242  205  209
  187  179  202  161  207  235  213  197  201  199  223  205  232  235  231  189  208  237  254  238
  207  216  222  207  219  181  230  245  236  216  223  221  268  262  264  267  271  264  242  214
  250  277  249  256  250  248  259  257  258  258  253  245  240  248  253  243  249  257  248  257
  259  252  257  254  258  247  256  253  253  266  265  260  261  262  265  267  260  262  258  261
  244  262  269  275  266  269  274  275  280  284  261  265  272  277  283  277  227  217  194  207
  251  241  242  226  253  243  241  237  230  242  225  136  217  207  182  200  220  196  215  225
  260  131  135  147  140  247  199  140  230  245  247  211  224  248  220  214  181  199  206  210
  157  161   50  108  188  197  199  232  298  233  239  248  239  261  248  209  217  250  214  214
  200  160  184  180  197  217  203  205  200  193  217  194  210  218  214  169  184  215  224  219
  194  198  200  198  206  165  208  218  216  215  211  227  243  237  246  253  256  260  221  205
  231  259  240  251  236  240  250  249  256  259  258  251  228  238  246  230  229  246  234  245
  258  256  251  249  251  230  232  239  236  261  260  247  245  259  258  269  255  265  261  269
  245  261  277  280  273  277  286  280  289  290  267  265  280  283  286  287  228  226  200  219
  257  235  251  227  256  254  247  255  249  253  241  135  226  210  184  199  216  207  223  233
  263  130  132  159  172  272  223  150  252  263  270  210  217  256  220  229  217  224  218  219
  149  169   66  129  200  204  205  230  300  242  233  246  240  264  241  190  211  255  228  228
  176  162  169  133  185  213  190  185  190  188  214  196  216  222  218  177  197  225  233  225
  204  206  206  182  191  168  221  227  222  205  215  218  254  247  260  255  261  260  226  208
  234  261  246  254  247  248  256  255  257  262  248  247  242  241  249  245  255  254  252  257
  255  249  254  248  255  261  266  266  258  279  269  275  263  269  263  280  262  268  267  271
  246  272  281  283  278  279  287  281  293  294  267  273  280  280  287  280  227  225  196  215
  258  235  248  224  255  258  248  256  251  249  241  132  216  203  182  199  211  196  212  227
  260   90  120  152  142  247  209  135  237  243  241  204  211  232  206  208  182  199  209  212
  139  155   48  112  190  191  199  225  296  228  225  232  235  255  240  202  215  245  206  217
  182  158  185  146  192  221  199  193  193  195  222  198  227  228  224  194  201  230  241  230
  210  220  210  194  206  167  211  226  223  214  221  220  246  246  269  263  270  268  237  223
  244  276  253  258  252  258  266  268  268  259  259  254  244  256  265  249  253  262  245  259
  264  258  257  253  255  251  253  249  243  255  252  256  252  252  258  262  253  257  251  256
  239  251  264  268  264  263  273  276  284  281  259  268  271  281  278  278  216  216  186  207
  248  231  239  218  242  243  234  238  231  236  227  124  203  209  180  200  210  206  217  234
  266  119  112  133  148  274  221  141  240  252  252  221  220  255  229  236  207  219  228  226
  150  169   48  106  204  205  207  235  302  225  233  245  236  261  245  211  219  256  221  229
  168  133  158  126  171  195  188  198  203  194  209  202  194  210  210  173  201  217  219  213
  195  190  195  185  208  169  208  222  214  213  225  225  236  236  269  251  266  264  214  194
  225  265  229  255  226  228  245  249  256  260  257  252  225  242  251  238  244  252  243  249
  262  261  254  257  255  244  245  242  243  266  265  252  249  260  262  270  254  264  271  265
  246  262  274  275  266  268  281  284  297  298  258  264  271  278  292  280  226  224  198  219
  257  241  244  228  249  244  243  247  241  244  234  138  222  212  188  206  222  204  226  238
  268  136  132  159  182  264  230  159  239  253  257  210  226  246  222  225  203  227  228  225
  157  175   70  126  212  207  216  248  322  241  228  242  248  278  264  214  219  263  215  232
  178  146  171  133  180  205  186  179  192  186  200  195  207  214  202  189  195  223  232  220
  201  217  197  198  219  180  205  222  248  215  240  232  254  254  271  260  266  262  237  208
  237  261  237  256  240  236  254  250  250  260  255  245  226  231  241  222  227  245  243  247
  250  247  248  251  245  235  249  253  257  272  275  267  257  273  275  282  252  269  272  274
  245  268  285  285  284  284  294  288  292  290  272  273  286  281  289  283  226  229  197  222
  260  238  249  220  252  244  244  239  238  247  231  139  218  224  195  210  223  216  223  239
  265  147  139  166  170  245  211  145  231  249  245  213  236  255  235  232  195  210  225  228
  152  169   66  129  214  213  214  240  303  240  240  253  248  268  252  200  185  234  208  215
  201  175  195  161  212  233  221  205  217  213  235  217  233  245  234  200  212  249  260  242
  221  236  230  214  213  184  239  243  245  248  224  215  267  263  265  266  266  266  248  214
  246  266  245  259  245  246  257  256  252  260  254  251  241  254  262  248  253  266  247  265
  273  262  267  260  267  251  248  248  242  263  262  260  258  261  267  275  267  270  270  270
  243  261  276  278  279  282  291  284  289  287  263  271  280  273  284  274  225  206  198  210
  249  236  238  222  252  241  249  247  229  247  231  139  216  202  190  175  217  196  214  219
  257  135  122  159  172  249  217  143  236  248  248  206  222  249  224  222  193  214  210  212
  152  168   64  122  190  197  201  227  307  226  244  247  233  254  243  204  224  255  219  219
  191  173  206  155  203  232  212  196  205  198  228  203  233  242  230  193  209  241  244  238
  210  230  213  216  221  189  226  228  244  232  239  233  257  258  273  266  278  275  259  212
  249  273  244  264  244  248  257  257  257  269  264  257  238  247  255  242  244  255  245  259
  269  260  264  255  261  245  245  253  240  268  263  258  256  256  261  266  261  263  260  265
  243  263  271  271  266  269  277  273  286  287  261  266  272  269  281  275  216  202  188  209
  253  236  241  221  241  242  238  248  239  238  234  133  204  202  180  195  213  200  213  229
  256  117  125  133  147  263  211  146  238  241  252  221  232  266  234  233  203  223  231  232
  156  174   55  103  221  220  222  249  322  252  251  259  254  273  258  216  225  259  232  231
  192  156  190  151  194  200  183  182  180  175  198  186  202  209  201  177  182  212  214  216
  199  205  198  190  213  163  200  212  215  216  224  234  236  240  254  256  259  256  224  207
  233  263  242  264  247  253  265  272  267  269  268  265  250  261  274  253  261  278  260  279
  284  273  275  269  272  262  269  263  255  271  273  281  272  270  276  279  276  278  277  275
  259  273  285  287  282  288  293  283  290  293  271  274  283  275  286  284  235  222  210  226
  266  254  256  237  256  252  254  255  252  252  243  147  227  219  192  207  218  217  228  241
  262  138  135  162  166  277  232  161  251  264  267  213  220  259  227  231  213  226  235  235
  165  182   63  122  211  213  215  246  315  252  251  261  253  272  260  205  202  245  216  219
  185  163  183  137  200  221  204  205  206  205  213  210  212  213  208  194  194  220  221  220
  203  205  201  174  179  163  201  202  215  198  203  215  247  243  260  260  263  250  223  205
  234  258  237  255  239  236  258  261  254  257  259  254  235  252  265  246  250  265  244  264
  273  263  264  256  264  249  251  251  249  261  257  266  261  258  265  268  266  270  264  264
  248  256  266  269  267  268  282  279  291  294  261  267  274  273  288  275  225  205  191  205
  254  244  250  228  247  250  245  240  239  241  235  127  206  197  181  197  210  199  216  231
  263  121  124  144  143  266  219  143  243  251  251  202  215  251  212  216  208  215  219  223
  149  170   54  117  207  214  211  244  326  240  242  242  247  268  267  214  217  259  219  228
  191  181  212  164  215  237  220  204  212  205  234  216  242  235  231  215  211  239  242  230
  206  223  230  209  213  177  220  221  221  211  213  214  250  246  248  248  250  242  234  213
  237  245  241  250  245  248  256  256  248  253  254  244  239  249  246  244  248  254  241  251
  256  249  253  250  259  252  247  254  248  266  267  265  258  264  264  272  257  264  262  265
  245  265  281  281  279  284  293  280  288  292  268  274  283  277  293  278  218  205  188  208
  255  234  238  220  240  238  238  227  224  233  221  118  204  199  172  195  209  196  218  231
  259  125  124  142  158  260  214  139  235  245  251  199  217  250  210  212  199  210  210  220
  149  170   50  112  206  207  208  242  326  240  242  242  236  261  267  207  217  259  220  228
  199  159  191  146  202  211  205  218  219  205  218  210  213  214  209  192  199  220  219  226
  192  204  215  196  221  178  219  208  230  236  245  230  256  257  278  277  285  275  247  223
  254  286  260  277  266  271  256  287  277  282  274  270  264  276  275  265  274  283  272  279
  285  280  275  275  279  261  265  250  256  263  270  282  275  273  276  275  275  274  271  272
  261  260  271  271  273  269  282  267  284  294  266  271  274  277  288  276  241  221  207  219
  263  255  262  241  269  260  256  258  251  265  252  138  231  221  201  215  226  215  234  244
  265  129  139  156  172  280  225  152  251  256  266  232  245  269  239  238  224  229  239  246
  158  182   56  114  223  218  223  248  318  245  253  255  251  271  259  202  221  261  227  232
  179  146  170  134  184  202  182  175  186  174  199  189  209  218  202  161  191  216  233  222
  190  204  209  185  202  165  206  210  222  218  224  222  259  264  274  268  279  270  240  203
  251  270  252  270  253  261  268  272  270  278  275  270  252  265  267  257  259  274  258  274
  284  272  271  268  272  254  252  247  247  265  263  261  260  262  265  268  269  268  265  270
  247  258  269  276  272  266  282  273  285  295  266  269  276  276  290  273  226  211  193  214
  253  251  261  226  254  256  245  252  240  255  243  135  219  215  196  206  216  205  224  245
  271  140  131  157  174  263  221  150  249  260  268  218  232  258  226  227  218  227  231  237
  155  179   60  128  221  215  216  244  315  237  244  244  245  267  254  213  224  262  220  232
  193  174  206  154  211  227  219  209  221  210  237  223  239  253  241  202  216  241  252  233
  213  213  250  229  231  198  255  238  242  228  221  213  262  258  267  258  270  255  234  206
  243  262  236  256  239  244  252  253  251  260  251  249  238  253  253  247  254  262  260  264
  268  260  264  257  260  257  259  258  254  266  264  269  265  268  271  278  266  272  274  274
  250  266  273  276  279  269  291  280  284  285  267  271  280  284  290  290  225  214  199  220
  265  233  237  225  244  240  240  248  238  253  237  136  224  220  190  210  218  211  226  245
  272  135  122  147  162  261  212  138  231  247  254  210  233  254  216  221  206  212  219  218
  150  168   47  110  211  209  210  245  323  242  261  263  251  275  264  204  220  248  222  224
  220  173  197  164  212  227  215  211  214  201  225  208  212  213  213  182  194  210  215  208
  195  188  204  193  197  164  215  216  207  203  214  215  234  234  244  246  251  248  216  194
  226  250  220  247  224  228  239  237  241  261  260  247  225  235  242  240  246  252  246  257
  264  261  262  257  265  249  251  260  254  267  259  264  258  260  264  264  266  266  259  260
  253  256  263  266  265  257  275  263  271  275  264  264  268  265  272  275  231  210  193  209
  256  246  255  233  259  255  249  250  245  261  243  138  218  203  178  195  213  192  217  231
  256  126  121  146  159  258  217  142  245  248  241  204  217  242  210  210  203  219  233  235
  148  168   50  111  223  221  222  254  328  248  268  273  258  273  266  226  240  266  249  241
  160  135  158  123  159  181  168  175  177  167  189  176  185  208  190  157  179  208  220  222
  193  218  198  174  199  163  216  213  226  220  226  219  262  258  282  273  286  277  242  216
  260  281  259  275  249  261  267  267  265  288  269  265  256  266  271  262  268  272  261  280
  281  272  276  273  281  261  265  257  256  263  267  279  278  267  276  274  282  278  276  272
  259  263  275  276  266  268  286  272  282  283  270  270  279  278  289  280  234  215  203  216
  263  249  253  240  254  249  245  250  246  256  245  135  217  212  184  206  217  206  222  241
  265  142  138  172  186  290  224  154  243  255  257  225  245  262  233  238  227  235  234  239
  158  184   66  129  221  220  216  239  313  236  247  254  246  259  253  184  201  237  215  208
  225  193  221  181  234  251  241  234  238  232  255  237  245  245  236  220  214  230  231  218
  209  197  237  218  226  188  235  224  232  235  243  233  247  244  270  262  273  263  223  207
  238  258  239  263  230  243  257  250  255  275  262  251  237  248  256  238  242  250  243  255
  252  258  251  256  255  237  237  235  232  248  248  245  250  244  250  255  253  250  247  245
  234  250  261  263  252  255  273  266  282  289  244  253  265  268  287  269  210  195  181  199
  240  230  244  216  242  240  228  227  220  232  219  124  205  218  191  205  211  209  223  244
  274  134  128  159  188  241  210  147  234  247  245  218  244  263  227  222  200  210  234  232
  154  174   57  118  222  228  225  253  323  236  225  223  239  263  268  213  225  253  226  225
  188  173  197  152  201  220  200  181  189  181  216  192  230  222  209  185  189  214  223  217
  188  194  227  205  216  177  217  223  231  229  235  235  264  260  274  270  275  268  225  200
  246  272  249  272  235  247  262  257  259  281  272  257  237  246  250  243  249  248  249  251
  251  261  253  260  257  250  253  257  254  288  279  263  259  275  274  285  260  268  280  267
  246  275  289  283  276  275  296  280  284  283  276  278  286  282  291  287  230  213  206  219
  263  241  258  227  265  260  254  249  242  264  244  142  228  217  190  208  218  211  224  240
  265  136  134  165  170  263  214  151  238  247  257  221  237  266  231  234  217  224  243  243
  165  188   59  114  228  227  220  244  322  234  262  263  250  267  265  214  227  259  225  231
  204  159  179  151  200  211  203  208  204  192  213  199  206  218  204  164  191  216  214  216
  200  200  204  177  194  165  197  206  213  206  210  212  250  247  266  268  266  268  231  206
  244  270  249  272  238  248  261  264  261  278  277  267  241  255  267  243  251  265  249  267
  266  274  260  266  254  248  247  251  248  265  267  258  265  264  267  274  270  271  266  262
  249  262  283  278  269  275  284  273  280  284  265  268  285  275  286  273  219  198  183  208
  255  245  245  215  245  245  231  231  225  234  225  126  209  214  190  202  218  207  221  243
  273  135  130  158  181  273  212  145  249  259  265  214  228  262  211  215  206  228  237  231
  154  181   59  116  222  223  218  251  323  233  244  243  237  258  262  225  225  265  232  237
  185  147  167  141  194  208  201  212  209  203  214  214  210  222  213  191  201  225  224  218
  208  204  212  187  204  173  208  215  214  206  219  220  238  245  249  257  256  258  226  202
  237  257  238  267  232  241  257  250  262  270  273  262  233  243  253  241  248  251  249  266
  261  271  269  265  261  249  258  260  250  267  270  266  269  272  280  282  264  283  280  273
  260  268  274  279  272  274  289  278  282  283  271  271  283  277  288  281  244  223  217  220
  262  258  272  231  279  274  266  255  245  270  247  155  237  218  200  210  232  212  224  242
  262  146  140  170  171  266  218  162  247  258  254  218  227  262  225  217  210  220  236  231
  163  179   80  131  214  210  207  237  311  223  252  258  243  250  247  189  202  236  220  215
  200  171  186  156  215  230  217  215  215  204  229  202  231  228  224  188  199  223  227  223
  211  218  211  182  199  165  202  214  209  200  214  221  251  252  262  252  263  257  218  213
  238  250  240  250  233  237  250  249  250  268  255  252  232  246  254  237  247  252  252  263
  257  262  257  245  244  239  255  250  250  265  273  261  265  269  268  282  250  266  271  261
  240  265  278  283  274  282  293  285  289  293  274  277  292  282  294  283  222  210  194  218
  260  237  240  211  241  243  235  243  229  240  227  132  218  219  200  215  228  211  234  246
  278  139  142  167  183  249  221  153  241  246  251  210  224  254  220  201  205  216  226  226
  154  176   59  110  208  207  204  233  298  219  232  240  237  247  243  207  222  257  228  221
  183  155  175  138  200  209  203  200  206  197  220  195  213  214  212  181  191  215  217  220
  197  215  208  173  177  159  198  205  206  193  205  211  249  253  265  252  261  261  224  209
  248  261  249  251  238  238  249  243  243  264  240  241  236  241  248  243  251  247  251  253
  254  244  260  232  243  254  255  264  256  279  281  265  269  276  283  286  261  278  284  269
  255  278  286  300  283  290  298  289  298  299  273  281  291  290  298  287  237  220  210  229
  265  239  248  220  259  255  250  254  239  259  239  144  238  236  215  227  231  219  229  253
  275  147  142  158  180  229  209  153  235  235  238  206  228  252  208  202  189  215  224  225
  159  178   59  112  208  201  199  238  296  222  235  241  235  246  240  216  226  250  221  217
  163  150  171  132  183  200  176  184  186  177  201  183  207  228  208  169  192  220  229  222
  208  221  219  182  194  165  212  218  214  190  207  210  259  254  263  253  254  260  224  207
  248  260  247  257  237  239  255  241  244  270  252  248  238  241  246  243  251  244  252  247
  249  240  258  239  244  249  258  259  255  279  277  271  267  276  282  286  262  282  262  274
  251  278  285  296  284  287  293  286  294  293  282  280  287  289  298  288  240  224  207  226
  268  242  259  217  264  254  254  262  247  261  246  153  221  217  189  204  222  205  218  236
  264  139  133  151  155  253  224  152  256  254  258  206  218  256  210  206  208  221  234  228
  165  175   70  123  224  227  216  255  348  251  261  276  274  278  277  212  224  261  234  236
  188  163  196  148  199  214  192  181  183  182  199  179  231  233  201  177  193  227  235  226
  210  221  227  202  219  172  208  225  221  210  221  223  256  259  260  251  248  251  226  216
  249  257  250  256  242  248  258  253  252  267  244  253  241  246  258  241  241  247  237  237
  251  243  248  239  236  237  233  238  234  257  262  241  244  254  253  269  242  251  242  242
  235  262  275  287  271  281  294  286  291  296  255  267  287  276  290  278  215  202  191  214
  249  240  245  207  252  237  241  243  234  248  234  131  212  216  197  213  226  209  221  240
  275  128  129  148  160  246  209  145  244  250  246  203  219  258  214  210  205  211  238  230
  154  168   53  101  215  217  214  247  344  227  244  255  243  256  272  220  227  253  232  232
