27.80 87.50 3490.30 
27.80 88.75 3481.56 
27.80 90.00 3449.98 
27.80 91.25 3328.15 
27.80 98.75 3089.15 
27.80 100.00 3306.12 
28.74 83.75 4039.90 
28.74 85.00 4788.96 
28.74 86.25 4831.50 
28.74 87.50 4829.98 
28.74 88.75 4793.48 
28.74 90.00 4698.25 
28.74 91.25 4624.33 
28.74 92.50 4436.19 
28.74 93.75 3170.36 
28.74 97.50 3919.76 
28.74 98.75 4098.21 
28.74 100.00 4136.87 
28.74 101.25 3472.02 
29.69 81.25 3141.61 
29.69 82.50 4495.10 
29.69 83.75 4992.36 
29.69 85.00 5062.74 
29.69 86.25 5015.85 
29.69 87.50 4941.47 
29.69 88.75 4884.34 
29.69 90.00 4831.52 
29.69 91.25 4812.76 
29.69 92.50 4778.82 
29.69 93.75 4368.51 
29.69 95.00 4073.31 
29.69 96.25 4147.15 
29.69 97.50 4298.05 
29.69 98.75 4313.87 
29.69 100.00 4302.13 
29.69 101.25 3710.85 
30.63 80.00 4399.23 
30.63 81.25 5029.63 
30.63 82.50 5124.78 
30.63 83.75 5094.37 
30.63 85.00 5041.76 
30.63 86.25 4994.51 
30.63 87.50 4944.97 
30.63 88.75 4871.73 
30.63 90.00 4846.70 
30.63 91.25 4847.51 
30.63 92.50 4848.31 
30.63 93.75 4791.29 
30.63 95.00 4622.87 
30.63 96.25 4495.49 
30.63 97.50 4382.06 
30.63 98.75 4353.56 
30.63 100.00 4313.14 
30.63 101.25 3995.86 
30.63 102.50 3172.52 
31.57 78.75 4023.67 
31.57 80.00 4906.62 
31.57 81.25 5160.87 
31.57 82.50 5188.19 
31.57 83.75 5113.09 
31.57 85.00 5008.64 
31.57 86.25 4971.45 
31.57 87.50 4945.27 
31.57 88.75 4890.84 
31.57 90.00 4871.92 
31.57 91.25 4878.39 
31.57 92.50 4891.60 
31.57 93.75 4850.20 
31.57 95.00 4712.90 
31.57 96.25 4563.68 
31.57 97.50 4418.65 
31.57 98.75 4371.61 
31.57 100.00 4304.47 
31.57 101.25 4147.66 
31.57 102.50 3669.43 
32.51 77.50 4425.05 
32.51 78.75 4805.78 
32.51 80.00 4917.25 
32.51 81.25 4979.30 
32.51 82.50 4989.29 
32.51 83.75 4986.33 
32.51 85.00 4984.87 
32.51 86.25 5000.10 
32.51 87.50 5031.20 
32.51 88.75 5026.84 
32.51 90.00 5009.45 
32.51 91.25 4970.82 
32.51 92.50 4907.57 
32.51 93.75 4831.55 
32.51 95.00 4732.99 
32.51 96.25 4580.78 
32.51 97.50 4431.15 
32.51 98.75 4376.63 
32.51 100.00 4297.44 
32.51 101.25 4142.35 
32.51 102.50 3753.93 
33.46 76.25 3910.57 
33.46 77.50 4903.87 
33.46 78.75 5024.31 
33.46 80.00 5031.32 
33.46 81.25 4983.40 
33.46 82.50 4942.23 
33.46 83.75 4951.00 
33.46 85.00 4978.55 
33.46 86.25 5020.60 
33.46 87.50 5050.37 
33.46 88.75 5047.74 
33.46 90.00 5035.05 
33.46 91.25 4985.54 
33.46 92.50 4906.23 
33.46 93.75 4830.17 
33.46 95.00 4734.32 
33.46 96.25 4582.22 
33.46 97.50 4432.10 
33.46 98.75 4376.88 
33.46 100.00 4295.24 
33.46 101.25 4119.92 
33.46 102.50 3742.16 
34.40 75.00 3148.01 
34.40 76.25 4274.31 
34.40 77.50 5086.65 
34.40 78.75 5254.90 
34.40 80.00 5261.83 
34.40 81.25 5202.70 
34.40 82.50 5120.15 
34.40 83.75 5085.72 
34.40 85.00 5064.19 
34.40 86.25 5050.70 
34.40 87.50 5042.98 
34.40 88.75 5038.82 
34.40 90.00 5031.53 
34.40 91.25 4974.90 
34.40 92.50 4863.73 
34.40 93.75 4777.23 
34.40 95.00 4679.36 
34.40 96.25 4556.33 
34.40 97.50 4420.49 
34.40 98.75 4310.86 
34.40 100.00 4146.19 
34.40 101.25 3882.43 
34.40 102.50 3484.55 
35.34 73.75 3241.86 
35.34 75.00 3989.39 
35.34 76.25 4590.09 
35.34 77.50 5041.91 
35.34 78.75 5247.03 
35.34 80.00 5283.04 
35.34 81.25 5236.18 
35.34 82.50 5165.47 
35.34 83.75 5121.65 
35.34 85.00 5084.49 
35.34 86.25 5052.21 
35.34 87.50 5029.87 
35.34 88.75 5025.86 
35.34 90.00 5021.84 
35.34 91.25 4917.78 
35.34 92.50 4684.10 
35.34 93.75 4557.04 
35.34 95.00 4454.19 
35.34 96.25 4412.19 
35.34 97.50 4351.71 
35.34 98.75 4177.14 
35.34 100.00 3917.68 
35.34 101.25 3582.39 
35.34 102.50 3167.07 
36.28 71.25 3227.67 
36.28 72.50 4155.11 
36.28 73.75 4373.32 
36.28 75.00 4421.24 
36.28 76.25 4444.67 
36.28 77.50 4446.95 
36.28 78.75 3908.10 
36.28 80.00 3390.41 
36.28 81.25 3404.84 
36.28 82.50 3443.30 
36.28 83.75 3916.64 
36.28 85.00 4548.00 
36.28 86.25 4836.97 
36.28 87.50 4948.69 
36.28 88.75 4941.12 
36.28 90.00 4896.22 
36.28 91.25 4559.73 
36.28 92.50 4071.64 
36.28 93.75 3522.93 
36.28 95.00 3342.27 
36.28 96.25 3443.38 
36.28 97.50 3672.01 
36.28 98.75 3718.14 
36.28 100.00 3738.63 
36.28 101.25 3487.42 
36.28 102.50 3012.19 
37.23 71.25 3296.04 
37.23 72.50 4348.12 
37.23 73.75 4507.31 
37.23 75.00 4523.60 
37.23 76.25 4020.05 
37.23 77.50 3174.23 
37.23 85.00 3302.97 
37.23 86.25 4107.23 
37.23 87.50 4570.57 
37.23 88.75 4522.39 
37.23 90.00 4353.77 
37.23 91.25 3885.02 
37.23 92.50 3366.65 
37.23 93.75 3133.84 
37.23 95.00 3083.50 
37.23 96.25 3309.37 
37.23 97.50 3535.24 
37.23 98.75 3520.42 
37.23 100.00 3453.40 
37.23 101.25 3143.97 
38.17 71.25 3452.74 
38.17 72.50 4324.95 
38.17 73.75 4281.14 
38.17 75.00 4023.88 
38.17 88.75 3231.17 
38.17 90.00 3411.22 
38.17 91.25 3236.68 
38.17 92.50 3062.14 
38.17 93.75 3118.42 
38.17 95.00 3309.84 
38.17 96.25 3617.10 
38.17 97.50 3835.28 
38.17 98.75 3673.50 
38.17 100.00 3143.10 
39.11 71.25 3430.45 
39.11 72.50 4217.15 
39.11 73.75 4038.76 
39.11 75.00 3375.81 
39.11 95.00 3415.42 
39.11 96.25 3816.63 
39.11 97.50 3946.02 
39.11 98.75 3432.62 
40.05 75.00 3144.81 
