24.03 100.00 1628.62 
24.03 101.25 1700.42 
24.03 102.50 1717.33 
24.03 103.75 1607.17 
24.97 100.00 1956.46 
24.97 101.25 1976.89 
24.97 102.50 1965.87 
24.97 103.75 1825.78 
24.97 105.00 1533.92 
25.92 98.75 1682.76 
25.92 100.00 2347.88 
25.92 101.25 2291.37 
25.92 102.50 2161.24 
25.92 103.75 1889.15 
25.92 105.00 1520.87 
26.86 87.50 1661.54 
26.86 88.75 1741.86 
26.86 90.00 1748.14 
26.86 91.25 1632.15 
26.86 98.75 2270.94 
26.86 100.00 2723.46 
26.86 101.25 2604.93 
26.86 102.50 2245.10 
26.86 103.75 1874.42 
27.80 85.00 1623.29 
27.80 86.25 2725.35 
27.80 87.50 3490.30 
27.80 88.75 3481.56 
27.80 90.00 3449.98 
27.80 91.25 3328.15 
27.80 92.50 2869.30 
27.80 97.50 2360.21 
27.80 98.75 3089.15 
27.80 100.00 3306.12 
27.80 101.25 2913.03 
27.80 102.50 2292.48 
27.80 103.75 1817.44 
28.74 82.50 2482.45 
28.74 83.75 4039.90 
28.74 85.00 4788.96 
28.74 86.25 4831.50 
28.74 87.50 4829.98 
28.74 88.75 4793.48 
28.74 90.00 4698.25 
28.74 91.25 4624.33 
28.74 92.50 4436.19 
28.74 93.75 3170.36 
28.74 95.00 2423.31 
28.74 96.25 2883.45 
28.74 97.50 3919.76 
28.74 98.75 4098.21 
28.74 100.00 4136.87 
28.74 101.25 3472.02 
28.74 102.50 2378.24 
29.69 80.00 1626.03 
29.69 81.25 3141.61 
29.69 82.50 4495.10 
29.69 83.75 4992.36 
29.69 85.00 5062.74 
29.69 86.25 5015.85 
29.69 87.50 4941.47 
29.69 88.75 4884.34 
29.69 90.00 4831.52 
29.69 91.25 4812.76 
29.69 92.50 4778.82 
29.69 93.75 4368.51 
29.69 95.00 4073.31 
29.69 96.25 4147.15 
29.69 97.50 4298.05 
29.69 98.75 4313.87 
29.69 100.00 4302.13 
29.69 101.25 3710.85 
29.69 102.50 2546.53 
30.63 67.50 1641.25 
30.63 78.75 2818.52 
30.63 80.00 4399.23 
30.63 81.25 5029.63 
30.63 82.50 5124.78 
30.63 83.75 5094.37 
30.63 85.00 5041.76 
30.63 86.25 4994.51 
30.63 87.50 4944.97 
30.63 88.75 4871.73 
30.63 90.00 4846.70 
30.63 91.25 4847.51 
30.63 92.50 4848.31 
30.63 93.75 4791.29 
30.63 95.00 4622.87 
30.63 96.25 4495.49 
30.63 97.50 4382.06 
30.63 98.75 4353.56 
30.63 100.00 4313.14 
30.63 101.25 3995.86 
30.63 102.50 3172.52 
31.57 66.25 1766.91 
31.57 67.50 2066.56 
31.57 68.75 1815.51 
31.57 77.50 2751.12 
31.57 78.75 4023.67 
31.57 80.00 4906.62 
31.57 81.25 5160.87 
31.57 82.50 5188.19 
31.57 83.75 5113.09 
31.57 85.00 5008.64 
31.57 86.25 4971.45 
31.57 87.50 4945.27 
31.57 88.75 4890.84 
31.57 90.00 4871.92 
31.57 91.25 4878.39 
31.57 92.50 4891.60 
31.57 93.75 4850.20 
31.57 95.00 4712.90 
31.57 96.25 4563.68 
31.57 97.50 4418.65 
31.57 98.75 4371.61 
31.57 100.00 4304.47 
31.57 101.25 4147.66 
31.57 102.50 3669.43 
31.57 103.75 1976.43 
32.51 65.00 1810.75 
32.51 66.25 2246.17 
32.51 67.50 2390.12 
32.51 68.75 2098.83 
32.51 76.25 2788.35 
32.51 77.50 4425.05 
32.51 78.75 4805.78 
32.51 80.00 4917.25 
32.51 81.25 4979.30 
32.51 82.50 4989.29 
32.51 83.75 4986.33 
32.51 85.00 4984.87 
32.51 86.25 5000.10 
32.51 87.50 5031.20 
32.51 88.75 5026.84 
32.51 90.00 5009.45 
32.51 91.25 4970.82 
32.51 92.50 4907.57 
32.51 93.75 4831.55 
32.51 95.00 4732.99 
32.51 96.25 4580.78 
32.51 97.50 4431.15 
32.51 98.75 4376.63 
32.51 100.00 4297.44 
32.51 101.25 4142.35 
32.51 102.50 3753.93 
32.51 103.75 2690.24 
32.51 105.00 1618.32 
33.46 63.75 1641.29 
33.46 65.00 2281.48 
33.46 66.25 2613.47 
33.46 67.50 2710.43 
33.46 68.75 2306.58 
33.46 70.00 1644.94 
33.46 75.00 2040.22 
33.46 76.25 3910.57 
33.46 77.50 4903.87 
33.46 78.75 5024.31 
33.46 80.00 5031.32 
33.46 81.25 4983.40 
33.46 82.50 4942.23 
33.46 83.75 4951.00 
33.46 85.00 4978.55 
33.46 86.25 5020.60 
33.46 87.50 5050.37 
33.46 88.75 5047.74 
33.46 90.00 5035.05 
33.46 91.25 4985.54 
33.46 92.50 4906.23 
33.46 93.75 4830.17 
33.46 95.00 4734.32 
33.46 96.25 4582.22 
33.46 97.50 4432.10 
33.46 98.75 4376.88 
33.46 100.00 4295.24 
33.46 101.25 4119.92 
33.46 102.50 3742.16 
33.46 103.75 2854.19 
33.46 105.00 1942.70 
34.40 63.75 1597.88 
34.40 65.00 2389.29 
34.40 66.25 2729.30 
34.40 67.50 2875.04 
34.40 68.75 2757.02 
34.40 70.00 2476.63 
34.40 71.25 1798.05 
34.40 72.50 1536.11 
34.40 73.75 1930.81 
34.40 75.00 3148.01 
34.40 76.25 4274.31 
34.40 77.50 5086.65 
34.40 78.75 5254.90 
34.40 80.00 5261.83 
34.40 81.25 5202.70 
34.40 82.50 5120.15 
34.40 83.75 5085.72 
34.40 85.00 5064.19 
34.40 86.25 5050.70 
34.40 87.50 5042.98 
34.40 88.75 5038.82 
34.40 90.00 5031.53 
34.40 91.25 4974.90 
34.40 92.50 4863.73 
34.40 93.75 4777.23 
34.40 95.00 4679.36 
34.40 96.25 4556.33 
34.40 97.50 4420.49 
34.40 98.75 4310.86 
34.40 100.00 4146.19 
34.40 101.25 3882.43 
34.40 102.50 3484.55 
34.40 103.75 2771.81 
34.40 105.00 2039.54 
34.40 106.25 1559.02 
35.34 65.00 2419.72 
35.34 66.25 2802.41 
35.34 67.50 2881.87 
35.34 68.75 2684.65 
35.34 70.00 2487.43 
35.34 71.25 2512.89 
35.34 72.50 2671.77 
35.34 73.75 3241.86 
35.34 75.00 3989.39 
35.34 76.25 4590.09 
35.34 77.50 5041.91 
35.34 78.75 5247.03 
35.34 80.00 5283.04 
35.34 81.25 5236.18 
35.34 82.50 5165.47 
35.34 83.75 5121.65 
35.34 85.00 5084.49 
35.34 86.25 5052.21 
35.34 87.50 5029.87 
35.34 88.75 5025.86 
35.34 90.00 5021.84 
35.34 91.25 4917.78 
35.34 92.50 4684.10 
35.34 93.75 4557.04 
35.34 95.00 4454.19 
35.34 96.25 4412.19 
35.34 97.50 4351.71 
35.34 98.75 4177.14 
35.34 100.00 3917.68 
35.34 101.25 3582.39 
35.34 102.50 3167.07 
35.34 103.75 2619.13 
35.34 105.00 2064.83 
35.34 106.25 1617.06 
36.28 70.00 2019.22 
36.28 71.25 3227.67 
36.28 72.50 4155.11 
36.28 73.75 4373.32 
36.28 75.00 4421.24 
36.28 76.25 4444.67 
36.28 77.50 4446.95 
36.28 78.75 3908.10 
36.28 80.00 3390.41 
36.28 81.25 3404.84 
36.28 82.50 3443.30 
36.28 83.75 3916.64 
36.28 85.00 4548.00 
36.28 86.25 4836.97 
36.28 87.50 4948.69 
36.28 88.75 4941.12 
36.28 90.00 4896.22 
36.28 91.25 4559.73 
36.28 92.50 4071.64 
36.28 93.75 3522.93 
36.28 95.00 3342.27 
36.28 96.25 3443.38 
36.28 97.50 3672.01 
36.28 98.75 3718.14 
36.28 100.00 3738.63 
36.28 101.25 3487.42 
36.28 102.50 3012.19 
36.28 103.75 2420.22 
36.28 105.00 1860.92 
36.28 106.25 1627.12 
37.23 70.00 1911.43 
37.23 71.25 3296.04 
37.23 72.50 4348.12 
37.23 73.75 4507.31 
37.23 75.00 4523.60 
37.23 76.25 4020.05 
37.23 77.50 3174.23 
37.23 78.75 2223.12 
37.23 80.00 1614.29 
37.23 81.25 1626.50 
37.23 82.50 1678.63 
37.23 83.75 2336.30 
37.23 85.00 3302.97 
37.23 86.25 4107.23 
37.23 87.50 4570.57 
37.23 88.75 4522.39 
37.23 90.00 4353.77 
37.23 91.25 3885.02 
37.23 92.50 3366.65 
37.23 93.75 3133.84 
37.23 95.00 3083.50 
37.23 96.25 3309.37 
37.23 97.50 3535.24 
37.23 98.75 3520.42 
37.23 100.00 3453.40 
37.23 101.25 3143.97 
37.23 102.50 2656.35 
37.23 103.75 2028.48 
37.23 105.00 1616.36 
37.23 106.25 1563.98 
37.23 107.50 1529.41 
38.17 68.75 1775.59 
38.17 70.00 2228.53 
38.17 71.25 3452.74 
38.17 72.50 4324.95 
38.17 73.75 4281.14 
38.17 75.00 4023.88 
38.17 76.25 2529.66 
38.17 86.25 2007.99 
38.17 87.50 2654.20 
38.17 88.75 3231.17 
38.17 90.00 3411.22 
38.17 91.25 3236.68 
38.17 92.50 3062.14 
38.17 93.75 3118.42 
38.17 95.00 3309.84 
38.17 96.25 3617.10 
38.17 97.50 3835.28 
38.17 98.75 3673.50 
38.17 100.00 3143.10 
38.17 101.25 2530.92 
38.17 102.50 1938.25 
38.17 103.75 1558.98 
39.11 67.50 1644.32 
39.11 68.75 1960.69 
39.11 70.00 2328.31 
39.11 71.25 3430.45 
39.11 72.50 4217.15 
39.11 73.75 4038.76 
39.11 75.00 3375.81 
39.11 76.25 1977.02 
39.11 88.75 1955.73 
39.11 90.00 2400.28 
39.11 91.25 2432.37 
39.11 92.50 2464.46 
39.11 93.75 2859.76 
39.11 95.00 3415.42 
39.11 96.25 3816.63 
39.11 97.50 3946.02 
39.11 98.75 3432.62 
39.11 100.00 2517.91 
39.11 101.25 1836.76 
40.05 70.00 1634.77 
40.05 71.25 1979.10 
40.05 72.50 2319.66 
40.05 73.75 2824.17 
40.05 75.00 3144.81 
40.05 76.25 2971.72 
40.05 77.50 2417.63 
40.05 78.75 1721.58 
40.05 93.75 1731.92 
40.05 95.00 2093.73 
40.05 96.25 2346.55 
40.05 97.50 2434.76 
40.05 98.75 1826.91 
40.99 72.50 1688.28 
40.99 73.75 2402.48 
40.99 75.00 2911.57 
40.99 76.25 2881.02 
40.99 77.50 2766.99 
40.99 78.75 2233.03 
40.99 80.00 1556.14 
40.99 95.00 1574.71 
40.99 96.25 1607.43 
40.99 97.50 1615.12 
41.94 72.50 1683.65 
41.94 73.75 2158.78 
41.94 75.00 2534.79 
41.94 76.25 2629.04 
41.94 77.50 2650.67 
41.94 78.75 2628.69 
41.94 80.00 2538.78 
41.94 81.25 2171.82 
41.94 82.50 2020.79 
41.94 83.75 2046.49 
41.94 85.00 2072.18 
41.94 86.25 1959.83 
41.94 87.50 1587.79 
41.94 95.00 1527.47 
41.94 96.25 1508.36 
42.88 72.50 1650.95 
42.88 73.75 1780.51 
42.88 75.00 1887.37 
42.88 76.25 2130.89 
42.88 77.50 2375.09 
42.88 78.75 2603.91 
42.88 80.00 2678.82 
42.88 81.25 2454.90 
42.88 82.50 2323.16 
42.88 83.75 2371.23 
42.88 85.00 2419.30 
42.88 86.25 2265.12 
42.88 87.50 1765.56 
43.82 78.75 1961.57 
43.82 80.00 2286.35 
43.82 81.25 1933.93 
43.82 82.50 1509.79 
44.76 80.00 1589.65 
44.76 97.50 1608.80 
44.76 98.75 1678.16 
44.76 100.00 1696.73 
44.76 101.25 1617.46 
