  111  191   87   97  310  145  128  107  221  102   85  152   57   43  148  121  438  197  128  125
  426  274   91   66   62   89   19   64   63   71   62   45  123   83  153  118  178   83  385   48
  216  497  314  135  285  231  111   99  130  116  149  189  191   93  110  149  106   40  112  166
  106  133  108  104   62  140   48  185  110  120  124  118   42  104  116   80   50   76  149   53
   35  151  197  349  140  223  233  347  363  498  126  213  214  351  448  191  107  117  160  220
  151   85  188   66  103  146   97  223  228  227  495  103  314  237  158  104  100  138  224  161
  261   77  139  107  189   50   62   86  110  122  138  129  126  101  240   71   51  159   74   20
   89   75   64   92   51   31    2    5    0    3    1   17    2    2   15   17   20   18   15    0
  111  155  119   97  164   59   64  136  156  119   71  139   56   54   79  121  121   73   28   51
  113   58   91   40   29   55   52  109   28   81   63   45   70   48   47   25  178   81   66  147
   98   33  179  135  229  246  154  258  130   32  250  292  191  150  120  153  170  216  112  232
  133   94  140  277  269  140   50  414  102   80  148   93   82  104   90  124  148  171  117  163
  269  111  116  155  175  196  142  347  214  305  222  205  369  136  448  201  252  199  337  342
  151  223  467  336  321  300  241  223  244  209  324  175  401  413  256  278  257  190  224  187
  261  139  139  107  204  199  105  112  355  122  129  129   93  101   27   99   90   65   74   66
   89   61   64   92   22   15    9   20    1    2    0    0    2    2    5   17    9   18   10    9
  111   57   82   97  118  122  125   97   90   52   55   31  161   99   82   87  159  337  125  357
  358  353   50   62   70  101   71  134  119  188   94   45  259  364  238  339  178  119  151  132
  180  405  163  135  127   51  149  102   67   78  348  166  130   52   22   45   40   94   54  232
  167   43  230  122  151   63  104  189  136  117   59  215  167  104  228  116  218  107   64   87
  216   93   64  119   44   68  196  396  298  177   52  164   89   91  441   88  106  158  125  205
  179  164  151   96   67  149  118  223  137  120  470   69   41  125  125  116  203   85  253  153
  202   59   50   32   39   26   19  119   25   92  102  129  111  101  154   91   42   37   36   60
   89   95  112   69   83   56   30    2    1   23    7    0    2    1    1   17   31   14   12   57
   46   67   60   97   22   71   12  104  112  186  139  188   99  121  215  126  506  234  127  289
  409  137  182   38   41   63  125  190   97  135   86   84  393  249  295  244  199  211  211  195
  246  246  205  246  181  121   65  139  231  366  193  213  200   91   67  189  178  123   83   91
   47  142   32  398   91  205  136  291  166   18  155   55   70  174  105  147   75  121  108   64
   83   19  189  197  163  215  239  441  265  242  153  286  255  142  569  153  230  254  313  213
  217  185  206  221  206  166  359  215  257  442  454  150  160  302  293  269  298  343  226  230
  182   89  117  116  179   98   70  160  177  285  178  213  170  150  149  122  115  109   59   60
  125  129   70   79   31   79   28    2    4    4   12    4    0    0    0   14   44   15   34   61
   61  109  112   97   62   23   51   48   60   69   70  125   13   25   45   46   77   74  111   34
    6    2   19   42   49   51   65  288   62   44   60   31  395  154  280  219  227  313   56   56
   58  105  193  150  199  143  261  183  168  251  368  260  171   55  193   48   76   60  106  144
  164  216  186  107  178   74   73  285  172  122  143  219  203   94  129  209  157   99  229  173
  109  384  216  217  150  147  258  272  123  139  291  167  239  233  518  192  117   99  181  159
  231  192  106  195  165  172  311  177  215  140  576   67  146  236  259  175  221  205  221  150
  295   77  140   94  113   89   50   97  144  105  190  177   99   74   24   94   88   78   47   37
  102   71   54   53   59   41   38    2    2   10    7    5    0    3    4   13   26   18   10   21
   79   96   67   97   49   50   20   95   86   82   45  123   65   33   72   89   74  168   72  130
  197   66   36   29   29  103  117  155  104   91   44   34  476  164  350  115  310  285   44  201
  141   82  151  171  242  195  160  215  321  224  141  366  113  197  223  150  226  185  164  103
   80  164  118  289  162  271  137  100  181   46   70  231  116   34   35   53   80   44   57   54
   63   81   79   41   82  108  156  331  264  251  152  259   85  323  545  157   55  108  276  142
  155  202  458  102  275  219  164  235  115  272  212  149  263  361  194  176  141  200  224  159
  270   61  141   75  170  167  146  136  399  308  327  151  131  209   95  186  133   30  109   71
   60  116   27   41   12   25    9    2    1   17    3    1    0    0    3   33    8   31   29    8
  196  131  112  140   77  215  113  164  160  290  224  279  285  252  267  165  311  323  139  203
  291   82   89   45   41  162  170  130  118  110   45   10  225  199   76   81   57   37   39  133
   75   41   83   25  307  135  112  129   25   14   19   46   33   71   73  184  191  101  262  178
  113   52  173   54  335  184  152  222  112   38   73  220  266  166  124   88   86   97  231  243
   88   19  140   97  160  117  131  231  309  164  135  248  396  103  216  155  131  205   42  135
  115  111   71  167  172  118  143   71  141  128  184   87  116  158  142  443   68  199  141  114
  232   63  134   97  108   26   19   42   26   24   63   74   67   11   73   50    6   66   36   33
   40   60   60   66   51   33   25    6    1   19   20   12    1    2    5   12   41    2    8   24
  147  152   86  109  143  145   72   63   70   32   82   69  170  103  108   64  118  106   39  185
  792   43   65  112  114   80   61   86   52  215  204  100  172  118  199  138  110  191  185  199
   66  150  257  174  142  254  347  145  119  246  137  215  185  205  261  250   82  208  121   69
  309  212  177  168  165  193   69  405   43  113  191   69   35   56   38   32   59   34   58   40
   99   32   79  135  126   74   92  315  192  277  125  138   35  236  171   93   94  203  100  258
  109  229  142  261   51  142  105  349  411  343  509  158  226  280  312  146  207  180  223  144
  152  134  171  148  214  198  174  112  361  133  147  366  108  225  123  239  177  126   48   39
  118  186   75  137   47   51   17    3   42   44   16    3    6    1   18   26   20   21   43   62
  229  105   61  133  221  201  151  195  181  102  166  174   89  134  220   54  176  210  176  281
  221  257  134  125  125  119  113  203  157  293   79   66  575  129  162  106  123  218  186  237
  118  150  122   34  215  181   67  109  112   98   65   13   87   37  185   36  128   61   69   62
    2   13   40   45  119   98   62  199  174  193  316  102   91  172  111  246  107  176  187  123
  124  194  314  290  150  375  338  353  419  199  323  404  149  128  655  215   53   63   67  110
  120   30   12   81  134   32   96  298  494  354  854   62  150  239  179  281  192  213  127  112
  166   93   67   78  118   28  167  135   57   95   57  152  183  178  223  190  110  236  162  135
  110  208   68  107   15   13   23    0    2    7    5    6    0    6    7   20   25   37   24   30
   78  104   51   82   64   88  263  147  186  253   90  252  112   69  208  140  388  353   49  368
  430  130   34   53   51   24   11   36   76   59   65   42   91  104   84  101   64  106  148  120
  281   37  291   10  196   74  326   49   63   32   11   34  575   48  145  127  233   34  129   72
   27   23   14   57   58  284  126  611   84  435  184  110   32  161   36  227  132   80  344  179
   70  231  362  432  170  571  540  656  152  162  140  117  218  190  363  162   19   60  166  151
   72   70   46   20   44   70  218  345  364  121  570  102  115   82  193  106  161   79  168  174
  374  135  169   90  167  108  136  162  119   95   74  279   68   83   95  113  195   47   32   64
   68   84   42  123   38   31   10    1    1    1    1    0    0    0    0   10    8   18    1    7
  149  146  119  134  264   46  213  120  254  156   64  106  140  113   68  228  261  118   65  138
  297  188  125   71  106   99   87   82  100  361  206   71  128  160  170  120  109  185  143   68
   58  221  112  119  197  344  135  122   76   47   77   49  184   73  128   37  264  102   94  108
   33  108   88  251  120   78   89  150  162   87  160  161   88  173  268  285  137  285  189  163
   38  229  520  364  198  261  243  307  361  176  168  207  306  328  341  176  102   98  188  243
  187  194  116  102   83   89  324  241  441  445  506   83  160  206  152  279  210  173  318  193
  350   91  203   97  129   39  155   99   78   55   60  122  131   94   90  139   88  103  119  130
  175  148  152  131   70    8    3    4    3    6    3    3    1    1    8   31   28   16   23   19
  126  216  156   99  124  105  169  121  112   67   49   85   75   74  112  119  232  145   47  165
  413  309   31   59   65   63   48   57   41   56   33   18   34   43   72  258  185   91  152  200
  179  217  317  211  125  185  249  379  165  243  124  100  248  274  199  164  187  238  185  126
  417  168  120  238  245  217  128  172  158  205   77   89   89   69   25  117   88   80   62   98
  139   74  151   27   90  139   53  241  154  223  150  240   80  156  218  118  126  124  203  185
  148  219  203  183  234  263  530  161  294  237  348  127  133  245  293  275  221  232  246  112
  353   96  192  241  283  155   97   63  238  129  292   97   54  128   69   76   74   24   28   32
   52   51   38   94    8   21    5   13    0    1    4   10    7    3    4    1    2   28    2    1
  137   93   68   95   43   52   59  143  124  138  197  103   88   55  207   89   72   92  105   63
   39   37  133  100   45  104  172  101  129   59   42   10  492  134  752  285  818  636  110   48
   65  280  200  245  282  297  333  217  297  269  780  370  420  227  160  208  104  143  130  162
  331  225   28  315   63  100  161  132  113   55  110  119   34   37   62   88   25   67   21   60
   80   26   90  100   74  116  182  252  346  316   84  100   70  199  237   94  145   67  114  119
   48  592  116  106  123  251  197  203  238  324  178   31  194  139  302  139  205  177  250  117
  276  101  201   98  201  102   85   85  142  186  278  160   73   56   64  103   55    7   21    6
   30   67   41  132   19   30    8    6    1   13   11    2    1    0    1    4    9    8    8   62
   51   97   41   93  121  119  155  119  195  181  191  223  100  148  144  143  397  312  156  257
  289  142  110  102  100  123  133  185  100  191  131   31  358  270  220  329   76  114  236  353
  309  223  176  164  338  304  102  247   55  188   98  196  334   60   14   37   84   53   21   11
   34   66    3  162   11   44   70  176  123  233  169  119   55   51   89  112   43   53   63  131
   89  147  389  351  248  231  309  370  235  397   94  244  408  160  344  171  116  252  118  252
  104  173  122  148  122  200   82   89  304  224  473  143  182  142  199  155  114  215  170  209
  213   82  140  124  154   82   68   87  124  117  164  140   81  104  217  135  111  142  137   66
  115  178   66  101   19   39    6    0    2    1    1    1    0    1    2   13   30   19   12   13
   50   59   53   80   96  106  205  232  203  292  111  348   88   84  172  289  184  156  209  228
   98  102   96   38   15   41   76  190   34   32   16    2  122  110   66   74   85   55  182  304
  160  199  246  113  344  248  298  250  250   42  141  196  534  375  120   82  194  106  263  114
   77  149  178  379  210  200  159  292  235  265  111   88  149   72   58   86   27   56  137  194
  114   46   42   34   78   99  129  262   35  148  173   93   86   40  260  211   97  188  183  300
  207  156  320  133  157  268  408  322  179  315  118  106  238  404  319  176  244  240  238   84
  196   81  117  169  146   43   16   51  154  164  237   26   19   20   29   98   98   15   18    9
   41   32   29   41   28    9    2    3    1    2    0    0    0    0    1   25   27   10   23   21
  148  166  110   48  151  195  189  114  152   69  160  135  146  129  296  280  141  133  157  207
  304  177  119   66   38  112  190  254  114   53   43   13  277  285  138   76   96   78   92  125
   48  175   67   54   10    9   29   13   58   61   76   29   93   17    2   52   81    0   10   10
    0   15    4   59   18  134   25  153   19  159   86   15    1   50    8   47   49    2   36    4
    7   76  216  101  146   85   37  164  198  141   15   73  172  181  571   87   59   60  110   75
   17  180  194  104  199  173  234  334  464  366  809  139  257  347  404  356  187  396  430  125
  279   97  220  191  173   26   51  158   72   43   36  123  211   96  110   73   89   87   13   16
   38   80   65   77   96   37   68    2    4   38   22    6    1    2    7    5    4   28    8   10
  129   39   69  110   94   79   78   93  106  104   69   36   32   12   26   48  100   76   67  164
  287  254   51   29   26   35   16  132  271  264  148   21  180  190  153  119  194  189  164   88
  103  128  199  197   50   87   91   89   76  106   49  244    6   36   15    0   27   33    4   77
   70   92   65   85  130   43   15   51   63   51   97   32   60  101   35  152   66  163   40   91
  188  190  302  357  202  409  619  596  325  396  287  311  353  359  427  431  274  148  193  228
  242   45   63  287   47   72   59  257  300  189  497   50  125  115  165  346  141  117  128  144
  276   55  121   50   97    5  127   97   38   42   24  210  126  127  332  208   96  106   77   62
  117  124  100  147   55   26    7    8    5    2    2   10   14   12    5   27   43   10   20   16
   69  147   68   60  101  110   82  134  121  192   61  191   82   61  141  172  137  114   57  145
  274  103   21   53   85   40   23  107   90  176  102   69   47   35   29   55   62   69  149  109
  130   23  177  123  189  136   85  106  223   86  218  154  171  141   96   84  129   19   81   24
   61  140   24  149  102   79   72  155  135  103   82   49   84  112   20  112  136   55  203  203
   72  101  113  190  170  171  249  507  412  203  257  278  453  209  802  335  175  202  225  191
  275  131  305  192  157  155  192  251  308  298  477  111  350  392  240  296  211  168  224  145
  253  124   51   51  208   48  128  122  144  143  121   98   30   84  159  243  196  101  160  104
   51  126   69   74   63   27   10    1    2    6   19    0    1    0    7   24    8    8    2   10
  111  204   81  237  259  178  263  128  165  138  147  224  221  225  194  157  157  307  294  247
  259  138  270  133   65  169  185  275  109   68   60   53  320  284  140  168  103  127  241  150
   49  145  147  131  291  198   89   77   49  114   58  229  163   83   71  276  102  327  173  138
  484  170  339  282  272  182   85  147  162  176  160  140  103  149  347   80  379  226  231   57
  562   61  121  233   75  177  107  106  212   79  220  390  122  173  233  364  211  186   93  339
  224  259   79  190  119  101  167   81   40  220  337  106  168  140  243  260  289  194  244  206
  333  114   82   91   82   15   35   91   18   44   51   70   38   53  107  105   57   53   54   29
  102   77   40   87   40   13    7    1    0    9    0    1    0    0    0   10    8   14    5    9
   81  130   81   76   70   52   78   55   46   84   69   43   93   42   44  103  187   80  113  116
   74   11   71   23   47  102   89  218  106  190  195  100  133  129  131  134  205  127   31  193
  102   58   72   25   77  152   60  102  174   90   27   51  281  155   85   52  112   18   61   73
   16   60   56  278  178   74   71  162   37  227   63   88  109   92   70  132   65  108   80  172
  230   91  160  128  137  149  257  439  147  172  178  130  200  333  348  208  108   50   43  135
   96  140  104   36   43  100  108  198  143  164  712   83   75  110  123  246  178  160  244   92
  207  110  102   78  132  101  137  150   59   65   23   40   73   26  211   71  227  124  129   78
  137  217   45   80  115   38   23    8    0    3    1    0    1    2    8   25   56   26   30   30
   55   73   49   73  147   97  150  153  131   91   81   50   24   12   28  133  345  240   75  182
  215  163    7   58  116  105    7   27  213   54   23   17   93   51   37   93  137  210  147  334
  259  179  551  291  433  158  265  181  118   50  161  188   74   39  132  106   57   74   70  163
   48  118  164  139   90    4   64  127   76   54  138   24  111   85  130  226   70  163  149  144
  141   59  146  168  132  234  113  235  189  112  368  320  217  324  265  242   67  182  154  250
  320  176  165   90   15  100  200  266  177  231  524   44  308  304  254  228  262  310  269  323
  319   74   82   50  131   92   19  102   63   98  175  257   51  180   17  116   97   39   22   11
   69   81  138   84   18   39   30   10    0   18    8    7    5    0    9   13   19   14   20    3
  103  109  116  122   87   30  128  191   84  117  109  125   34   40   85  216  253  140  115  127
  420  220   34   44   24   38   90  130   97   75   37   28   41   61   81  129   76  107  230  387
   67   76  229  103  276  177   41  164   67   44   20  177  242  179  207  118  242   65  334  131
   12   14   27   14    9  233  155  555  139  218  166  201  154  175  182   78   19  129  213  152
   14  420  210  356  170  257  437  826  741  339   63  118  257  203  778  186   72   35   80  121
   32   33   36   10   35   20   29   54   55   74  189   55   51   76  157  132  162  104  201  167
  169   17   62   46  114   56   88   81   43   43   21  157   67   73  126   88   48   72   74   66
  109   93   41   26   24   74   38    9    0    4    4    1    2    0   11    9    0   13    9   12
  107  104  103   45   36  105  211  134  107  106   63   90  105   49  221  616  253  327   95  163
  251  131   87   86   55  100  142  236  203  111  114   66  184  259  214  126  180  134  220  106
  146  159   67   80  134   73   91   52   75  101   43   62   99   30   20   79  129   58   82   47
   32   92  111  335  386   44   14  394   36  176  106   30   41  117  181  222  257  114  151  192
  103  244   95  418  237  323  284  637  448  397  255  137  311  232  386  234   83  164  123  285
  128   76  143  158   45   12  114  131  265  172  644   43  119  261  265  298  204  173  188  153
  315   93  124   82  106   41   80  208   71   30   44  217  263  111  140  181  225  109   64   96
   67  170   62   74   58    1   13    9    0    4    0    0    0    0    2   46   24   20   10    3
  136   47   48   53  171  157   70   65  119   55   85  110  185   28   99  151  312  225  135  232
  319  290  134  134   21   62   67  129   50   13   22   19   98  194  142  257  168  217  292  185
  357  254  515  179  463  209  214  324   44  138   95   79   87   78  274  130  133   88   81  162
   24   34    6  187   36  195   93  260  106  321   69   62   49   85  223  100   37   10  193   44
   58  129  169  130   72  146   93  206  288  273   41  147  161  158  337  212  283  138  354  184
   80  180  335  317  416  174  317  252  194  209  241  144  217  266  202  361  152  281  344   96
  169  123  140   94  149   59   32   59  170  178  143   97   91   22    9   16   57   40   26   29
   87   42   67  105    9   35   10    5   10   32   52    7   12    8    3    3   13   26   17   21
   43   37   32   44   39   56   91   78   41   41   33  120   12   17   87   74  167   67   48   15
   89  180   26   76   43   65   22  134  105  146   90  115  109  119  173   53  195  121  383  315
   66   65  135  108  351  206   51  251  114  108  251  162   53  156  184   39  201  189   89  481
  186   83  124  170  279   79  146  478  162  233  307  120  218  104  217  169  281  162  222  104
   99  123  251  110  120  133  242  458  379  396  119  161  225  173  368  225  170  174  136  231
  128   81   88  201  164  105  146  170  183  198  400   47  125   80  161  234  152  199   85  267
  137   48   94   42   55   15   25   76   56  104  198   76   97   31   87   44   37   54   43   36
   58  116   99   60    5   16   41   24    1    9    1    1    3    1    8   10    5   12    9   11
   58  106   74  123   46   95   83   84   76   82  103   49   96   44  103   89  152   71   44  115
  245  295  167   69   60   86   95   86  114  249  192   26  274  162  189  109  176  168  285  172
  127  259  198   79  124   77  152   67   50  140   60  157  121   79  146  232   62   87   28   55
   19  102  108   42   75   48   18   84   43  158  107   25   11   83   33  135   80  133  163  167
  111  137  224  434  157  170  332  517  245  143  134  256  212  331  505  101  114   57   53  105
   46   42  112   50   13  111   53  693  332  224  632   54   87  272  167  158  203  224  233  157
  274  164   42   78   97  143  218  170  197  109   80  198  106  288  127  183  215  146  138   93
   55  210   80  102   31   34    4    3    2   25    5    1    5    9    2    9    2    1    5   13
   93   57   77   83   56   10   16   16   59   45   80   57   38  123   75   62  237   86   63  126
  116  217   55   22   29   79   54   78   74   46   74   52  122  259   97  176   66   29  201   30
   19   79   81   62  111   66   39  153   21   63   83  116  151  142   98  184  181  198  202  227
  122   93  246   28  120  323  182  134  117  262   96  290  142   55   60   41  120   41   84  132
  120  104  240  131   95   80  158  302  113  127  208  187   95  114  189  196  121  193  172  103
  149  135   66  199  124   49   83  212   74  150  596  166  199  215  148  124  214  113  212   96
  168  107  186  157   97   27   24   39   54   98   37  153  135   98  135   65   76   55  111   90
   44   92   13   57   15   15    4    0    0   15    1    4    1    0    1    3   11    1   10    5
   83   77   50   77   18   27   48   77  130  160   61   83  108  161   86  220  237  153  135   90
  328  193   73   70   70  155  121  274  162  176  127   28  290  316  238  122   29   23  257  274
   98  200  234   36  217  130  210   52   35   50   30   54   66   93   11   16   13   58   45    4
   16   67   35  106  109   45   40  469   88  298  205   44   57   84  135  115   41  118  144  103
  156  236  163  183  167  237  154  339  269  315   69  141  233  334  469  215   54   97  261  178
  120  172  110   70   86   20  123   59  133  150  368   41  136   73  166  196  151  192  246  182
  125   72   85   77  166    4   68  121   27   53   67   18  109   56  107  154  119  155   43   80
  121   84   88  105   27   25    7    1    1    8    1    0    0    0    0    8    5    0    5   12
   95   97  111   91   99   81   55   79   44   69   54   80   35   92   66  108   44   20   64   31
  101   21   59  158   78  108   79  112  215  104   88   43  191   84   44  113   50   23   37   32
  128   98   51   99  193  103   52   88   49  122  137  164   96   38   61  100  135   70   57   68
   35   19  253   76  111  187   54  192  167  110  151   59   82  130  110  105  126  278  122  107
   99  180  149  211  144  178  241  420  325  297  212  333  288  337  340  323   84   91  275  330
  283  129  230  100  233  115  286  247  184  326  398  108  103  165  218  262  149  270  247  206
  246  100  101  100  155   44   36   88   84  162   88  103  140   69   60   90   71  135   53   32
   81  177   48  113   54   37   15    7    0    5    7    1    1    1    5    3    3    4    6    6
   49  200  119  128  115  106   52   39   71   79  103   43   94   41  127   34  106  122  144   87
   64  125   91   28   25   76   62   99   51   58   52   64   98  117  143   97   96   62   16   53
   94   44   89   74  129  220  204  142   81   62  229  143  225  131  172  455  313  507  383  229
  423  247  376  367  395  324  252  274  210  143  254  234  357  389  232  185  351  277  140  304
  130  205   68  102  121  223  147  486  292  126  287  183   94  189  341  209  201  163  161  253
  195  433  305  269  224  251  214  100  110  237  235  167  183  233  219  260  104  298  301  138
  231  190  102  150  162   68  108  110  207  235  262  167   44   62   79   86   78   43   13   30
   72  102   24  144   41   23   19    2    0    3    6    1    0    2    5   16   17   10   15   23
  145   98   57  137  126  164  140  159  197  216  198  112   71   58   96   68  149  108   37  293
  105   57   78  141   76  104   39   62   94   91   28   14  103  124  146  171  171  126   85   42
   23   73   52  185  137  115  122  109   56  121  125  122  111  148   45   69  167  171  136   23
  168  138   24  150  203  119   82  112  102   66   96   59   34   21    5   95    9   54   52   65
  110   61  125  137   79  159  193  295  211   85   79  103  101   44  116   76   38    6   83  103
   47  276  119  129  127  188  296  411  153  255  399   99  210   89  157  166  160  130  170  146
  183  138   67   53   72  204  169  111  452  132  144  139   65  126   64  304  228   68   34   24
  107  163   49  147   22   23   28   29    9   33   54   17    6   25   22   16   16   22    4   14
  228  125  158  147  120   63  219  184  154  202  208  177   54   62   96  165  230  230   50  327
  369  113   48   48   12   60   47   66   44   94   44   17  119   61  197  197  349  303  216   86
   74  142  104  204   65  174  169  201  229  241  156  487   77  179  144  138  187  151   92  148
  261  326  171  248  167   77  102  219   86  103   98   63  200  150  121   59   71  119  132  272
  168  147  126  233  139  431  127  502  221  213  276  347  143  180  468  177  197  104  117  181
  178  212  124  263  134  157  175   80  160   96  307   51  118  132  136  119   96  180  204  273
  216   57   52   49   74  137   53   88  302  116  154  235  100  194   54   80  109   60   28   43
   49   83   69   75   30   37   51    7    1   17   22    3   16    3   13    8    6   18   15   26
  113   44   46  108   69   51   57   89   37   55   51  107  106   96   80   84  119  177  119   47
  254   22   80   80  118  243   77  118   63  164  104    6  225  113   64   74    8   33   77   36
   87   65   72   67   18  145  171   56   67  206   96  169  174   52   67   92   56    5   42   50
  116   65   52  186   67  156   85  306   85  139  157  181   67   40   54  123   49  123  146  129
   31  181  241  250  175  240  150  224  263  213  221   98  159  131  535  173  190  166  173  390
  141  184  210  135  194  136  284  270  217  203  645   75  159  315  163  271  289  410  300  291
  201   56  107   42   67   54  109  141  127  124  167   70   78   68   29   59   61   96   51   37
   85  109   58   73   84   90   60   11    1   12    0    2    0    0    2   39   33   12    2   14
  140  144  193  165  240  107  160  205  165  120  223  143  112  184  250   62  200  230  193  113
  383   55   99   47   45   45   68  150   45  176   75   89  278  304  103  328  188  282  121  157
   83  173  138  250  220  254   66   80   67  184   85  110  140   83  121   54  201   54  112  263
   93  126   77  168  170  174   80  294  121   95  111  159  165   92  219  196  163  129  129   80
  104  213  266  276  125  424  143  548  361  207  132  175  169  106  298  228  287  240  200  217
   94  152  106  239  154  102  219  314  243  169  599  132  170  276  143  253  183  163  199  175
  244   52  119   28   29   22   99  132   71   79   66  152   22   37  117   83   67   77   43   55
   55  101   27   38   19   18   17    7    0    0    0    1   10    1    0    1    5    5    1   10
  122  300  125  197  162  114  258  205  216   98  276   89  192   61  350  101  360  281  179  428
  508  368  109   68   38   82  116  162   85  195  186   15  298  182  158   58   79  137  257  372
  158   99  119  144  113   70  111   47   36  144   55   40   58   51   25  260  107    1   14   29
   35   48   46  105   92  132   69  490  101  349  253  128  190  118  131  196   36  133  381  157
  126  116  203  158  109  268  191  724  907  422  149  109  128  436  658  236  199  203   99  215
  177  169  256  105   99  103  169   69  125  192  771  113  166  173  123  228  135  263  234  137
  255  160   71   82  112   40  114  177   93  151  138   73  107  122  167  174   64   53   83   49
   61   66   37  125   54   22    4    1    1    0    2    0    0    0    1    8   20    8   21   11
  249   77   28   74  106   58  105  142  150  143  225  212   53   84   95  285  255  267  112  104
  130   96   76   56   35   86   42   69   94   66   66   21  143  149   96  123   28   24   66   70
   52  110  190  104   89   85  107   55   88   74  147   33  158   80   21  139  115   66   38   13
   25   52  129  121   32  112    6   62   31   56   22   16   63   30   25   56    2   39  119   15
    8   72  102  205  119  113  236  353  159   91   93   25  148  212  164  158   57  146   90  379
   65   99  110  121  122  118  123  121  306  123  329  150  134  332  285  222  109  226  168  255
  193   89   49   99   75   28   32   97   59   43   53  130   83   65   44  115   56   41   44   56
   72   97   27   67   20   32   11    1    0    5    2    0    0    0    4    8   10    8   24    5
  144  121   73   89  145  162  190  231  245  255  188   97  189  128  169  167  236  198  112  110
  268  272  266  138  120  119  134  168  136   91   69   15  247  203   91  191  109  207  164   48
  160  503   79  197  166  160   85  320   77  140   88  383  229  256  204  233  112  254  175  167
  223  339   90  243   46  136   77  134   76   14   92   25  152   55   37   22   49   35   46  107
   81    3   99  107   41  135   91  297   88   61  156  129  138  314  262  194  192  129  155  170
   81  197  369  221  120  219  377  143   81  227  323  184  269  226  144  182  127  130  264   90
  147  112   93  148  140   81   17   63  217  239   97   85   46   68  107  127   50   40   41   39
   39   22   28   52   24   14    6    1    0    3    1    1    6    0    1   10    5    8    7    2
  125   52  128  194   63   97   80  162  192  108  136   77   64  167  116  103   86  163   96   80
  109  142   51   60  116   82   81  135  107  193  123   52  204  142  293   44  124  179  122   99
  116  115   97   31  134   75   58   46   86  117  107  180   34   35  101  157  257  259  184  167
  314  195  308  397  320  144   64   87  162   47  171  121  121  165  139  186  260  162  181  149
  389   55  277  184  129  273  320  375  383  389  238  292  301  346  520  151  144  243  117  418
  398   84  139   79   77  177   81  218  347  311  431  134  303  319  234  157  102  195  201  100
  232  113  145  111  216  108  153   70   79  127   91  169  157  169  151  225  191   59   23   51
   91   86   40   59   32   35    6    6    1    6    5    1    1    0    1    5   30    9   12   60
   57  141  120   53   70   47   82   19   11   62    7   53   38    3   67   65  106   13   48   18
   97   43   13   24   18   85   46   57   62   54   85   26  104   17  133    7   94   59   52   80
  179   10   63   51  119   90   14  365  133   53  171  347  199  304  349  237  153   87  109   57
  163   92   89  240  219  238   84  218   75   65   57   70   36   44    6   30   68   71  139    3
   66  225  185  119   52  112   87  275  328  194  111   49   83   95  380  118  121  116  113   76
   34  204  199   98  100  223  183  135  351  194  448   93  203   97  163  129  198  110  202   73
  119   75   43  103  140  110  115  116  229  147  214  137   56   56   19   56  104   49   26   51
   83   74  118  110   13   13   10    0    2    3   10    5   16    5    7    7   10   13   18   25
  105  169  157  173  134  115  102  131  161  158   66  196  125   72   97  105  179   73   74  144
  225   77  104   45   58   57   91  195  138  195  100   36  157   94  159  239   41  139  122  137
  171  204  361  144  282  228  271  101  124  120   35   58  175  121   51  164  328  135  104  160
  119   38   37   61   20  267   78  503  100  613  281  154   78  211  174  153   34   35  128   30
   43  553  272  650   41  112   54   75  124   98   23   49   59   23  151    9   16   95   82   64
   77   43   47   32   44   60   77  323  321   64  549  105  172  136  106  177  102  136   86   38
   49   92   77   80  146   55  162   98  132   90   65   67  113   85   52  127  143  130  121   60
   50   78   56   80   47   20    8    0    2    7    0    0    0    2    1   24   23   17   21    4
  127  119   68  145  117   51  207   40   41   40   94   82   66   66   24   15   92   29   18   54
   74   43   15    6    7   30   25   31   81   27   31   29  125   97   22  101   57   70   42   83
   39  162   43   40   43   33   82   76  181   65  158  230  251  228  181  150   90  213   82  125
  115  142   52  102   61  181   58   55   66   80   51  120  141  164  169  127  117  139  212  187
   81  142  118  172  143  188  103  191  360  248   85   80  105  194  232  327  127  129  241  343
  110  244  154   78  112  182  266  201  162  245  584  108  134  215  271  262  225  207  157  137
  191   91  116  192  145   82   44   95   57  118  127   48   26   19   19   75   19   30   13   77
   34   54  121   87   13   25   46    8    5   15    2   22    6   11   12   11   40    9    4   59
  108   89  153  142  174   71  121   25   86   51   71  103   80   58   99   99   49   36   46   25
   17   92   39   41   64   59  106  101  112  163  147   52  141  103  217  197  145   98   67   42
   78  174  142  198  151  196  116  105   94  139   47  111  209  223   77  180  190   42  143   37
   44   35    7  160  101  230  121  320  150  322  190   90   49   84   13  117   32    9   46    3
   79  251  135  289   58  176  182  120   96   76   12    8   72   93   75   17   57   25   79   96
    7   58   85  165   65  181  139  153  213  142  324   89  129  111  130  182  212  113   99   18
   97   60  122   93   91   90   97  105   91  121  112   89  163  139  154  181  243   55   17   75
   37  164   46   39   11   32   17    1    0   18    5    6    0    0    9   50   55    5   44    8
  160  139  118  131  133   95  158  157  121   88  150  180   53  104   79  129  191  213   56  235
   87   76  156   92   22  129   41   99   26   52   67   33  159   91  154  106  203  158   37   35
   16  120  382  130  271  300  176  177  156   94  100  145  305   90  105  383  226   87   98  175
  119  112  120  155  133  175  125  149  124   57   54   40  224   63   55  139  113   67  125  160
   81  205   82  151  153  218  132  325  330  330  118  243  198  270  511  212  101  120  241  171
  156  439  262  235  166  348  334  190  114  114  242  195  357  331  484  348  254  158  290  153
  274  157  150  187  139   58   67   93  137  148  110  101  158  137  114  171   89   93   74   36
   88   88   66  145  112   52   24   11    1   26    5   29    0   15   35   52   25   34    4   40
   14   51   69   55   30  132   85  197  170  124  142  106   56  116  131  174  136  339  117  263
  372  368  112   47   49  148   92  137  148  181  147  106  214  336   81   28   33   58  150  161
  234  248  487  130  100  133  172   30   64   54  105  197  138   83   41  362  138   41   73  264
   39  224  126  183  133  235  124  371   97  118   84  133  144  116  202  172   89  258  312  382
   68  378  236  609  280  548  340  728  318  261  331  361  224  239  524  350   58   89  212  169
  168  105   78   88   98   32  129   81  240  172  277   33  163  216  127  161  196  139  115  230
  204   87  119   35   65   19   49   46   37   61  123   49  100    8  238  129   49   86   66   58
   88  133   71   58   45   14   11    7    4    6    0    4    2    1    2   22   19   41   38    4
   43   48   27   85   82   26   60   43   66  111   28  135   69  105   85  215  355  128  133  178
  372  171   83  105   33  109  137  174   96   93   92   55  120  153  218  130  273  150  179  170
  257  156  173  253  204  112  251  159  297  154   86  176  277  149   52  211  113   71   55   94
  154   93  228  146  104   68   41   27   88  203  198  117   35  196   76   80  113   92   43   65
   59  313  412  562  120  508  316  568  604  270  131  115  209  204  455  137  148  120  138  289
  151  147  202  154   51   65  127  174  329  201  445  129  200  199  211  167  172  239  241  147
  205   90  105   94  150   24   94  159   92  142  172  224  215  148  184  164  190  101   66   76
   72  131   53   67   39   27   29    2    1    7    1    0    0    0    7   18   29    9    8   23
  145   89  110   87   65   57   62  101   77  144   63  140   88   64   97  105  227  137  172  196
  128  192   73  131   92  153   88  151  110  101  172   67  250  181  543  184  309  276   71  121
   72  157   88  102   58   61   17   38   19  177  149   86    4   83   68   44  136  125  133  167
  110  272  236  268   96   81  138  209  125  313  184  210  169  239  161  246  184  234  326  116
  259  394  338  395  189  390  271  536  264  148  231  221  312  222  520  227   95  125  137  123
  152   76   52   91  167   37   66  241  254  187  578   67   50  230  171  212  154  139  335  197
  206   59  177   45  120   92   25   75   79  141   41  161  224   64  132  115   60   50   29   30
  116   76   45   33   51   47   15    6    1   14   21    2    0    1    2   41   13   17    5   17
  109  295  141  194  143  140  359  165  218  198  196  135  119  129  230  166  183  270  144  216
  195  244  106   35   13    6  135  103   46  100  183   86   83   55   57   52   38   28  265  213
  283  148  260   50  280  142  105   81  110   34   49   22  139  205   76  435  194  191  122  207
   30   11    8   55   32  313  122  371  131  269  301  247  201  300  197  226   52  185  199   77
   16  359  436  432  200  538  195  320  355  271  239  158  348  256  470  132   42   57   57   65
  159   81  128   23   28   27   46   93  197  112  289   31  109  143  152  132  130  358  228  165
  213   63  141   61   48    4   28   33    6   75   22   10   14   14   90   32   65   65   18   68
  105   71   50   72   45   15   13   16    1    5    4    2    7    3    3   14    4    8   34   21
   19  175  111   83   76  224  172  195  176  109  250  112  233  178  187  157  414  240  168  139
  291  376  160   67   49   33   79   55   68  115   23   14  114   93   67   71  117  250  192  319
  201  387  260  230  310  249  317  178  218  186  194  364  126  109  231  113   45   31   63   90
   15  358   36  383  117  236   85   83   15  115  297  141   55   54   11   63   20   13   99   50
  119   45  148   92  120   44   64  143  143  512   74   72   96  141  250   92  263  184  251  122
   70  318  212  228  283  255  185  451  170  237  221  182  314  353  399   86  106  123  261   67
  204  110  137  221  226  142   88  139  215  234  192  170   55   91   20  138   78   86   22   26
  106  121   75  141   14   16   10    4    5    8   14    6   10   47    8   11   15    7   20   56
  106  129   51   55  139  151  146   62  106   83  129  111   56   25  188   56  171  157   74  180
  248   39   21   29   19  150   19   56   40   12   73   24   64   41  249   42   32   85   21  100
   76  123  160   47  117   77   66  113   34   98   18  150  152  292  181  262  346  386  335  276
  143   51  245   53  119  224  283  262  315  253  154  483  422  239  357   97  315  144  414  274
  174   85  139  268  183  355  583  324  240  206  406  270  303  193  540  253  180  217  182  215
  205  103   82  161  186   38  178   90  158  362  442  103  261  265  271  356  304  375  299  203
  152   59  150  180  161   97   20   58  104   22   85   81  177   57   16   63   26   17   28   22
   95   79   32   59   22   15   19    2    3   35    0   19   14   22    3    9    5   74   27   61
  142   59   73   58  119   22   90   78  134   88  158   84   92   97  136  135  260  114  145  154
  150   87  124   54   44  231   77  156  141   56   16   35  164  152   44  155   21   10  101  277
   97  219  326  129  513  382   63  107  102   96  267  202   56  141  142  238  128  135  149   95
  150  120   91  331   91  199  205  270  163  261  323  284  100  166  170  301  318  132  130  116
  219  262  356  225   79  224  179  377  324  245  229  116  156   69  491   53  207  304  207  137
   26  211  169  243  124  175  210  170  255  145  544  176  258  222  297  213  172  164  320  128
  168  100  159  120  167  165  132  146  208  170   99   87   84   70   80   86  100  112   53   52
   62   81   61  112   40   24   26    1    1    6    3    0    5    5    5    4   14   17   16   42
   60   75   42   54   57   14   85   33   82   65  111   86   52   80  147   57  191  209   81  267
  139  108   60   20   17   48   56   95   74   81   88   18   50   95   97   72   57   44  149  251
   66   49  110   54  243  150  169  155   79   66   57   45  160  144  193  374  390  284  199  161
   23   47  121   79   83  159  186  236  204   96  188  240  253  337  232  320  140   99  233  111
  106  200  175  390  163  249  382  173  258  496   90   74  123  138  319  356  155   56  137  223
   71   72   99  105   93  180  194  324  324  187  423  196  229  133  302  184  210  202  149  106
  204  142   92  118   82   28   59   95  148   81   36   44   41   15  270  127   93   70   64   33
   66  111   78   95   34   20    6   13    1    7   14    4    0    0   10   53    9   19   17   13
   78   66   16   46  115   77   83  131  117  161  164  190   49   54  127   94  256  139   94  246
  185   33   44    7   36   54   32  102   87   53    9    0   74  118   47   63   22   59   74   29
   11   92   83   32  136  117   38  154   55  147   55   51  313  173  123  165  283  156  140  130
  147  192  213  183  304  195  264  491  172  209  203  103   94  147  168  320  158  142  391  234
  140  508  240  523  242  386  244  482  338  407  169  268  302  141  281  115  191  238  130  330
  216  200  202  187  199  107  238  218   88  237  262   84  268  271  251  344  247  242  255  278
  276   45  191   64  138   37   44   33  101   55  169   86   12   31   36   56   34   25   23   36
   79   85   41   51   43   21    3    0    0    8    9    0    1    0    1   18   18    4   78    5
  119  129   89  120  116  213  256  161  178   91  111  111   79   97  101   36   88   86  128   80
  217  104   66   46   23   53   17   40   41  119  107   14   34   72  116   52  132  216  152   42
  231  222  208  203  280  268  263  191  229  266  271  135  212  128  127  112   48  234  107   98
   94   99   56  157   55  107  117  263   78  114   78  140   23  145   57  108   62   12  126   47
   15  173  192  269  178  205  412  384  281  235   48  127  221  147  536   75   22   17  153  124
   27   83  187   55   30  166  174  262  375  155  991  119  170  227  223  194  112  157  121  153
  189  136   65   96  124  179  182  200  140  274  210  280   75  232   89  178  230   86   59   50
  113  106   67  179   55   27   20    4    3   16    9    8    0    0    2   24   11    8    5   48
  101  106  128   81  132  113  110   39   56   59  106   58   62   63   77   13   63  103   67   72
  167  215   91  163   86   62   30   89  101  109  137   53   51   77   68   32   77  164  149  178
  196  182  130  177  167   87  121  118   69  122  102  291   46  117  111   76   90  119   78  216
  200  232  111  222   88  158   93  435  165  117  135  267  186  124  110  160  167  160  248  231
  154  195  165  234  115  205  261  248  168  189   98  106   85   74  169   55   68  128  131  184
   80   65  103  327  105   93  121  129  216   90  166  105  144  216  246  183  250  169  164  139
  245  138   47   44  117   33   71   37  161  131  136  113   92   34  214   74  104   43   73   36
   71   80   46   63   53   23   13   13    1   28   15    3    0    0    6   18   16    9    5   31
   53   14   34   13   40   46   99   42  103  159   58  108   62   90  130  119  291  191  121  146
  330  185   36   10   32   64   72  224   81   92   75   25  123  208  102  109  135   74  144  257
  105  161  215  101  333  446  186  239  426  118  291  259  312  215  213  307  133  188  137   35
   93  293  102  251  178  271   60  226   87   97  134   34   47  153   70  155  142   43   64   84
  105  339  223  394  125  142  252  264  310  231   90  205  150  122  371  182  211  118  107  180
   50  198  249  170  224  318  222  128  212  167  334  249  187  197  280  253  216  242  354  204
  245  155   75  112  167  127   76   86  118  225  336  107   78   89   85   48   44   17    8   20
  106  126   84  161   31   38   20    2    4    6   21    9   12   52    8   61   40   13   35   87
   43   36   31   56   73  115   47  121  122  123   35  104   36  236  192  100  342  115   43  113
  218  102    7   15   19   23   48   70   44   71  129   58   48  162  112   91  248  100   79  119
  147  199  262  158  211  155  145  137   39  162   79   72  111  107  155   23   54   59    6   71
  107  106  151  146  129   49   24  151  168  179  125  109  161   45  180   77  114   39   34  177
   71  108  188  184  122  130  239  428  285  200   88   84  169  226  537  245   36   73   54  200
   62   43  127   92   30    6   17   52   92   33  235   40   78   63  146  126  161  115  208  131
  230   79  113   32   42   99  147  138   54    7   20  173  156  133   99   90   98   22   16   10
   62  109   92   66   35   36    4    2    1    4    5    0    4    0    1   14    3    4    4    7
   45   54   73   48   49   49  104   67  100   88   45  105   70   32  109  163  246  198   64   55
  452  192  147   34    7   71   71   81   81   15   10    5  104   36   84  112   43  158  284  482
  308  227  236  327  196  232  235  207  149  229   55  163  116   82  147  223   60  150  109  128
   62  215  202  139  107  197  123  381  159  265  230  123  101  105  202  248  160  332  609  104
  164  287  276  517  164  443  287  253  409  282   65  203  200  231  392  191  143   57  146  245
  135   79   50  163   75  105  241  222  184  193  741   67  151  220  151  254  132  252  231  123
  173   57   87  107  169  161  110   74  163  209  102   81  125   48   56   49   77   93  121    7
  176  174  102   84   22   12   24    1    5    0    2    0    0    0    1   25   20   36   11   54
   85   82   32   70   70   37  148   24   40  147   46  126   49   72  151   70  224  109   52   91
  226  138   45   62   77  121   75  121  140  133   69   52  132   68  239   99  116   40  294  205
  169  187  339  107  149  168  154  307  213   59  208  319  141  191  178  114  138  149  161  170
  241  431   85  357  300  173  126  145   52  104   74  118   68   49  111    8  180  111   75  128
  130   84   78  163   35   77  202  446  365  347  213   93  101  317  502  232  105  370  156  234
  318  350  365  277  108  236  175  113  147  191  274  209  169   76  198  310  156  203  217  156
  358  129  147  172  163   87   47  110  193  164  121   98   45   61  146   91   86   72   12   36
  100  131   70  102    7   17    7    2    7   14    0    0    0   10   21   12   11   13   10   17
  165  182   95  146  128  123   69   87  224   73   67  105  116   26   65   47  148   63   45   72
   63  100   29   46   28   21   10   20   30   56   43   17   61   76  288  198  107  188   77   85
  115  128  123  180  184   78  146   88  124  270  130  138  220  103   92  290  213   41  267   49
   39   62   37  243    9  302  141  336  161  378  149  244   96  133  111   54   28  162   99   54
   77  104  297   75   63  103  296  646  498  427   24  208  120  125  463   68  147  106  208  131
   16  119  224  107  385  162  112  111  169  166  474  114  111  226  259  251  170  170  283  138
  183  126  115  109  191  176   89  104  187  163  130   84  185   80  185  214  126  116   56   77
  107  115   94  108   35   43    1    0    1   15    1    0    0    0    3    2   13    4    5   12
  120  130  105  122  182  166  110  147  178   96   58  133   91   27  206   80  497  357   97  369
  352  263   56   39   63   48   49   93   74   97   66    5  178   58  155  208  352  243  280  195
  201  422  322  275  189  202   91  139   98  179  303  146  141  142  151  202  165  208  192   86
   84   76  108  300  119   34  219  174   64   53  181  132   63   78   68  104  195   94   32   48
   54   30   48   39   61   63  219  534  428  425   19  103  181  104  457  143   62  144   89  171
  114  230  125  138  106  219  260  252  292  230  840  140  144  221  241  126  177  215  237  122
  169   85  141  128  139  100  109  157  180  284  293  181  125  212  117  186  128   31   43    4
   65  129   94   83   10   10    5    1    0    2    1    0    3    1    4   19   22    9   11   13
   63   43   17   69   44   21   76   76   55   71   80   59    5   47   69   70  208  152   57  322
  325  281    8   18   31   19   45  139   25   18   52   21  171   88  230  171  194  126  195  149
  234  228  380  104  163  388  127  299   99  137  177  136  292  284  239  303  222  129  129  132
  134  130   98  133   70  209  152  237  163  228  164  217   89  122  135   79   98   58  175   27
   83  159  241   42   29   45   45  202  219   70   63  154   92  109  310   45   67   58   49   26
   55  251  222  155   36  113   83   50  115   33  514   64   61  146  105  145  200   57  194   90
  196   64   92   39   71   76  105   83  133  136   94  179   98   94   78   96  100   53   32   43
   86   49   62   75   90   30   36    2    0   10    9    1    0    0    2   17   12   49   26   55
   65   21   43   79   26    5  115   48  106   43  215  126    3   36  162  156  158  242  150  280
  212  106   29   60   17   17   29   46   33   46   79   18   60  132  107  239   53  150  206  166
  168  149  119   80  362  122  116  134  146  174   36  155   71  198  220  164  240  145  247  155
  132  113   74   85   86  443  157  211   89  283  137  319  245  186   82  272   61   75  157  147
   51   74  101   63   96   82  157  212  457  203  142   98   76  253  636   61   70  111   93   76
   44  147   81  130  107  202  176   57   64  193  478   77  142  130  173  155  241  138   91  138
  275   84  130  129   82   84  117  119  155  176  201   38   28  137   54   59  103   44   16   24
   62  107   84   94   10   11    5    1    1    3    3   16    4    0    2   48   37   14   13   10
   82  130  101  121  107  145  304  125  172  173  124  126   96   91  121  122  207  178   50   40
  333   79   62   68   63   65   63  111   88  147   51   18  114   59   46  101   42   51   77   44
   24  103  175   28  106   79  148   85  103   66  197  233   20  115   68   94  213   93   60   70
  138  231  136  275  154  263   52  189  105  148  232   40   31   84  141  149   92   83  354  146
   86  265  415  418  334  387  368  529  405  237  203  220  309  281  333  228   47  135  164  159
   85   76  113   91   62  135  226   79  229  316  236   22  139  235  135  242  180  158  259  189
  301   67  125   48  125   43   56  106  136   69  111   20   41   23  159  104  128   36    4   13
   93  151   26   20   29   10   21    2    3    9   15    0    0    2    0   17   73   20   32   29
   30  120   45  162  135  126   75   40   75   83   83   50   65   35   49  100   84   13   59   11
  192   63   20   20   12   82   40   75   69   57  109   35   50  142   12   61   58   65    5   80
   98  106   65   42   92  207  174  205  231   67   65  196  335  158  162  278  203   29  157   75
  145  138  123  170   95  459  313  345  322  358  294  179   60  174  196  176   98  220  113  125
  115   87  195  173  200  173  242  307  211  171  252  244  290  122  870   96  100  167  238  103
  201  303  330  201  239  169  209   63  180  234  443  184  412  300  192  214  142  254  141  100
  211  149   59  103  214  106   47  111  108   92  130  133   67  140   29  140   85   49   83   31
   59   80   57  124   60   31   13    3    0    1    9    0    0    0    0    2    8    3   45    6
   66  172   84  186  106   89  107   51  128  182  110  207  119  105  103  151  239   70   12  106
  194  182   38   37    4   25   79   75   89   27    4    1   82   77  171  223   99   61  179   38
  165  184  100   79  207  254  191  216   81  142  104  118  468  185   98  253  268   64  200   95
   74   42   57  104   14  276  150  379  173  415  231  196   94  229   94  190   61   93  186  126
  226  444  292  153   47  274  260  181  145   72  269   82   65  242  238  244  191  192  233  242
  210  107  101  190  205  392  163   92  291  193  382  192  285  332  340  280  135  253  184  132
  252  136  171  160  134   60   27   63   72   96   73   73  114   25   75   20   91   39   12   20
   61   45   16   50   18    6    2    1    2   10    9    2    0    0    6    6   10   14   20   53
   35   82   53   63   24   28   80  119  117  117   29   98   24   59  109  281  150   68   94  101
  283   66   40   48   22   33  160  101   45  115  126   46   76  145   48  116  181  118   41   90
   87  421   94   97  217   60   78   50   87   95   51   43   35   78   60   87  154   69   32   70
  163  142   47  164  187   62   34  158   93  229  137   22   54   95  132  144   88  120  243  194
  109  143  232  391  140  393  323  396  315  607  153  122  388  355  401  304  167  170  184  219
  177   88   89  177   38   61   84   70  173  265  111   46   97   79  143  194  188  187  210  125
  223   53   78   21   66   69   14   72   19   33  107   57   71   25  257   33   25   48   28   82
   67  180   72   34   46   56   47   37    2   37   78   20   12   18    1   11   14   16   37   24
  144   95   84   93  200   79  160  147   90  105  215  104   76  282  259   29  220  128  392  209
  286  315  197   45   14   77  172  158   92   74   26    6  233  160  164  142   71  127  245  206
  258  155  101  111  159  214  105  216  234  196   58  218  220  217  243  190   95  386  164  208
  168   69  213  106  233   78  104  114  230  205   46  184  206  156  158  233   98  126  100   17
  167  138  139  163   40  140  299  369  214  313  335  211  270  256  553  214  146  114   84  226
  236  100   68  239  207  137  129  205  249  187  575  119  173  296  200  176  230  156  252  175
  302   39  134   63  164  105  130  109  146  108  101   89  125   86  204  182  215  128   52   23
  121  179   72  119   47   19   14    4    1   71   26   11    0    0   16   14    6   14   11   22
