   19   18   29   21   33   29   22   31   47   24   34   26   22    3   20   21   31   29   18   25
   38   51    7    9    8   13    0    4    3    8   15    8    1   10    3    9   34    4   25   54
   27    5   38   39   59   33   30   61   70   16   69   47   68   79   96  181  210  133  207  210
   94   91  169  102  227  111  249  318  420  259  377  246  327  228  205  428  295  269  180  328
  216  125  140  173  592  205  231  245   78  127  449  190  363   75  101   76  115  184  127   39
  120   87   48  161   89   79   72   50   50   72  124   53    4   16   21   75   40    3   27   18
   43   26   52   13    4   44   52   38   57   83   74   34    5   36   16   35   72    7   11    5
   21   23   10   10    3    0    0    0    0    1    0    0    1    1    0   13    0   20   26   13
   19   39   19   21   30   36   22   31   53   49   66   33   42   43   39   21   54   63   18   43
   44   29    7    9    8   13   13    7   19   20   51    8    6    8   24   18   34   40   57   38
   21   17   27   39   26   31   22   51   70   40   69   92   68   76   96   66  112  136  207  133
   95   91  169   78  190  111  136  107  236  187  242  246  208  228   81  250  167  178  264  347
  121  126  140  122  248  205  317  245  102   64  438  205  232  100  101   38  112  137  110   77
  120   69   67  211  100   59   92   50   54  149  130   43   26   16   24   18   31   23   27   29
   43   31   52   13    6   54   42   54   53   83   74   34   40   36   55   60   52   16   11   14
   21   17   10   10    5    7    1    3    0    2    0    0    1    1    0   13   84   20   38   56
   19    1    3   21    2    1    5   12   13    6    9    7    0    0   18   15   57   16    5   13
   48    1    0   13   19    7   11    3    4    0    0    8    9   11   10    8   34   14   11   33
    6    8   13   39   26   28   36   10    4    9   10   14   20   28   19   56   55   73   90  113
   46   29   96   85  143   59  138  136  294  170  251  185  174  228  201  242  179  215  237  190
  136  167  266  158  172  259  147  238   64  125  152   82  111   53   49   13   85   72   51   41
   54   85  107  129   84  104   50   50   62  133  126   57    4    0    5    7   16    2   11   21
   43   72   52   34    3   26   22   14   41   35    9   34   14   36   30   21   15   28   13    9
   21   19    7    3   20    6   18    2    1   42    1    2    1   15    0   13   13    5   12   17
    6   11   16   21   13   11    1   18    5   10    3   19   11    1   14   23   39   40   21   49
   12   12    9    9    8   10    9   35   22    6    0    0   21   16    7   15    8   10   36   32
   35   18   67   23   45   34   33   35   34   23   26   54   64   93   84   93  180  195  205  200
  226  107  244  146  205  137  289  277  350  213  373  369  222  450  373  344  261  174  202  301
  191  168  177  114  447  217  217 1166  349  269  692  109  364   49  171   55  115  171   43   55
  233  167  109  162  113  112  105  110   76  101  192   92   28   17    2    4   19   13   16   43
   11   41   60   16    1   61   41   55   65   69   46   27    3   37    5   29   32    8   10    4
   20   22    3    3    0    0    0    0    0    0    0    0    0    0    0   14    9   52   46   16
   15   29   15   21   21    5   14   36   41   29   40   17   16    8   13    7   20    6    7    8
   13   36    6   23   21   16    9   10    9   18   19   21   10   16    9    9    6   11   18    6
   13   12   19   27    4   13   23   33   69   33   15   86   19   60   92  106  129  210  264  181
  105   36  153   53  142   84  210  104  165   92   56  149  201  123  106   52  176  133   90   84
  128   39   70  113   62   96   33   46    4   54   56   41   28   20   90  111   54   56   39   40
   39   46   48   84   50   62   47   27   44   60   46   38    0   11    8    8   28    3    4   24
   94   52   15   16   11    9   16   39   33   37   40   22    9   22   14   16   14    3    0   24
    6   34   30    6   14    8    6    1    0   13   41    4    0    0    0   12   51    9   35   33
   25    8    6   21   13    2   16   27   17   14   40   24    0    6   26    9   33   17   30   16
   51   15    2    2    7   10    7   13    6    5    4    0    9   28   17   10   21   38    7   35
   28   14   44   53   85  179   62  141  162   75   71  198   76   66   73   74  102  125  121  120
  108  214  133  115  121   55  177  103  137  176  222  247  221  247  196  149  152  154  153  165
  125   79  163   60  151  124   71  143   94   85  162   61  106   53  161   23   42   30   49   31
  107   80  107  160   67  114   78   36   53   82   85   59   43   39   21   21   11   15   21   18
   39   29   28    8    8   46   42   46   65  124  117   44   22   33   23   48   45   14   46   17
   32   28   14   10    7    5   12    0    0    3   16    0    0    1    4   10   31   18   25   43
    6   23   18   19   11   38   40   36   35   18   31   25   10   14   37   18   52   41   12   27
   48   31   10   19   16   20    9   25   36   77   54   23   29   39   77   45   56   34   39   37
   43   37   79   50   50   64   50   80   72   96   79   90   84  116   91   98  136  217  219  196
  149   85  227   90  236  111  299  153  311   46  209  374  335  226  227  186  282  228  192  227
  162   68  129  177  213  138  130  212   64   43  171  132  101  138   57   96   96   54   31   42
   78  108   82  134   61   50   93   71   60   87   89   44   29   15   11   21   60   24   54   98
   68   46   97   17    3   53   69   86   68   62   93   44   40   59   36   55   51    6    6   12
   27   20   20    3    8    6    5    4    0    2    1    1    0    0    1   39   42   13   24   41
   56   34   31   31   38   32   20   36   26   18   18   18   15   18   15   33   32   32   28   56
   23   48   12   15    3    4   13    9   13   30   55    4   14   18   30   31   65   49   23   34
   45   31   75   56   76   99   77  111  110   65   79  159  207  214  192  147  154  246  287  229
  270  211  230  174  179  165  297  147  282   83  122  228  251  107  185  131  138  194  145  195
  103  100  103   49  258   89  146   32   92   28  177   87   39   33  113   54   46  152   45   44
  115  232  122  227   29  142   29   70   76   77  152   64   13    3    1    3   33    2    7   24
   28   16   24    7    2   90   32   16   79  113  104   14   19   21   41   37   42   21   11    6
    9   18   16   14    1    3    6   17    2    0    0    0    0    2    7   30   43   40   23   49
    8   14   12   10   11    8   42   69   55   49   26   50    9   20   28   41   64   60   33   51
   60   19    9    8    5   15   18   14   18    3   11    6   11   13    5   38    3   25   55   45
   51   50   21   18   29   34   25   36   41    1   33   78   84  100   78  195  150  230  313  219
  244  115  153  144  129  151   94  103  141  122  148   86   79  170  157  150   98  132  190  168
   89  169  270  183  240  220  148  200   30   66  258   87   67   63   64   45   40   95   59  107
  193  158   49  118   25   11   12   10   24   32   34   49   52   36   19   20   37   13   16   36
   21   43  149   19    3   18   13   21   10   74   43    9   28    5    4    5    5    5    3    3
   33    1    1   12    2    0    4    0    2    2    0    0    2    0    8   31   80    6   25   51
    9    6    7   13   15    4    8   27   34   34    9   46    7    3   35    7   17   26   19   29
    8   18    0    2    1    1    2    6    0    7   10    8    3    4    2    5    6   14   25   13
   14   10   44   10   25   25   13   31   22   10   81   52   55   84   93  126  144  140  187  111
   69   56  120   98  122  144  275  180  263   87  164  213  143  203  247  134  133  143  132   93
  113  107  112  110  135  214  113   91   18   34  110   55  106   56   37    3   70   49   62    3
   59   60  105   56   74   49   26   18   36   43   73   48   18    1    2    7    8    4    2   20
    0   12   57    2    0   53   18   25   23   90  133   15   14    9   63   45   49   39   26   30
   49   49    8    2   20    7    2    0    0    2    1   19    0    2   10    5    8   28   17   26
   33    5    3   16    2    0    0    6   10   19    7   41    8    2   17   13   42   24    1   31
   25   26    2    7    3    3   10    1   33   28   31    5    7    3   18    7   22   13   15   29
   14    6   22   29   58   30   34   27   24   32   47   35   22   23   32   54   76  120  101   98
  109   64  128   94  161  102  186  251  181  194  302  260  161  346  275  290  210  310  334  442
  284  166  177  240  299  274  387  345  220  143  504  282  332  130   93   65  209  176   70  130
  237   77   70  112   50   64   59  108   90   82  108   66   40   15   25   24   20   17   23   63
   70   28   24    5    9   49   51   65   67   43   94    8   11   27   29   20   38    8   17   35
   19   15    5   25    6    3    6    0    0    0    9   31    0    0    0    1   16   18   21    9
    4    4    2   27    0    1    5   16   26   28   18   30    1   24   17   28   46   67   26   78
   86   32   13    8    9   12   18   26    7    7    1    0   13   40    1   21    6   18   63   23
   30   23   32   25   23   53   35   50   36   11   68   93   72  113  110  103  109  222  236  170
  137   94  184   86  145  139  289  179  273  113  123  280  262  250  205  201  254  131  272  196
  136  151  135   86  249  138  124  115   50  150  137  184  153   80   47   51  105  115   38   48
   86  183   73  114   80   80   41   15   18   46   44   47   10   10   27   29   48   37   39   46
   33   12   24    6    7   24   15   13   57   60   87   16    8    4    1    7    7    5    8    0
    2   21    3    7    3    1    0    0    0    0    1    0    0    0    1    6   20   13   14   23
   39   38   18   27   29   11   63   24   10    8   26    5    9   10    7   25   50   22   14   16
   87   88    1   13    9   20    3   27   11   15   14    6   33   15   21   64   38   26  119   64
   91   79   41   30   47   54   68   60   99   56   60  120  130  151  129   99  139  255  117  161
  227   94  114   87  197  122  197  104  124  139  132  189  154  101   89  101  111   77  115  114
  151   37   60   16   60    7    7   22    3   20  146   25  111   12   22   13  154   27   22   11
   41  154  179  270   95  111   10   62   58   49   73   20    6    6    9    5   33    1   40   18
   39   16   35   12    6   54   37   56   74   97   92   27   16   29   20   22   31   20    8   15
    9   24    9    9   12    6    7    0    0    0    7    0    0    0    1   13   39   13   19   15
   14   20   22   26    6   17   19   23   25   15   24   10    9   16   16   66  112   66   47  130
  115   88   30   19   22   76   31   70   71   85   70   35  142  108  129  136  104  102   79   74
  117  130  124  156  169  103  144  182  183  194  225  290  197  186  188  171  161  102  246  175
  199  145  271  175  278  115  152   74  199   13   81  192  187  280  250  149  290  283  191  361
  389   30  126    3  188   55   66   45    9   21  389  103  228  105  188   68  228  187  176   85
  156   88  135  167   85   96   96   92   95  154  115   49    9    1   20    7   30   26   16   26
   43   13   50    5    7   53   78  109  219  118  111   69   71   66   69   64  102   21   30   48
   51   62    7   13   16    9    9    7    2   12   24    0    2   12   20   11   33   25   50   48
   28   12    7   15    6   10    8    7   12    5    7   10    4    2   10   22   36    7    4    6
   26   17    1    5    5   13    4    9   30   18   13   12   26   16   51   38   77   45   19   29
   34   33   90   39   84   82   66   86   66   45   64  119   96  105  106  132  158  208  287  219
  184  129  185  119  215  152  313  181  260  143  226  285  360  309  183  189  172  160  166  276
  143   95  177   83  230  390  301  593  303  175  388  315  517  312  175  110  120  132   63   96
  117  111  134  104   72  112   81   72   52   72  144   50   69   14   24   29   31   15   37   40
   22   41   18   23    0   72   81   51   99   98  114   74   80   54   48   44   63   32   12   48
   33   90   10   14    7    6    3    6    0    1    0    0    0    0    1    0   22   10   17    9
   14   19   17   20   47   29   38   27   30   53   44   46   39   17   11   54   57   53   21   31
   39   17   15    4    1    5    3   15    4    6    3    0    9   10   15   26   14   20   29   30
   38   11   63   17   21   24   57   41   70   34   38   69   34   87   86  107  160  163  359  229
  101   46  240  118  171  122  271  177  316  240  164  359  263  280  252  188  290  242  145  212
  185   94  145  175  227  386  225  357  212   73  345  156  254   70   59   89  102   78   34   25
  201  113  111  143   62   41   40   30   38   25   93   24   40    2    3    7   25    1   29   26
   23   25   61   12    4   47   27   29   77   83   48   35   14   33   15   25   29    9    8    4
    5   26    9    6    0    0    0    0    0    6    7    2    0    0    0    4   21    9   40   37
    7   17    3   17   27   10   24   30   16   41   13   41    6   12   34   29  104   61   41   64
   90   75    9    9   12   28   32   30   25   24   29   12   27   41   13   24   27   26   30   13
    9   22   52   76   48   76   40   73   63   52   75   71  123  122  193  177  146  154  248  180
  130   81  145   39  105  105  145  147  147  173  135  187  161  207  155  142  192  204  136  177
  174  156  195  124  207  337  219  206  396  272  241  204  255   85  196   75   59  170   58  115
  102   66   66   77   30   38   52   54   25   54   61   45   22   13   21   19   71   52   47   55
  123   22   21    2    6   65   38   59   37  100  101   38   13   38   21   42   52   41   13    5
   24   52   10    2    4    0    9    0    0    2    0    0    0    0    0    1    4   14    7   13
   17   19   18   13   14   19   22   11    8    3   45   10    1    5   37   20   28   37   19   43
   36   25    4    0    2    4   15   26    8    2    6    0   23   10   15   46   12   28   14   23
   34   36   59   13   59   14   49   14   31   21   39   55   19   50   91   99  139   96  185  103
   86   83  103   86   90   76  149   64  194   65  110  283  237  123  231  122  153  169  208  209
  147   36   63   21  128   41   91   47   40   69  334  118  179   61   60   52  123  131   62   92
  119  179   96  180  141   82   71   34   70   62  108   70   31   54   30   47   38   66   40  143
   56   29   61   31   16   61   51   39  104   77   50   32   21   26   11   42   54   23   18   13
   15   27   11   16    6    1    0    0    0    0    0    0    0    0    0   36   59   24   36   35
   17   28   33   28   37   30   46   44   22   18   44   32   22   36   40   43   52   44   36   60
  145   70    5   14    7   24    4   29   24   14   18    2   30   38   60   59   83   76   64   36
   40   71   70   99   51   52   65   84   88  159  121  152   65   92  100  101  103  141  147  137
  163   89  172   92  108   87  185  105  101   62   76  198  219  232  178   74  202  130   78  103
   71  209   32   53  127   87  139  344  114   40  156  180  204  108   57   85   53   64   48  147
   50   98   97  126   52  103   17   58   12   40   51   36    8    4    9   13   25    7   31   22
   28   19   48   13    3   97   44   56   89  101   97   58   72   80   37   62   67    8    3    3
    9   26    7   16    5    3    4    0    0    2   29   11    0    0    0   14    8   13   19   20
   20    3    0    5    4    2   20    3    3    8    5   12    3    3    7   15    8   17   15    7
    9   10    3    3    4    8    2   17    4   28   21    8   28   21   31   18   27   26    5   18
   21   21   67   39   44   59   79   49   75   44  126  120   90  120  150   38   46  146  123  191
  148  112  190  132  187   63  176  136  214  148  251  335  256  221  260  259  230  218  276  191
  186   73  115   74  291  138   59  203   80   50  291  134  196   77   74  197  102   82   65   81
  118  157  107  115   89   70   68   55   31   57   64   47   49   39   19   32   46   73   46  142
   25   14  107    3    2   64   68   84   77   75  140   52   17   64   33   29   51   68   16   29
   45   62    8    9   11   22   11    9    0   15    0    1   10    1    0   10   20   37   33   18
   29   22    8   23   15    1   13   22   16    4   14    3    0    1   10    5   13   13   15    4
   34   25    8    6    4    0    7    7    2    7    1    0    1    1    6   21   17   35   35   37
   50   23   39   30   23   28   31   46   57   27   64   64   30   57   51   42   95   89  147  157
   87   49   86   62  126   75  114   70  110   65   95  139  133   72  127   56  174  160   83  144
  161   51  110   32  109  235  113   23   12   15  269  201  298   55    9   56  143  155   70  110
  142  111   68   90   63   50   23   36   11   44   52   24   22    9   10    5   42   21   38   41
   42   19    4    6    6   80   55   43  151   40   72   40   10   50   10    8   30   11    0    0
    4   14   14   16    9   13   10    0    0    0    0    0    0    0    2   16   58   41   45   58
   23   18    5   32    7   16   16   18    1    6   10   28    8    7    8   12   48   39   16    7
   45   25    4    0    0    3    3   10    9    9    9   14    5    3    2   12    8    5   21   35
    1   13   14   11   14   17   12   17   13   13   13   12   40   81   52   75  108   82  103   90
  110   26  117   38  109  114  117  122  168  176  293  207  133  307  221  314  110  251  261  321
  257  144  185   44  251  194  176  229   99   99  297  148  233  149  142   48  129  117   43   80
  161   60   90  143  123  102   39   60   68   56   91   75   28   28   44   43   54   38   39   41
   85   29  122   18    6   36   50   38   59  126   27   15    6   10    7    4   42   22    5    2
   42   45    7   16    8    4   21    0    0    5    0    0    0    0    2   19   70   26   31   29
   46   28    9   30   47   17   12   39   42   35   10   16   11    4   16   29   65   38    8   56
   85   84    4    6    9    2    4    5   10    7    2    0    5   15    4    8    8   31   59   57
   64   55  111   54   86  129  131  199  186   91  150  235  121  140  144  127  175  249  245  209
  144  225  257  151  182  223  307  261  291  301  369  378  268  447  339  449  292  251  391  296
  181  495  301  602  363  488  221  243  131   51  294  139  251  140   90   83  145  101   90   53
  134  146  134  187  164  135  113  132  132   54  113   33    9    3   23   17   25   30   39   51
   77   36  134   14   32   82   63   66  114  112  151   30   12   24   12   44   43    7   13    6
    7   49    8   15    4    4    4    7    0    7    0    0    0    0    9   30   57   23   47   33
   24   10    9   27   14    4   17   37   24   27    8   19    9   12   25   50   79   83   41   30
   55   63    9    2    2   10    5   12    4   15    1    0    4    2    6   15    5   10   60  102
   52   12   64   18   63  109  107  111  154   91   32   72  117   78  158   63   93  135  173  170
  139   65  209   85  227   85  125   72   88  158  193  152  119  155  111  122  176  182  132  287
  159  223  220   91  158  251  201  229  295   84  258  126  119   54  148   42  156  196   98   74
  148   97  173  153   72   86  104   26   38   53  100  112   76   66   19   42   65   64   56   40
   95   10   89   22    4   18   30   44   12   28   31    7   11    7   17    4   12   13    1    0
   38    3    5    7   11    6    0    0    0    2    0    4    0    2    0   12   27   30   43    9
    3    9   10   18   17   14   32   22   16   13    5   15    4    0   10   11   30   40    3   39
   39   40    1    4    3   23   17    5    1   11   10   16    0   16    5   36   10   37   73  105
   56   48  142   80  101   97  192   93   93  103   81  134  102  109  118   98  123  241  289  370
  220  152  334  143  242  137  354  319  468  126  193  537  491  336  478  229  263  235  229  269
  183   53  254   73  284  291  180  126   66   74  439  136  191   80  182   37  131  169   99   18
  236  227  116  171  191  100   19   62   14   59   59   36   27   11   84   35   34    7   16   48
   77   48  173   37    0  100   75   48   83  105   89   67   44   63   42   55   48    7   11   20
   11   12    2    5   13    3    3    5    0    0    8    0    0    1    2   22   11   14    8   22
   49   20   18   22   13    9   50   43   36   24   47   28    4   30   29    9   68   49   22   32
   48   15    7    8   18   17   18    9   16   51   18   18    1    5   18   17   37   30   19   23
   29   29   35   37   50   76   84   54   71   51   73   59   69   80   75   80  141  224  178  180
   98   51  130  154  137  149  235  151  220  191  248  285  228  257  211  227  218  176  251  187
  178   98  173   87  217  227  187  283  171  143  195  149  282  150  116   77  122  117   41   53
  102   86  108  111   49   40   40   31   36   37   27   51    7   10   14   25   53    4   32   51
   34   54   64   23   11   71   52   42   84   51   73   57   38   81   17   57   52    7    8    7
    5   13    3   14    7    3    7   16    0    0    0    0    0    0    0   11   67   14   37   41
   10   15   16   17   10   18   24   18    8   17    8   19   21   15    9   22   45   59   10   29
   26   30    4    1    2   11   10   13    6    3   11    3   15   20   22   47    8   62   38   65
   15   16   91   26  109  124   98  108  134   69   66  308  117  107  164  167  215  296  332  342
  256  205  265  121  311  182  294  191  297   83  111  403  375  194  193  259  275  168  231  165
  271   58   16    9  250   74   39   17  205   45  236   50  121   48   17   17  114  121   50  107
  111  217  117  342  194  124   94   55   52   68  189   66   44   22   14   15   67   60   84   48
   63   77   87   25   26   57   70   68   96   78   68   29   25   32   30   37   62   35   38   14
   18   57   11   25    9    8   10    2    0    2    5    1    0    4    1    1    4   16    3   16
   21    6   23   32   33    5   39   14   16   25   40   29    2    7   44   24   48   46   13   21
   27    7    1    5    5    3   21   21    5    1    0    2    3    5    4    0    1    0   11    1
   22    3    0   10    2   12    6   14   13   22   11   38   20   13   17   97  125   81  177  108
   78   42  126   81  115   97  156  133  209  225  244  214  170  295  269  139  212  165  160  164
  116  100  177  127  227  228  204  445  237  154  381  156  213  126  119   75   78   39   29   63
   67  120  111  126  110   66   30   19   21   51   29   60   39    7    7    8   15   10   12   23
   45   22   27   24    1    7   11   10   14   20   12    4    1    1    0    2   12    6    2    0
   17   18    8   15    4    1    0    0    0    0    0    0    0    0    0   14   49    8   13    5
   19   25   16   14   13   13    8   28   19   52   22   54   17   21   34   53  100   81   21   71
  105   64   26   30    9   14   15   34   36   21    8    5   74   60   58   55   33   35  102   65
   59   43   80   64   90   60   61   89   69   90  153   93  148  126  122  177  125  129  223  176
  126  109  151  188  125  104  158  170  179  157  136  223  217  180  206  144  133  149  102  173
   90  100  144  147  146  179  347  271  152  142  221  344  327  131  186  130   45   48   17   81
  106  208  134   63   83   76   38   22   81   75   65   12   21    9   18   21   19    3    8   68
   35   57   26    5   10   24   15   21   43   62   56   28   24   12    2   21   12   14    1    0
   14   14    4    8   11    7    1    6    2    0    7    0    0    2    4   18   39   19   17   53
   41   18   12   17   16    9   16   32   20   38   48   63   12    2   34    9   43   21   12   15
   64   12    9   11    2   23   14   27   10   18    7    0   24   38   52   34   30   21   50   47
   74   63   32   17   56   28   41   27   39   38   27   79   34   53   49   54  103  117  142  143
   56   39  136   36  138  105  180  301  296  285  315  319  208  467  296  317  210  284  293  238
  199  217  429  295  275  631  383  284   60   68  285  223  286   84   48   60  107   74   25  116
  120   90   52  135  108   51   74   50   46   66  111   47    9    7    7    2   43    2   19   10
    1   13   92    6    5   26   20   30   40   40   46   15   27   24    5   18   13   21    2    1
   10   18    5    9    5    5    1    1    0    9    0    0    0    0    2   23   81   33   45   44
    3    7   39    1    3   22   23   26   19   28    8    5   29   11   10   12   35   15    1    9
   18    5    5    0    8   12    4    5   12    9    3    5   11    2    1    3    2    1   15   15
    7    4    5    3    6   21   18   42   61    9   31   96   54   97   76   88  112  138  157   99
  113  114   95   68  144  110  223  180  358  267  290  377  244  442  488  345  260  305  457  372
  174   93  267  133  379  298  336  390  259  165  399  189  480  207   46  122  101   79   31   88
  127  136  132  141  161   67   52   25   14   56   79   49   36   23    7   17   27   24   23   56
   39   25   25   12    4   44   27   47   27   66   70   11   26   21   11   30   32   22   39   17
   36   57   23   17   12    2    3    0    0    8    5    1    2    0    0   23   29   24   37   45
   38   19   10   14   51    9   20   31    8   28   16    9    7   11   11    9   19   10   21   26
   29    4   11   15   15   16   16   18   15   21    5    1   38    8    2   27    7    6    5   20
   14   33   10    7   43   43   20   21   41   13   34   54   62   68   52  111  112  116  147  109
   69   54  125   73  133  106  117  101  154  117  162  135  106  156  140  187  104  162  158  226
   70  139  123  117  179  261  191  452  158  128  279  130  270  179   92  157  117  103   95  141
  144  137  124  136  119   77   82   23   75   83  114   98   38   44   21   43   96   33   76   73
   54   38   27   28    9   29   50   69   82   61   75   15    5    8    6   12   19    9    1    7
   18   51   13   21    3    5    0    2    0    3   24    2    0    0    0    0   10    4    3   29
   95    9    7   31   78   92   64  139   56   37   52   38   40   83   76   28   50   60   85   67
   85   42   36   12   18   52   53   54   33   16   13    1   79   94   16   52   31   53   36   16
   24   97    4   56    9   20    8   20   34   69   45   50   80  100   84  111  217  234  392  246
  171   49  209   74  160  156  429  250  430  234  275  396  392  316  304  320  326  118  191  158
  209  349  242  342  259  233  107  123  368  106  113  142  102   60  139   31   93  109   56   27
  163  132   63  172  101   40   45   20   73   66   88   47   25   11   16   35   88   10   42   14
    7   16   64   12    4   47   71   70   60   78   82   46   36   29   23   42   65   39   18   13
   33   61   10   10    7    6    1    0    0    0    2    1    0    0    3    4    0    1   14    6
   24   12    8   31   37   25   25   31   21   27   12   28   25   29   21   51   88   32   18   21
   50   20    9    5    2   10    7   47   16   10   13    0   36   13    4    8    2   10   16   32
   15   20   39   21   24    6   39   25   37   16   24   55   32   44   39   57  112  124  220  185
  102   40  208   60  280  108  191  210  284  269  288  332  341  378  340  348  239  218  310  173
  161  263  309  295  417  359  166  305   91   72  175  122  255   37   55   30   80  136   96  122
   94  139   53   79   90   75   66   29   18   40   54   91   16   24   20   19   50   18   12   41
   40   18  118   25    1   26   39   48   31   22   42   13   12   20    8   35   39   22   14    3
   12   40   12    6    1    0    0    0    0    0   22    0    0    0    0   13   16   12   47   34
   28   10    5   29    7    5   18   37   43   14    9   25    3   12   20   30   70   39   27   47
   41   27    6    2    8   12    1   17   21   19   16   12   14   12   22    9    6    0   31   26
   21   25   35   37   38   50   43   53   36    8   63   83   43   47   63   49   42  140  112  116
   83   57   68   87   80   36   54   45   73   74  116   73   75  138  144  139  136  153  168  101
   71  194  283  190  141  231  170  237  242  147  228  110  167  125  172  103   60   63   58   80
  108  174   79  140   74   50   39   28   45   65  132   64   44   36   60   53   64   78   60   70
   70   27   26   46    2   31   43   33   59   79   55    7    1    5    9    4   26   20   10    7
   18   22   11   15    7    6    3    1    0    0    0    0    0    0    0    1   13   16   27   43
   17    8    3   10   10    4    6   15   15   19    3   23    8    8   46   21   70   86   27   41
   13   11    2    4    0    3    0    3    1   13    1    0    1   12    2    9    7    2    5    4
    2    7    9    4   19   29   12   21   26   11   20   34   27   41   66  107  221  249  364  262
  151   50  284   82  241  142  307  149  248  145  160  241  293  233  289  119  187  142  117  215
   70   61   73  166  181   76   80  167   78  217  166  217  161  269   78  110   67   62   38   41
   73  131  132  101   63   67   19   22   24   32   37   43   51   24   15   43   79   38   39  124
  136   23   75   39    4   34   19   51   48   38   27   19    7   16   16   22   28    1    2    3
   14   15   17   39    5    3    1    1    0    0    2    0    0    0    2   12   35   28   23   24
   62    1    1   13   15    4   14   23    7   32    4   38    2    0    3   58  111   70   31  104
   97   44    6    5    6   22   14   25   12    4    6    1   42   54   19   59   23   16   56   46
   37   76   31   28   48   38   39   42   52   16   22   87   90  156  137  171  200  177  220  213
  150   81  115   87  154  135  212  174  307  112  131  248  203  155  187  131  145  170  216  177
  124  111  124  121  163  227  200  144  101  136  206   72  148   74  115   26   75   69   24   17
   68  171   81  146   52   59   38   46   38   47   47   35    5    8   25   28   70   26   36   31
   60   25   43   20   15   37   40   31   65   87   45   20   16   13   47   27   31   31    6    2
    8   37   21   27    7   27    3   10    0    0    2    8   19    2    0    9   88   42   57   59
   19   10    2   25   35   19   46   28   24   33   50   38   28   10   28   50   48   41   12   44
   34   14    9   17    7   11    2   10    9    6    1    1    8    4    1    3    0    0   11    2
    1    3    3    7   14   13   10   23   15   25    8   17   34   22   32   40   63   38   72   78
   39   16   49   18   38   61   93   87  124  185  240  139   94  246  204  156  110  193  178  162
   67  143  231  250  182  269  161  121   64  156   77  126  130   56   68   52   81   80   57   58
  109   26   40   36   73   21   22   12   13   38   40   66   19   26   11   11   32   23   43   52
   38   50   90   27    7   23   15   25   25   16   30    0    0    5    0    6   11    1    0    0
    3   19    3   20    1    3    7    0    0    0    6   11    0    0    3   14   15   12    8   26
   44   19   16   19   17    5    7    2   10   12    7    6    3    6    0   37   37    8    5    6
    9   10    4    1    0   13    2    6   16   17    8   14   36    8   34   18   35   16   13    9
    0    8   17   14   95   91   26   34   34    7   32   84  151   74   92  193  159  271  292  257
  162   92  262  126  249  151  233  142  232  232  223  328  278  233  179  169  348   77  214  123
  147  204  242  259  205  292  191  156   98  127  195  110  143   71   50   26  138   22   25   84
   53  168  128  276  115   98   80   56   60   90  143   83    3    4    9   45   33    2   10   10
   27   55   90   39    6   61   62   51  127  101  150   20   15   30   39   28   52   34   45   31
   44   61   24   10   10    9    4    2    1    2    0    4    0    1    1    5   16   17   30   27
   26   17   16   29   35   36   16   11   27   48   14   77   21   51   54   35   58   55    8   35
   79   29    7    3    5   18   23   33   21   40   27    7   60   45   49   27   40   21   49   28
   18   18   36   28   45   39   37   41   31   39   96   97   62   56   53   85  120  347  277  191
  198  114  120  110  123   89  223  197  205  241  230  202  101  266  160  131  115  200  230  150
  120  340  372  359  206  419  175  195   60   38  147   29  174   74  197   43   82   58   55   47
  144  105  107   88  100   59   54   43   54   79  108    4   33   42   25   19   43   25   15   60
   10   55   43   12   15   47   62   58   77   86  103   52   61   30   51   49   59   18   10   35
   40   68   10   23    6    0    9    0    2   15    0    1    1    3    3    7   13   33   22   46
   66   15   12    9   17   42   33   25   17   42   44   48   72   31   22   22   50   58   26   39
   53   35   35    6    5   26   47   36   47   18   13   10   17   45   58   36   51   23   45   39
   36   39   26   27   36   26   17   25   36   24   45   45   26  108   77   73  169  248  377  158
  171   46  151   85  114  171  312  247  161  152  100  323  255  130  190   97  176  143  109   70
  134   99   49   22   53   47   31   57   23   19  118   33   68   19   42    6   66   31   38   49
   50  141   71  105   83   54   23   24   22   46   76   66   14   12   23   56   79   33   83   36
  108   37   50   45    5   32   23   26   37   47   63   23   53   36   46   34   33   21   32   21
   14   48   22   21   21    5    3    5    0    4    0    3    4    2    0    3   11    4    9    1
   24    8   23   18    2   16   11   20   26   23   13   21    9   10   25    9   45   28   17   29
   33    6    7    5    4   11    7   14    9   10    3    0   11    9    1    0    2    2    9    8
    2    3   38   21   33   30   25   22   22   17   27   34  102   40   44   55   53  180  142  110
  105  110  118   43  150   50  114  103  150  182  197  158  181  222  181  101  187  100  110   76
  156  222  274  296  220  280  280  335  102   67  174  132  174   10   28   31   91  118   70   19
  110   86   85   42   95   63   68   47   49  139   66   31   18   15   26   13   16    4    9    8
    6   33   49   20    3   13    9    9   27   35   32    7    1   16    1   23   20    5    2    6
   15   15   11    9    7    0    1    0    0    0    3    1    0    0    1   27   53    5   32   31
   10    4    5    5    7    4   14   25   22    2   22   25    3    8    7   21   62   35   12   18
   86   21    5   12    3    5   10   13   15    0    0    0   17   12    9   10   10   20   25   29
   25   23   18   52    3    9   23   26  104   83   20   25   59   52   48   41   98   77  108   79
  127   34   84   46  100   74  149  106  191  110  218  120  114  148  156  191  160   95  148   68
   84   90  193   87  394  253  328  671  209  114  273   96  305  125  115   66   53   81   55   60
  113   63   62   79   84   62   88   34   56   89   86   86   25    6   14   17   39   21   33   34
   52   11   19   10   11   56    8   15   48   46   48   31    4   23    1   14    7    1    4    2
    2    4    4   19    8    1    0    0    0    0    0    0    0    0    0   15   18    3   21   10
   15   21    7   29   17    1    2   15   16    7    1    5    2    0    2   21   18    3    0   10
    7   10    0    2    1    2    2    1    6    3    6    1    2   10   18   28   43   64   25   31
   24   49   49   76   54   73   54   62   52   98   64  117   65   98   96   99  105  130  172  166
  106  118  300  132  247  113  236  244  267  124  124  277  353  186  205  142  243  180  224  170
  211  121  366  144  232  217  143   27    7   21  223  110  102    6    2   10   61   36   18    5
   87  118  126   94   47  112   48   69   37   53   84   28   12   12    4    1   15    0   16   46
   37   18   35   19    5   70   49   61   45   53   72   84   44   78   50   85   84    4    7   22
   19   21    8   17    5    2    0    0    1    2    0    0    0    0    8   21   40   52   62   78
   21   25   11    7   32   14   20   27   18    6   13   13    8    7   15   13   49   31   14   27
   25    7   13    0    0    1    0    0   12    0    0    2    5   13   18   24   18    8    6   14
    8   19   29    6   55   98   60   66   65   14   37  123   86   39   45   60  189  228  405  281
  205   77  330   75  232  215  518  186  337   82  155  451  346  257  265  174  254  117  262  144
  155   42   56   24  136  113  104   43   21   37  257  130  102   44   16   72   77   50   15   35
   70   96   45  156   27   51   29   29   37   21   41   49   12    3    2    3    8    2    9    9
    6   46   85   17    0   32   35   43   42   48   62   22   18   14    1    7    7    2    2    0
    9   11   17   32    2    2    1    8    0    2   41    2    5    9    6    3    0    3    0   15
    5   32   21   34   14   18   11    4    2    4   15   15   17   10   18   10   20   10    6    4
   26   36    4    2    2   11    6    5    9    7   13    3    6    5   30   12   66   38   40   44
   24   11   70   31   56   45   42   38    2   35   27   33   40   45   27   47   74   79  127  102
   36   40   55   26   52   79  152   96  190  155  204  146  123  262  158  159  146  154  204  105
   98  164  228  189  302  175  179  289   72   48  381  135  137   42   86   32   58   25   53   74
   67   78   51   30   62   73   59   18   33   74  185   52   25   42   54   21   16   17   39   50
   31   39   37   36    2   18   12   23   35   19   24   29   38   36   22   29   11   12    4    4
   22   37   24   19    8    1    3    4    0    4   23    2    0    0    1   11   30   14   27   70
    8    0    9   25   27    7    6   10   12    8    9   13    0    6    3    8   19    4   26   14
   22    3   10   17    5    8   22    9    4    7    2    0   17    6   18   15   14   24   12   32
   23   28   27   25   57   57   40   63   43   29   20   43   39   34   69   41   85   62  145  152
   64   35  116   66  123  110  217  140  223   91  214  241  190  180  231  115  208  115  205  186
  128  120  145   60  253  236  178  541  339  221  324  270  288  283  154   84  137  148   98   70
  142  103   80  217   74   59   47  124   61   55  132   62   57   36   19   61   52   57   34  112
   28   17   21   15   10   54   43   60   43   62   43   30   17   21    8   23   38   19    3    4
   54   39   12   19   17   10   12    1    0    0    0    0    0    0    1    1    0    1    7    0
    7    6    7   10   18   20   17   17   26   11    5   23   16    4   11   21   43   41   55   27
   49   17   18   24   20   45   47   70   35   56   31   11   55   75   34   36   25   56   58   69
   44   40  111   24  104  119  103  124   85   39   65  124  183  131  201   79  138  207  288  148
  319  204  139  118  145  107  254   52  117   70  131   94  137  257  206  100  220  114  120  163
   72  119  113  127  202  310  250  414  166   70  181   80  199   95  155   77  110   35   33   41
  146  116   95  130  194  108   87  184   42   75  124   28   39   22   28   24   58   39   46   60
   65   19   31   17   14   64   62   63   91   63   76   20    6   19   34   36   70   27   31    5
   30   40   14   16   10    5    0    0    9    7    0    0    0    0    3   37   58   55   66   56
    3    4   16   11   14   35   33   15   17   12   18   20    5   11   19   40   33   32   17   29
   61   23   17    5   12   13   23   36   15    6   13   14   34   22   10   28    5   17   28   27
   13   11   23   24   38   55   36   50   65   38   94   94   43   87   91   73  137  159  254  351
  230  107  324  131  448  118  226  161  296  156  127  327  382  311  229  100  262  184  150  198
  266   50   87   81  119  113  189  206  290  122  263  323  272   56   41  117  121   81   53   65
   48  238  117  145  145  169   71   52   35   52  172   89   36    4    1    1   44    3   21   56
  130   29   51   17    0   45   37   41   58   44   59   24    8   50   25   29   56    7   11   15
    4   13    3    5    9    0    0    0    0    2    7    4    0    0    0    8   43   32   18   24
   24   20   33   18   23   34   33   36   49   30   27   28   45   20   19   37   48   54   27   43
   41   11    7    6    2    8    5   21   10    4    1    0   21   17    2   25    5   27    6   11
    6   26    6    8   12   12    3    9    3    9   11   10   10   40   27   64   90   84   93  126
   23   25  140   11  167   47  144  163  280  230  408  259  163  257  228  312  142  193  260  217
  157  234  450  377  408  580  288  226   96  122  274  165  185   67  115   23  113   99   70  107
  107   58   38   83  115   60   78   24   46   73  194   34   40    7    9   40   24   16   26   19
   50   97  167   60    8   19   37   36   47   20   15   26    5   14   10    8   16    6    1    1
   17   14    6   27   13    4    5    1    0    0    1    1    0    0    9   14   20    5   31   21
   17   13   15   38   12   14   25   15   11   17    3    4    6    6    1    2   14    6    9    4
    1   28    2    1    7    5    4   12   27    4   11    1   14   20   21   12    8   10    9   23
   21   12    9    5   19   21   17   62   33    8   19   26   21   67   93   75   89  231  200  214
  156   89  207  133  318   50  143   95  236  136  267  253  192  162  265  241  254  235  267  186
  136  163  322  199  318  315  190  152   91    6  257  131  172   98   33   34  114  108   73   29
  130  124   66  207   83   34   39   72   34   85  166   86    6    1    1   11   14    0    7   51
   31   24   65   27    6   43   34   56   26   55   48   16   12   11   40   37   39   22    7   11
    8   36   28   15    4    2    3    8    2    8    0    0    0    0    9   34   47   27   18   47
   27   45   48   30   44   76   66   94   55   38   43   52   82   38   75   46   73   41   58   30
   73   62   19    8   14   48   60   39   69   52   37   10   38   19   25   18   13   19   47   53
   37   30   83   18   52   50   52   50   82   26   67  106   50   90   81  110  206  198  461  345
  334  137  370  267  262  177  386  168  268  106  100  269  365  210  191  195  299  213  468  195
  226   47   36   15   90   33   29   33   18    3  197   88   74   24   23   35  132  110   41   17
  133  288   77  169  170   81   50   81   42   39   79   74   20   14   13    9   38   11   32   48
   63   43   80   16   12   12   15   11   61   46   77   30   13   20   25   27   64   21   14   28
   48   35    4    5    5    4    4    6    4    9    2    2   12    6   15   17   29   47  138   90
   11   12   10    8    8   14   25    8   13   13   15   47   12    2    2   50   94   38    9   37
  126   83    1    6   15   15    7   10   34   67   40    6   13    8   57   64   43   35   34   64
   45  105   60   42   64   81   62   81   94   17   67  125  127  176  146   82  115  234  226  230
  225  165  286  168  214   79  199  244  181  141  169  316  265  193  155  202  221  102  156  145
  155  160  195  183  175  210   46   71   82   35  192  116   55  155    9   63   99  166   23   88
  128  199   84  151   70   50   51   34   62   47  131   47   20    9   23   38   17    3    7   13
   51   14   42    8    3   55   54   43   35   79   65   27   19   39   16   28   51   21   13    2
   37   39   10    2    8    8    5    4    1   20    2    6    2    1   18    5   29   20   56   38
   28   28   28   37   14   14   18    7   33   11    6    3    3    0    3   10   27   21   16   45
   73   33    2    7   10   19   10   25   17    5    5    0   37   36   41   18   25   18   29   49
   22   35   20   16   36   24   12   33   28   12    4   20   51  106   73  118   84  101  178  162
  126   34  237   25  121   72  115   66  151   67  221  144  116  245  213  216  324  299  244  112
  186   87  213   79  210  234  103  190  185   66  107   79  156  118   61   50  121   62   74   54
   98   91   44  123   74   75   88  102   88   68   60   29   56   82   57   60  163  122  174  116
  102   23   65   25   27   18    8   14   28   22   11   14    5   12    7    5    3    6    0    0
   20   27   17   27   10    5    1    0    0    2    1    6    0    0    0   24   18   20    9   23
   33   39   14   38   73   28   74   47   55   35   61   36   12   12   38   36   98   74   27   67
  100   47    3    1    1   16    5   23   29   10    7    0   17    8   11    3    7    3   41   11
   36   29   20   28   26   33   22   56   81   13   27  132   66   81   72   33   73  113   86   97
   66   58   69   35   59  112   63   81  123   54   99  163  167  101   74   80  127   69   83  103
   59   67  177   47  185  102  167   68   70   57   82   99  185   42   64   75   52   53   60   45
   53  112  133  101   79   57   74   16   38   66   55   77   29   16    3    0   20    8   19   58
   87   55   42   27    8   19   15   38   24   35   11   19    7   10    8   21    4    1    1    0
    9    3    6   31    1    1    2    3    1    3    5   30    4    2    2   18   36   34   30   35
   19    5   11   26   13   13   32   36   20   49    9   36    1   40   31   76   68   34   14   27
   64   28   11    4   11    4    3   12    4    0    1    0    1    3   17    5   16   29   17   31
   19   14   40   23   42   64   46   92   58   37   38  144   81  132  156  124  135  104  173  206
  127   78  100   58  108  102  205  122  245  180  298  388  282  286  243  194  229  288  142  157
  157  187  218  304  162  119   48   45   66   44  256  163  225   24   22   73   68   90   65   17
  144   85  102  112   71   31   51    9   86   36   52   66   16   11    6   23   56   38   62   74
   71   44   86   24   17   19   49   77   93   89   50   33   26   33    3   13    5    8    1    0
   16   13   13    5    1    1    2    0    0    3    7    4    3    0    0   42   76   16   26   19
    2   21   13   28   11   34   28   11   19    3   12   17   18    2   11   35   44    8   17   31
   72   43   16    2    2    6    5   26    2    3   24    6    2    2    1    2    1    5   25   48
   29   18   23    9   28   29   16   35   48   16   10   69   46   51  121   89  149  139  161   89
   50   58   86  109  105  103  199  210  299  159  264  251  150  205  253  144  129  113  302  115
  121  174  248  214  274  248  236   99  190   65  146  181  149   12  154   44  122   94   64   96
   97  199  145  110  120  132   60   66   25   85   74   97   55   51   31   43   39   39   34   61
  175   36   87   29   26    3   26   56   25   16   24   10   15    5    6    5    2   27   12    4
   18   45    1   11   19   27   21   28    1    0    0    0    0    0    9   12   13   20   20   33
   17    5    2   11   13   19   32   32   21   26   31   18   11   26   22   15   44   71   35   33
   22   22   16    9   10   38   13   40   29   12    1    4   64   49   48   28   42   60   16   63
   66   54   84   98  118   67   54  156  145   91  120  162   37   90   59   56  102  107  130  151
   54   81  185  138  141  115  177  154  215  148  141  244  157  230  169  120   79  110  145   95
   48   96  158  302  158  164  114  160   92   54  121   99  141   45   24   49   47   62   39   45
  101  236  206   92   75   86   60   53   47   84  129   51   44   17   10   17   41   14   13   97
   51   17   47   23    4   56   21   38   57   45   65   36   63   39   21   35   14   22   13   16
   32   56    5   13   29    8    0    0    0    0    0    0    0    0    0   33   17   27   25   22
    6    6    6    4    5   12   12    6   32   69   34   59   15   56   51   44   84  105   52   71
  120  126   27   50    9   26   32   20   25   15   18    2   32   47    7   33   16   34   78   45
   39   57   18   61   32   31   25   27   46   49   56  106   32   59   65   75  118  169  157  159
  120  105  206  138  241  104  172  103  134  105  163  185  244  131  115  146  207  227  218  198
  202  140  100  127  183  157   99  198   41  212  189  105  156  114  110   91  113  192   36   80
  101   97   91  209  129   70   46   60   51   41   92   75   89   32    7   36   50   26   64   73
   62   20   38    8    1   21   29   14   34   63  107   10    9   10    2   27   10   16    0    3
   18   24    6   12    2    3    0    1    0    1    1    0    2    0    2    9   35   35   56   65
    6   21   19   26   18   35   30   16   35   25   44   27   24   30   42   49   70   73   42   50
   52   33   14   12   23    8   19   25   51   22    8    0   18    8   16   10   13   23   48   29
   26   11   56   44   74   85   60  101   81   55   62  110  140  198  161   96  128  216  242  236
  140  111  260   70  192  128  259  221  274  326  361  319  303  536  478  261  194  311  310  302
  104  148  170   93  215  292  226  230  232   61  456  120  191  127   79   81   65   57   23   60
   64   66   87  116  142   67   48   37   29   56   69  102   42   13   13   23  106   28   71   32
   79   19  234   41    5   53   30   21   54   70   84   23   28   36   24   50   58   18   17    5
   18   25    8    5   11    7   11    6    0    5    0    0    2    7    6    8   48   58   39   30
    0   12    4   17    2   13    3   22   37   43   27   18   29    8   12   24   41   36   12   44
   51   22    7    3    9   16   13   32   10    1    3    0   15   27    6   15    8    7    8    8
    6   20    4   16   11   13    6    8    9   17   14   24   19   12   10   30   55   54   88   59
   36   21   62   53   70   71   72   97  157   35   29  197   88   47   64   30   84   50   61   27
   40   39   13   25   36   41   39   57   46   15   59   63   57   78   10   32   27   11   16   26
   48   74   63   34   96   30   57   14    8   24   33   77    7   17   18   26   46   31   58   27
   43   74   23   17    2   18    7   28   18   20   19    7    8   19   13   12    2    3    5    2
    7   11    5   17    3    1    0    0    0    2    0    0    0    0    0   14    4   17    3   47
   14    7    1   11   13    8   24   32   24   29   38   36    4   42   56   45   65   39   36  127
   90  112    7    6    8   13   31   27   11    9    1    0   54   54   64   69   48   46   75   62
   35   63   36   31   46   29   32   30   35   53   86   14   68   56   57   58   99   84  315  118
  108   36  160   54  196   83  243  168  385  252  374  334  206  245  278  258  230  128  223  121
   78  160  237  155  350  460  319  477   73  232  285  123  269   36   37    2   80   26   47   10
   69  149   53  153   56   22   44   21   18   35   45   70   17    6    1    9   49   14   22   39
   16   58   65   28   10   13   35   45    6   59   32   39   18   40   18   16   41   20   26   26
    7   49    9   38    4    3    5    0    0    0    0    0    0    0    1   12   16   10    8    6
    7   22   31   25   14    7    3   13    7   32   11   73   36   30   58   34   63   55   43   34
   60   31   18   16    3    9   45   16    2    2    2    0    6    2   28   23   16   11   19    9
   18   11   17   17   28    9   22   12   26   28   34   44   52   23   25   73   97  102  171  109
  146  108  145  145  106  113  175  118  233  122  176  225  203  183  168  192  239  154  194  238
  135  167  374  227  207  286  251  296  206  140  414  100  186  149  103   29   96   44   53   99
  126   61   35  162  115   20   61   27   42   95   96   83   44   21    7   19   19   10   13   29
   42   35   62   23   18   16   36   58   68   84   52   19   33   15   17   20   31    7    2    6
   19   32   10   34    4    0    2    6    4    3    2    0    0    0    0   12   17   39   37   69
    2    7    2    0    0    6    2   11   10    6    6   22    1    0    1   13    6    0    1    2
   18   16    4    5   11   28    8   18   13   16   18   14   20   12   24   21   34   79  101   41
   17   29   34   46   34   69   71  137  101   56  102  201   89   97  186  151   82  212  147  133
  147  190  101  113   96   85  124   66  138  167  127  148  172  228  183  154  110   89  103  134
   89   69   91   87  126   98  155  142   41   73  222  279  177   52  159   25  109   46   71   99
   69  153  123  151  110   89   74   21   46   62  124   50   12    3   12   13    6   16   10   32
   43   22    5    8   13  136   81   62  117   68  128   61   21   65   50   64   82   79   23   30
   34   92   19   23   21    2    3    0    0    0    0    0    0    0    0    6   19   33   32   68
    3   11    6   20   15    8    8   35   21   26    6   26   15   14   25   26   56   47   44   55
   66   59   22   36   20   19   38   63   18   25   20   46   34   62   24   54   36   51   24   46
   76   83   55   96   28   70   58   51   66   77   61  100   88  121  120  113  209  167  252  257
  143  148  318  113  130   91  152   44  121  106   99   87  182  118  104   72  106  130   94   90
   97   77   83  152   77  117   61   58   35   86  138   82   26   42   10    8   50   81   96   52
   87  107   90  102  104   69   48   26   84   73   56   58   60   58   25   22   39   44   27   29
   70   51   51   28    8  101   65   56  152  110   88   69   28   39   30   21   70   12   13   26
   14   43   32   26   16    9    3    0    0    0    5    0    0    1   10    4   15   15   27   55
   17   23   41   75   12    5   11   19   16   41   12   49    2   16   55   42   59   47   17   24
   18   27    5    4    0   15   14    8   24    3    0    0    5    3   13   12   15   10   51   26
   25    9   39   26   30   68   33   70  110   42   56  121  103  155  139  153  250  312  404  238
  166  157  181  131  233  162  357  211  371  220  299  467  290  288  293  281  220  219  273  228
  199  258  292  268  353  427  165  174   86   75  375  196  253  130   70  105  140  163  105   81
  320  174   48  150  133   69  117   25   59  107  107  123   47   72   32   36   80   27   84   66
   18   60  132   31    2   21   37   34   34   54   32   30   40   37   28   22   34   25    1   13
   16   44   17   24   10    8    3    6    0    0    7    0    0    0    0   13   48   47   34   48
   42   15    7   10   10    0   10   40   35   26    2   41    0    5    5   31   74   10    0    2
   76   21    0    6    4    2    0    0    0    3    1    0    0    0   31   20   48   42   22   12
   15   29   61   21   42   43   21   50   84   26   57   82   56  117   64   89  142  125  215  134
  222  105  181  136  139  172  218  100  195  197  120  255  156  154  124   69  108   60  112  150
   99   90  128  189   89  128  137  172   35   92  119  113   83    8   48   59   52   74   50   45
   28  154  182  104  103   99   47   31   57   59  103  120   73  101   74   87  145   55  161   71
   53   38   43   58    2   47   51   63   45   51   71   34   25   37   34   41   22   10    8    4
   29   26    5   25   15   28   15    1    3    9   16   22    2    1    2    5   37   30   82   62
