  108  111   23  130  198   88  159  126   99   46  129  125   96  128  174   92  207  270  159  152
  274  283  151   84   59  129   28  146   81   91  137   31   73   41   44   71  157  218  263   94
  285  202  194  195  263  423  211  185  188   93  182  283  201  159  164  176  313  649  154  317
  341  181  117  229  137  123   84   86   64   35  170  161  243  107  111   81  140  132  100   87
  173  136  112  103   77  251  130  260   82  197  272  144   93  111  440  113  107  188  188  244
  176  268  185  249  149  263  215  242  254  273  575  118  210  251  226  106   59  208  271  101
  223  145  145  113  142  107  125  100  248  117  139  163   76  133   42   99  178  113   43   60
   72  201   67  103   35   31   30    0    2   10    2    1    8    5    1   23    3   22   26    4
  108  135   51  130  194  171  130  126  221   85  310   80  125   42  144   92  141  177  194  150
  221   14  151   50   69   93   65  166  141  144  122   31  312  146  155  161  157  153   84   52
  157  119  204  195  196  262  106  140  188   22  148   87  201  111  164  177  193  105  154   25
   49  181  111  320  222  123  195  568  325  395  284  180  241  107  172  302  217  175  150  143
  329  146  112  219  203  342  257  260  182  228  551  389  289  283  440  218  151  120  287  161
  176  168  110  203   99  364  221  242  215   78  326   82  220  189  231  186  150  180  271  177
  223   71  145  113  142  128   49   74  148  117   79  163   49  133   19   73  106   40   43   52
   72   57   67  103   43   89   73   27    1   16   69    0    8    5    1   23   58   22    3   19
  108  117  123  130  206   73  168  107  128  139  218  114  178  173  251  155  407  365  203  283
  592  196   76   42   18   52   52   48   82   42   30   31  141  192  175  182  157  232  146  190
  123  367  248  195  266  104  150  199   81  185  400  287  144  124  216  116  149  146   31  106
   92  244   14  131  121   11    8   45   25  103  103   34  160  107   86  195   37  144  123   67
   34  132  117  236  111  302  193  109  102  196  107   75   88   56  140   60  168   74  150   89
   78  168  295  186  131  180  213  242  203  240  410  154  133  221  201  213  330  111  238   68
  223  131  145  147  157  159  115  146  226  230  102  163  101  133   64  173  141   64   33   32
   72   82   59   92   19   19    4    1    0    3    1    0    1    0    1   23   57    4    9   17
   24  138   76  130   31   41   19   27   12   23   73   22  164   85   65   97  214  240  133  141
  246  106  265  143   70  105  128   88  115   92  110   10  223  199  488  102   96   86  194   41
   89   48  154   89  271  604  245  516  728   94  394  662  566  495  558  224  301  473  538  418
  568  531  386  348  486  274  308  127  509   49  175  625  387   40  140   28  326   24  117   94
  436   60   89   91   15   62  127  129   32   71  121   50   25   60  153   64  429  346  424  308
  398  604  199  423  169  148  288  360  126  473  378  147  421  399  188  107  122  174  266   72
  179  203  132  121  222  131  123   81  156  142  223   77   36   71   73  174   90   19   29   26
   65   45   78  138   35   29   16    4    4   29    3    0    0    1   16   11   14   25   53   22
  121   81   52  130   57   60  210   79   97  113  197  133   31   74  185   77  196  254   84  220
  248  378  111   94   70  127   52   93   60   28   31   44  173  214   31  145  101  118  363  341
  213  121  316  256  230  226  354  133  176  181  324  129  166  152   91  324  162   56  168   31
   59   98   29  111   49  136   95  110   75  174  179  111   46  136   85  201   61  124  327  292
  158  245  230  705  468  551  525  427  125  289  388  352  364  216  148   65   69   89  117  144
   77  145  185  200  232  358  356  233  246  178  526  149  227  252  316  206  220  166  355   79
  283  131  239  220  157  150   95  108  223  212  101  110   26  134   92   71  145   37   47   10
   72  101   84   77   10   14   16   32    0   12    2    3    0    5   15   14   47    7    4   40
   57  192  100  130  187  273  170  168  285  217  191  203  211  262  382  125  188  186  141   97
  246  104  176  120   76   76   71  143  137   60   73   62  131  154  130  275  202  179   92  131
  108   83  173   26  227  144  178  136  248  137  105  186  211  124   77  202  185   57   93   52
   75   79  119  345  102   92    0   17   66   85   84   16   86  102   43   47   87   73  118   71
   45   18   81   69   39  154  124  190  127  131   94   60   88   81  236  112  139  262  225  138
   81  126  217  151  177  100  146  160  259  260  588   93  156  195  253  126  101  129  190  116
  162   66   66   72   63   36   20   95   56   89  121  237  199  120  114   62  120   78   48   23
   58   78   56   80   24   24    3    0    0    1    4    0    0    0    0    7    5   10    6    6
   95  153   82  165  127  211  123  164  140   82  239   98  208  155  239   78  170  275   97  109
  298   92  144   89   41  141  173  116  124   46   92   20  103   77   69  177  151  294  234  302
  376  153  704  592  296  236  336  265  250  376  389  148  350  352  309  334   56  251   77   96
  299  150   82  179  114   51   75   15    4   25    3   97   48   13   61   39   39    0    2    9
   60   34   37  112   50  236  220  283   89  105  108  119  115  108  145   90  206  170  283  145
   76  211  233  280  166  225  511  360  202  325  315  119  312  342  395  259  108  210  294  194
  282  108  148  110  139  344   98  102  195  131  148  199   79  112   49  122  151   68   16    8
  122  144   78  168    6    2    4    0    4   13    4    7    2    2    2   30   53   14   18   34
  110  116   69  141   90  109  140  142  196   65  127   89   81   76   59   74  130  154   59   51
  153  165  216   20   47  133   87  252  156  191  229   41  243  165  105  224  242  311   22   80
   47  159  269  165  151  180  357   48  219  199  199  220   85   84   66   18   32   47   26   30
  118  163  113  484  163   97   56  260   91  235  155   83   40  146  110  231  107  136  138  157
  262  703  127  585  254  120  172  541  271  143  430  463  223  156  447  282  154  132  139  330
  221  183  315  166  200  221  144  223  149  159  643   82  257  184  326  207  185  271  328  216
  276   62  209   65  144  118   85   81  151  254  334  180  105  260  215  244   94   62   36   72
   60  115   70   49   24   16   33    5    2   37    2    6    3    3    1   31   49   53   30   58
  223   85   54  127  123   21  100  155   78  178  137  137   75  171  168   95  233  252  189  148
  471  135  411  208   99  126  172  383  207  339   84   19  511  235  177   85   91  165  265  168
   68   90  219   83  152  253  210   85   24   21   10    5  295   84   18  121   91  163  113   34
   48   25    7   28   11  127   99  167  122  254  125  181   91   53  152   42   52   80   49   37
   73  176  193  581   67  166  232  462  109  182  209  122  207  246  293  102   37   48   92  116
  138   20   48   63   28  109   94  568  471  134  381   91  243  220  172  145  244  183  322  112
  166   58  183   64   94   13  108  147   56   16   33   90  107   90  126  136   95   60   60   55
  131  112   80   99   39   30   17   17    2    3    0    2    0    0   12   43   46   35   29   44
   45  249  181  118  129  160  103   88  146   42   81   41  251  120  199   92  136  160   77  126
  267  209   73   61   34   86  158  127   76   88   25   33  281  294  217  174  244  158  247  177
  314  127  493  599  357  195  287  108   91  141  119   78  223  124  297   38   99   93   29  148
  122  111  109  294  188   42   82  166  141   23   52   78   11   62   41   55  100    9   43   38
  168   29   54   79   83  108  117  201  254  159  184  318  239  282  388  260  189  222  201  249
  207  304  194  186  162   70  182  227  438  266  655  133  181  435  295  151  186  321  275  147
  291  127  149   97  167  144   98   96   40  100   95  158  126  129   85  203   44   65   46   32
   75  129   58  105   29   19    6    3   14    2    0    9    2    1    7   27   41   16   35   44
   92   80  113  118  150  142  233  129  118  176  242  105  123  144  207   96  247  180  196  183
  378  320  121   67   32   99  118  131   51   97  124   42  255  296  147  467  208  174   90  211
  190  496  181   52  250  193   57  219   28   85  107   59  100   73  124   54   48   40   63   70
   33  118   44  290   28   93  111  128   95  118   90  123   39  114  113  127   72  130  195  101
  216  226  231  145  128  354  459  237  132  107  221  282  365  225  248  189  138  142  213  268
  152  111   88  126  155   85  192  325  277  286  452   99  206  309  222  203  135  297  258  144
  205  149  101  156  136   72   77   60  170   71  183  180  121   82  175  101  103   55  116   64
   86   81   68   70   29   22    8    4    3    7    3    0    1    1   11   47   54   42   23   21
  188  181  146  116  153  194  446  148  162  128  207  165  109  193  233  108  226  268  368  198
  410  165  141   83  113   96  259  293  226  120  136   55  201  277  152  261   95  128  203  307
  213  262  167  256  377  293  213  267  199   93   71  187  281  213  266  142   70   45   92   57
  385  280   77  296  131  149  242  226  183   66   47  159  141   36   19   36   36   46   27   62
   68  126   63   87  121  109  125   78   92   95  146  181   48  253  225  231   43   98   95  160
   25  372  104   65  235  151  230  199  284  296  431  119  156  258  186  194  141  212  131  139
  120  117  106  111  175   65  143  206  292  116  134  240  183  144  164  157   86   67   33   19
   72   82   69  130    4   19   22    4    0   25    3    2    6    4    4    0   12    4   24    3
   78  135  120  134  114  266  264  126  174  107  216  180  186  297  281  143  390  337  342  191
  654  387  109   59   84  177   92  106   44   79   63   32  162   85   49  136  230  155  422  461
  240  390  642  215  503  412  514  225  314   34   95  372  178  202  185   43   28  228   57  185
  167  180   59  229  140   52   93  183   73  305  165   81   61  141  127   82   42   72   38   20
  126  316  170  319  110  139  322  411  629  324  121  166  232  225  667  338  344  382  142  157
  188  199  126  320  143  122  261  257  228  151  279  186  251  336  360  135  121  274  279  121
  252   91  136  109  128   38   94  114  101  133   82  160  157   89  109   48   81   50   41   63
   73   92   70   98   19   41   23    5    0    3    8    0    2    2    1   18    8    8    9   13
   74  146  122   69   31  180  117  139  159  145  138  166  130   62  214  120  330  203  242  404
  606  346   68   58  111   99  106  136  178   93   70   23  125  207  188  309  281  399  251  499
  337  377  137  137  216  142  193   96  144  202  274  188   48   61   63   34   80  188   66   33
   60  114   57  153   90  192   39   44   39   19   19  102   50   39   91   13   47   39   61   53
   96   11   78   54   82   63  109  132  239  181  187   73   60   93  126   36   73  110   79  173
   84  358  102  138   85   72  133  165  174  232  298   63  124  170  223  133  156  332  278  101
  300   68  135   78  104   85  140   80  136   54  255  241  188  238  137  185  141   99   64   55
   84  134   75  101   28   26   17    3    3   13    6    3   13    1    3   17   23   29   46    8
  130  186  106  110  142  208   94  122  243   95  203   89  239  155  152  128   91   99   75   61
  256   97  155  111   46  143  136  212   98   41   35   15   38  203   67   67  106   55  392  205
  324   75  376  216  386  576  478  421  398  113  243  367  470  121  159  190   69  127  185  123
   84  141  113  166  101   95  143  148   49  132  144  138  172   80   86  151  235    7   32    5
   88  296   85  143   66  163  346  236  182  346   40   30   86  115  342   89   95  144  122  144
   95  110  431  256  226  362  225   69   76  236  300  120  122  112  155   90  144  107  195  200
  169  145  146  116  147  141  124  108  227  129  134   86   95  103   28   88  118   64   35    7
   41   84   65  101   21   30   17    4    6    8    9    7   14    6    4    4    7    6   26   15
  104   68   59  121  110  188  133  116  198  177  197  102   63  101  162   76  274  209  123  261
  284  210  100   72   25   71   34  129  113  163  112   49   82  218  175  214  194  244  171  193
  118  194  325  157  171   66  271   81  166  185   88  133   78   74   57  222  117  201  134   71
   90  128   39   87   37  250  272  107  255  104  148  226  215  158  234   33  160   83  159   55
  300   83  122  381  134  262  222  486  227  561  256  196  212  312  489  176   63  108  109  266
  244   52  189   36  104  194  265  309  228  122  619  151  185  304  288  194  196  184  336  223
  206  134  131   91  114  100  195  195  189   44   86  184  261  277   87  190  289   42   28   63
   35   52   91  108   23   20   26    8    3    4    1    4    8    6    5   37   63   12   67   14
  164  121  101  234  153  144  129   83  107   84  114  116   70  149  276   97  324  157   86  135
  486  163   64  134   88  147  116  177  151  157   72   58  174  143  271  189  105  111  166  170
  167  110   90  231   86   93  167  182  159  200  186  149  121  105   47   87  100   94   95   30
  102  140   53  255   96   45   10   46   40   86   90   18   47  123  109  107  145   53   51   63
  136   83   73   91  186   90  111  141   63   30  120  143  106  214  285  184   72  220  112  210
  173  202   88   47   26  101   87  175  103  162  180   76  111  221  241  322  192  147  226   93
  181   81  134   68   35   81   84  124  168  164  133   92   90   87   72   85   57   42   35   72
   97  156   52   98   38   14   19    7    0   13    1    0    0    7    5   33   62   39   31   31
   68   53   13   43   91   30   80  112  209  115  137  185   84  114   79   28  194   56   81   64
  130   60  142   10   18  165  111  116  112   73   69   12  139   86  124   31  102  172   52   91
   91   56  275  105  180  323  269  280  392   62  159  521  176  152  147   68  189  137  151   21
  200  304   23  355  167  218  242  209  292   47   22  461   97  395  346  214  103   69  151  244
  127   38   92  280  198  220  176   82   62  112  401  209  232  155   62  372  228  155  219  365
  370  362  204  315  184  158  264   86   68  423  155  142  389  409  264  250  199  250  313  158
  111   83  224   86  175   50  100   81  163   93  146  172   84   21  134   99   99   71   44   29
   59   83   40   89   39   16   13   10    1    8    2    9   53   23   12   11   45   28   12   20
  128   94  136   90  198   91  146  116   77   77  192   90  215  166  178   78  208  188  187  199
  307   89  176   55   71  102   81  178  107  113   29   25  311  232  134  149  161  115   69  129
  181  206  135   93  324  316  275  303  190   64  162  382  417  609  372  173  243  464  467  524
  534  298  354  320  377  186  256  101   89   27   84  133  144   48   92   60  205   26   68   58
  248   51  140  218   69  217  264  351  249  198  151  171  300  300  546  222  220  165  257  249
  231  454  186  379  146  163  258  116  261  220  315  162  297  271  212  159  150  314  259  242
  261  116   93  133  177   63   83  181  113  118   95  148  360  151  106  147  113   17    6   19
   33   33   45   46   26   35   22   29    0    3    7    1   30   10    2   43   43   17   80   14
  129  186   93  168  103  214  133   44  100  119  182  108  170  184  404   70  144  324  161  302
  369  254  170   99   25  100   61  172   66   32   13    2  256  254  189  105   66   72  374  353
  430  308  410  272  443  353  202  216  159  208  206  183  293  219  217  105  109  201  395  289
  156  220  219   94  291  103  144  178  196   89  108  232  222  137  186  129  256  169  110  182
  216   78   31  102  101  247  163  188   21  119  375  409  161  111  138  211  324  412  335  418
  230  269  116  286  198   75  354  322  321  402  336  132  260  396  298  240  250  257  333  321
  341  174  136  180  202   96  132   85  105   81  207  135   51  155   40   96  117   77   13    3
   62   90   69  197   15   11    1    6    3   33    1    4    7    7   19   41   13   36   16   26
  108   67   90   73   84   87   30  183   95  293  150  144  103  131  182  178  296   71  126  157
  232  179  157  107   87  130  109  112   58   90   30   14  154  171  146  392   53   83  413  175
  176  150  152  135  136  103  271   46   89  111  153   46   64  185  191   41   46   63   51   38
   45   81   19   91   76   62    8   40   40   43   27   10   21   29   28  111   19   42  112   42
   63  127  121  366  252  216  228  187  456  262  150  153  114  232  321  264  117   69  116  149
   65   36   53   77   40  109   81  241  284   84  317  109  179  217  297  197  238  155  279  165
  355   79  143  101   63   29   43   62  137   54   26  150  106  164  154  132   93   37   31   25
   90  144   40   49   48   28   22   61    5   33   16    4   16   11    5   21   20   17   30   29
  165  161   74  177  164   94  241   84  133  101  135   84  113   55   43   63   58   35  149   35
   98   99   65   54   47   66   81  166   48   64   30   10  167   87   49   55   73  237  189  141
  144  187  247  194  248  174  446  381  326  216   79   65  145  165  188   24   79  191   73  154
   72   11   49   89   70   59   56  251   96  294  204  240  114  101   24   64   63   56   76   22
    9  330  187  393  117  153   26  330  160  136   72   47  187  118  184   34   19   55   84   57
   54  120  181   41  134  121  128  358  305  126  354   75  173  259  335  247  182  208  283  151
  216   62  170  168  142   79   78   80  292   87  149  172   34   98   68   89  104   32   25   12
   39   70  147  183   17   29   22   18    0   14   10   19   12   10    6   15   61   32   22   38
  136  222  125   77  140   89  142  179   80  192  181   74  229  127  222   52  210  215  203  189
  178  242  122   31   31  148   74  117  112  102   90   31  290  225   99  229  260  359  117   74
  293  310  316  381  351  126  296  186  183  369  302  220  136  176  188   42  136  202  180  188
  173  240   64  241  141  188  104  478  201  144  146  173  130  142   98   99  192  156  144  161
  123  334  228  400  102  374  349  245  220  260  176  145  208  236  173  195  192  195  128  213
  148  259  270  101  241  277  476  180  216  222  528   54  192  258  195  283  209  277  248  214
  238   87  169   86   90  114   26  113  205  146  111  141   62  152   92   95   44   84   23   59
  106  111   46   61   28   24    3    9    0   10   21    3    3    4    3   14   10    4   10   10
   81  166   84   98   87  136  139   62   56   39  109   20  116   55   93   16  127  111  199   89
  104   96  184  282  134  162  125  169  312   83   70   50  248  146   93  225   52   72  125  301
  194  161  268   71  353  445  276   79   99   53   19  131  409  407  127  173  296  169  384  414
  142   72  111   89   78  239  181  149  145   28   67  274  267  189  170  106  116  264   59  157
  224   31   74   97  141  157  243  464  219  183  583  658  176  530  858  388   44  172  106  167
  293  120  136  154   40  156  304  211  314  266  158   82  239  378  257  201  170  220  198  235
  149  104  181   95  171   43   45   51   50  111   57  144  113   95  102   45   82   49   17   47
   91   84  103  113   50   41   16    2    3   11   26    5    3    9    1    0    2    2   16    5
  135  160   91  155  145   92  152  102  107   70  124  120  135   94  181  140  373  320  377  553
  158  130  133  106   77   75   59  117   85   65   33   11  192  369   63  252  217  282  157  374
  277  254  350   89   87  118  153  206  183   74   46  142  186  122  108  244   84  250  179   53
  101   50   52  146   89   93   88   82  127   81   99  235   50  127   86   96   40   82   61   71
   40   82   61   83  177  132   90  330  109   73  141  162  248  121  406   97   90   70  128  127
  114  224   75   96   57  209  129  200  171  181  490  177  168  175  245  167  242  142  317  144
  167  120  120  125  126  138  139  106  193  194   76  305   98  207   76  214  213   39   37   35
  100   38  121  117   25   21    2    3    2    7   12    7    3    6    4    5   23    7   13   19
   98  168  166  186  172   62   67   76   86   49  276   55   97   82  196   92   96  152  120  155
  129  177   50   82   51  117   99  150  168  163   95   27  160  102  281  155  273  254   71  113
  163  307  226  283  310   84  197  134   76  196  195   77   25   31   38  143   76   15  163   55
   30   38   57  131   49  166  165  206  326  119   89  303  221  262  252  124  188  126  112  443
  128  145   87  245  289  265  193  225  266  589  589  315   91  253  340  263  166  218  206  279
  122  244  124  119  243   85  146  200  179  218  190  162  310  222  106  112  217  361  250  269
  152   79   64   76   84   41   46   71   34   54   82  309  124  120   95   75   71   77   28   83
  100   65   60  104   25   40   23   27    1    4    3    0    9   18   12    8    5   22    3    5
  162  203  178  156  146  154  148   89  110   93  121  118  129  122  167  102  153  193  294  135
  345  205   58   38   54   66   98  215  144  124  161   72  268  416  279  262  208  357  154  112
   79  237  261  217  274  209  217  284  129  327  339  335  220  130  119  247   84  333  180  193
  116  368  139  222  211   95   60  268  129   78  163  151  116  103  116  120   28   84   93  120
  207   57  182  227  243  213  233  248  122  248  215  262  132  245  374  217  142  193  167  432
   83  402  365  161   99  164  126  359  322  172  474   98  228  299  276  231  155  230  258  184
  234  131  111   83  132   58  115  134  161  244  200   89  125  155   78  110  165   94   74   35
   80   88   80   76   24   49   29   13    1   10    1    0    4    6    3   11   75   18   15   11
  129   96   89  148  132   94  155  102  120  164  137  129   71   77   87   64   89   87  154   68
  314  109   84   96  101   81   75  149   83   89   90   48  115  215  109  264  116  196  151  131
  284  374  274  307   93   99  230   52   65  316  165   26   71   73  119   53   65   14   26    7
   29  142   11  233   67  106   98  131   28    5  117   68   94   65    4   77   12   97   31   24
   33  128  118  189   40  153  103  198   97  180  138   54  127   71  175   82  100  100   85  145
   59  126  273  112   11  267   97  257  271  233  457  107  147  248  302   91  138  148  151  123
  247  120  169   93   71  139  152  181  220  345   97  282  148  132  156  107  158  132  116   84
   95  186   47   86   23   21    9    1    0    3   11    1    0    1    3   26   14    5    6   17
   64  103  108  116   82   42  117   20   80   80   94   39  112   59  171  122  246  236  184  195
  275  246  188  107  148  137  112  163  119  163  148  111  228  214  214  212  141  122   91  162
  206   97  241  112  347  345  222  299  348  161  403  288  307  189  171  103   98  212   65  122
   96  109   94  247  105  193   45   72   77   94   26  164   95   83   30   31  195   26   30   74
  158   85   40  115   75  153  130  354  202  195  138   41  110  149  326  253  128  265  150  347
  342  141  261  143  186  152  196  185  166  251  317   90  165  220  193   92  128  268  146   82
  161  124   77   90  140  132  167  131  247  267  348   94  197  172  124  262  139  142   79  149
  157  143   77  174   52   54   93   45    4   52    1    7   12    7   13   28   39   11   32   25
   63  160   61  181  162  158   47   91   57  126  165   96   68   57  110  108  163  107   57   76
  141   14  129   26   14   12   23   40   15   32   24   12   31   33   57   60   40  141   60  115
  112   76  161  151  157  269  102  191  165  114   56  249  325  397  360  101  201  197  249  235
  300  429  182  267  191  208  141   68  104  105   87   70  125  122  148  133   58   64   71   95
  151  203  133  309  108  301  217  221  262  303  270  229  146  299  341  290  173  117  110  346
  255  297  220  280  307  153  124   99  260  142  396  110  204  207   98  140  111  133  203  121
  266  142  103   83   82   91   73  111  158   70   89  151   22  128   29   92  145   41   89   12
   89   91   79  109   27   16   10   16    0   11    1    0    1    4    1   10   11   15   20    0
   93  279   70   97  389  157  119  161  154  161  152   91  204   90  128   76  126  162   74  201
  337  155   46   96  150  108   64  144  122  193  201   44  171  282   86  171  153  210  185   78
  155  113  243  101  168   89  125   54   27  156  222  283  153  274  189   93  125  410  252  127
   84   46   27  128    6  200   81  355  148  196  241  158  147  147  157  117   41   86  102  180
   33  235  182  260  316  506  442  459  297  251  197  208  258  312  774  200   79  126  119  164
   90  113  224   36  251  208  308  396  439  181  428  119  143  163  160  140   96  211  275   92
  203  118  106  115  103  125   86  118  208   87  140  219   59  111  169  176  115   43   60   38
  113  161   48  125   25   35   29    7    3    6    5   13   18   75    1   27   35    6   38   25
   93  142  109  174   45   63   59   80   58  102  111  112   95  113   60  137  174   72   53   90
  150  119  158   73   35  114   67  121   95  104   47   25  207  118  240  122   90  129   48  187
  202   47  330  106  360  170  481  304  302  111  286  536  243  357  286  292  264  286  252   92
  205   73  134  236   36  274  130  387   95  143  139   68   33   71   85  145   37   87   47   30
   38  107  136  212  120  198  286  302  150  240   94  189   50  170  368  217  132  102  140  152
  112  504  541  164  162  148  141  279  152  255  147  152  199  173  293  138  159   92  196  178
  122  111   46   94  131   75   26   85  302  390  385  120  141  105  146  153  110   14    6   22
   31   27   40  126    8   16    8    5    1    6    8    2    3    8    2    5    7    9   25   12
  123  309  127  206  180  205  171  118   98  105  135  149  230   93  151  165  164  193   65  137
  382  388   88   46   17   52   68  136   86   49   52   13   27  105   80  203  122   86  137  131
  109  177  265  149  286  426  406  222  322  140   51  324  286  165  176   67  183  364  226  212
  321  416  230  355  271  187  423  140  126   16   10  200  344   53   86   67  149   81   48   60
   37   39  150  254   27   56   89  113   68  137   88  136   67  114  161   93  163  101  262  239
   73  518  384  431  241  106  264  326   82  269  210  101  167  219  140  171   74  171  152  164
  170  182   35   61   42  169   94   84  381  264  118   56   61   74   45   66   56   34   30   20
   70   96   65  119   21   30   11    5    0   13    1   22    4    9    8   16   11   31    5   12
  170  138  155  195  184  159  152   76   58  165  146  148  184   58  213  151  122   51   70   95
  147  120   67   43   22   43   50   62   48   93   57   16   60   82   76  173  107  162  162  198
  105  157  359  295  325  153  388  228  229  244  288  231  169   57   44  104  104  180  120  104
  123  233  117  253  170  198  122  133   89   55   42  137   85   70   87  111  107   48   10   96
   50   21   36   67   65   76  193  184  141  123   80   51  152   65  377  103  210  127  176   82
  138  447  244  151  153  474  332  281  326  585  310  124  310  283  219  197  162  164  166   42
  277  180  119   81  209  149  109  145  306  168  191   70   89  138   60  135  154   64   34   42
   79   78   92  133   23   16   10   19    0    5    0    4   10   25   26   57   28   26    7   52
  123   96  122   80   43  124  106  100  117  200  178  177  113   75  174  111  398  233  177  358
  580  222  259   51   35  151  254  217  157  104   48   43  290  181   96  163   86   44  181  112
  228  163  179  197  235  204  141  239  118   59  208  161  107  158  179  186  167  172  205  145
  139  269   96  151  139  232  118  147  110  155   85  128  123  126  106  130  105   91  120   42
   60  191  223  116  140  230  243  129   78  118  125   56  111  168  197  167  148  315  107  158
   77  255  241  222  131  156  162  147  170  192  451  108  253  499  256  129  142  185  304  114
  218  149  147   93  142   47  112  122  161   85   89  121   87   62   24   94   82   36   35   15
  104   69   55  107    8    3    5    7    5    2    0    1   13    1    0   15   24   25   24   12
  127  222   15  152  157  219  128   30   40   33  111   55  216  164  444   90  356  287  175  223
  282   66  186   59   42  112  161  219   81   12   27    2  163  101  116   82   84   43  166  146
  147   88  244   34  277  459  232  283  122   48   89  243  391  116  239  104  105   87  183  196
  226  270  109  376  167  118   75   74  144   47  127  243  146   69  221   74  139   75  138  111
  241   96  271  353  105  257  325  466  215  202  408  274  106  368  572  230  208  234  309  360
  129  210  190  308  424  145  261   85  216  286  371   86  339  363  240  350  224  365  362  272
  308   90  133   53   58   81   76  109  103  105   97   88   28   53   38   66   83   62   20   26
   66   51   45   52   53   29   13    6    0   19    2   16    1    0    1    8   16    6    8    8
   73  100   33  111  172   98  135  109  108  185  161  206  172   73  128  162  165   89   75   76
  233  166   72   95   25   50   66   88   80   21    0    3  131   53   63   52   75   15   81   71
   75   89  281   39  178  238  180  224  398   56   83  189  355  368  299  361  297  260  352  107
  176  147  258  171  129  306  161  293  163   56  120  147   82  220  144  131  174  149  117   92
  116  234  182  210  227  308  480  445  375  139  186  177  377  152  922  172  216  196   92  474
  135  232  285  253  196  236  294  272  271  281  185  158  310  268  281  143   79   85  168  171
  164  194  127  156  110   81   88   45  195  230   84   91   32   16   49  107   76   18    9   21
   58   50   57  117   13   22   29    6    0   15   63   18    6    1    2   33   30    7   25   58
   48  213  127  116  257  249  162   52  116  109  202   75  268   48  148   81  189  115   54  283
  287  128   72  104   48   88   62  171  109  112  130   45  279  326  124  220  221  210  178  157
  208  287  224  132  170  161  242  197  190  133  219  119  199  153  151   85  111   10    2   60
   84   48   33   45   70  158   22   51   45   31    8   68   39   18   47   20  120   91   48  161
   57  127  151   74   66  248  189  181  122  135  238   96  166  167  168  112   58  122   97  141
  136  104  143  316  156  241  176  461  304  358  758  156  148  216  152   70   84  129  155  189
  617   83  130   91  109  180  118  146  173  178  159  130  250  226  161  215  203   56   35   58
   82   72   35   70   30    4   10   10    1    1    2    0    9   51   29   42   92   40   40   37
  165  225  174  148  180  169   90  133  141  204  130  295   71  122  270  156  314  127  197  193
  169  113   86   57   29   35   44   97   41  128   61   24  125  109  164  207  361  251   38   87
  151  147   73  198  104  140  119  229  245  172  270   75  114  189  237  220  177  311  258  215
  137  121  168  339  131  309  383  303  215   61   63  321  206  141   86   87  145  122   73  137
   83   87  120  135  109   56   85   93  214  262  154  122  102   92  253  102   89   63   27   68
   77  233  311   98  127  398  227  121  230  376  507  110  126  165  256  243  202  163  207  104
  171   93  163  100   99  161   63  122  163  124  133   63  142   74   59   61   67   50   46   27
  140  140  115  145   36   42   45   17    2   21    3    5   14    7    4   25   13   10   21   11
  122  106  127  114   86   94  161  110   96  130  153  100  235   95  188  116  270   93  231  196
  257  129  245  150   50  126  119  133  155  133  122   15  223  209  185  318  144  233  273  227
  224  241  152  118  242  413  219  352  178  101   96  101   75   91   85   38  119   94  120   62
  133  212   70  253  176  163   22  121   25   27   62   29   42  126  130  106   58   78   60   52
   91  236  185  269  126   89  141  846  150  192  146  245  172  177  284  305  139   51  201  181
  117  195  130  140  115   89  270  371  234  275  399  106  208  259  248  206  153  163  262  146
  300  121  125  124  186   64   75  101  210  102  218   95   70  100   92  143  113   36   64   56
   90  107   74  117   22   60   14   18   12   27    6    9   12    4    7   42   83   15   36   51
  189  150  116   92  174  230  290  165  193  270  216  275  239  189  313  117  327  298  351  308
  215  123  134  129   23  174  132  182   90   59   48    9  198  183  168  305  108  110  170  113
  152  329  265   77  279  427  153  328  254   67   53  132  720  533  448  281  192  411  112  179
  720  245  335  159  261   52   53   55   17   11   65   56   30   48   24   21   45   57   71   59
  287   54  146  186   87  206  228  456  302  130  238  195  241  393  649  131  370  478  263  445
  161  280  110  450  162   99  140   30   48  202  399  147  230  180  293  171   55  140  257  300
  173   92  104  197  152  122   47   44  105   81   93  114   59   72   63   39   86   85    9   20
   78   85   93  131    7    6    8    1    1    7   12    0    3    2    1   27   13   18    8   21
  118   70   32   86  113   76  113  163  140  145  133  151   83  150  141   76  200  174  112   58
  335   87   71   79   61  187  131  144   98  182   76   65  154   85   59   46   39   75   80   90
  100  166  281  124  389  155  232  113  108  110  100  112  115  126  150   24  119   33  278  105
   93  154   72  187  133  170  435  262  250  204  147  260  191  196  175  205  161  121  206   77
   77  123  301  187  152  532  153  334  273  742  215  126  126  238  154  304  147  128  114  306
  150   54  132   67   47  203   84  180  124   93  444  124  190  190  239  205  246   73  249  186
  195   99   84   46   67   62  134  189  136  103  179  102   50   80  103   59   60   84   46   74
   89  123  105  103   50   23   20   15    2   16    8    1  124   32   23   30   33   18    8   74
   93  180  134  160  140  162   93   87   52   83   60  100  158  108  118   33  193  136  270  137
  184  159  355  166  116   93  112  233   98  112   97   25  206  256   61  225  129  141  178  287
  187  225  289  326  144  140  140  166  118   51   93   77  267   83   98  128  269  141  426  307
  193  144  350  178  433  300  362  214  275   87   68  273  401  185  283  159  342  226   82  348
  308   45   77  243   35   33  132  332   42  134  250  379  102   69  240  154  176  267  226  365
  247  342  121  215  174  138  101  239  161  159  446  165  288  259  231  107   72  137  184   47
  252  167   53  156  115   40  173  111  109   60   53  101   62  120   71   95  178   69   26   28
   94  171   95  115   53   71   68   27    3    7   26    6    6    7   22   83   71   37   73   30
   86  136   76   58  192  163  117  156  170  149  353  136  242  305  224  124  190  225  361  293
  179  100  168   76   28  101  310  257  143  174   79   20  459  205  170  117  103  368  216  127
   53  301  146  148  203   92  241   93  159  194   45   83   12   46   66   89    5   27   28  140
  319  145  168  142  151    3   11   82   54  113  143   37   84  214  170  248  242  197  216  202
  224  186  123  383  360  276  334  694  621  389  252  365  368  543  995  447  207   99  121  180
  200  301  198  129  209   89  169  113  170  142  424   63  221  196  218  279  182  342  271  149
  205   61  140   49   97   98   40  106   49   98  106  138  116  232   75  131   44   81   39   33
  106   71   57   45   30   15   11    9    0    6    0    0    2    0    5   49    9   21   11   39
  198   53   68  102   97   72   94  158  190   84  166  134   83  123  195  214  403  333  189  188
  232  131   45   93   85  123   92  166  206  156   96   66  196  216  200  133  201  151  140  137
  169  208  337  203  327  230  246  173  226  207  257  264   76   37   43  158  196  153  210  120
  169  106  236  504  110  149  125  116  159  106  177  123   38   89   67  131  104   51   29   27
  103  210  221  474  128  343  275  462  276  252   61   90  144  118  537   77  140  479  216  222
   99  243  178  164  167  114   90  154  270  214  440  198  230  490  282  155  147  280  227  252
  206  122  150   85  120   71   72  109  110  256  134  118   77  103   92   82   37  120   98   96
   84  122   73   93   51   37   13   38    2   15    6    0    4   14    9   48   30   62   30   33
  137  151  128  172  145  197  231   74   98   96  163  139  160   60  125  108  238  248  164  325
  571  193  167  110   53  130  123  183  198  108  170   73  307   57  389  323  260  152  281  140
  261  418  220   77  200  199  325  188  301  134  271  338  210  370  309  235  282  710  541  259
  305  336  475  316  208  156  144  121   39   80   38  174   84   59  122  174  255  212  117  209
  376  176   94  113  220  122  267  311  104   86  324  490  277   87  313  354  345  354  300  246
  484  240  106  340  447  225  321  231  111  311  342  179  305  261  380  247  168  181  180  305
  266  155  111  158   70  177   58  103  134   90  127  235  177  193   32  111  184  132   90   35
  100  124   64  104   55   54   17   25    4   22   32   20   34    1    6   32   12   18   24   85
   61  109   77   80   96   67  104  110   60   44  142   71   45  112   82   59  218   78   90  138
  137   61  108   33   39  122   93  130   54  133  110   43  140   70   66  102  150   85   11   21
    8  122   59  111  214  221  406  243  193   40  153  250  117   88   54  179  433  150  389  190
  294  186  113  388  155  384  413  237  334  181   98  317  203  382  202  170  141  202  200  138
  133   88  343  403  485  377  154 1062  260  193  310  290  270  238  344  357  267  184  211  406
  199  535  185  228  162  143  273  113  157  168  226  127  234  466  215  210  200  368  307  215
  365   86  209   63   59   92   36   57  120  175  394   80  115   96  127  132   67   88   81   49
  102  142   48   64   33   17    6   10    0   13    0    1    1    1    3    7   23   19   25   20
   50  256  128  104   75   75  112   54  210   54   88  103  286  138  134   70  260  282  160   91
  535  142  262  152   80  162  167  235  128  196  120   57  248  146   79  293  131  165  208  121
  144  140  358   81  105  197  267  205  213  249  178  201  243  278  112  120  193  237  313  364
  758  158  311  181  371  343  323   64  170   36   53  284  457  107   93   73  206   35   20   34
  193   77   82  115  104  143  224  448  117  196  297  207  181  376  242  271  151  226  193  210
  127  435  255  265  199  335  239  144  320  220  280  167  539  439  301  165  159  332  309  260
  355  167  107  114  145  156  120  121  314   93   88  182  176  165  113  137  159   75   66   63
   85   96   76  110   17   39   35   22    2    9    4    2    4   11    6   51   70   25   18   74
   92   57   92  134  149  159  126   65   43   76  105   57   69  119   60  148  274  132   60  123
  183   35  142  103  106  120   72  112   95   66   47   19   62  137  132   83   78  102   48   56
   28  114   78   91  161   39  119  173   69  227  131    8  111   87   34  124  169  174  248  115
   78   44  148  139  155  104  182  320  286  201  210  262  299  301  229  188  398  183  230  172
  187  138  188  281  133  113  142  469  145  143  558  432  249  217  182  137  192  327  165  447
  404  269  288  169  263  128  284  163  214  163  273  134  321  364  324  262  148  280  207  219
  204   81  159   56  127   91  117  122  197   94   89  157   67   55   53   94  143  114   65   36
   78  159   77   58   72   29    7    9    0   22    6    7    2    2   12   11   17    4   11   28
  115   72   79   98   81  196  153   84   64  168   85  163   49   26   86  331  130   87   55   97
  184  134   33   20   72   13   97   25   75   84   81   10   67  178  299  194  480  471   50   75
   58   90  171  258  299  120  413   93  185  259  479  211  204  110   51   73  109   18   67   47
   45  206   68  235  228   93   45  205  118  171  118   48   47   43   70  156  153   33   60   21
   92  201  156  256  198  302  300  182  162  368   68  144   63  249  130  121  123  150  207  137
   26  274  401   59  230  277  190  167  250  166  174  107  137  206  249  235  179  162  289  247
  117  123  123  110  170   54   12   54   86  148  150  198  118   59   57   40   57   22   27   12
   47   43   66   58   14   16   14    5    0    5    3    2    2    2    5   27   23   18    8   19
  130  154  112  120  145  135  118   90   77   95  147  224  100   61   89  185  288   98  159  159
  297  132   82   38   28   63   97  178   28   48   59   35  129  137   64  129  200  208    0  319
  292  167  360  170  267  168  275   89  132   97  240   22  248   89   75   85  102   21  164   79
   42   42  124  140   69  186   77  165   94  179  184  124   93  133  139   83   36   37   48   77
  144  110  266  367  201  496  392  793  762  446  284  256  265  463  684  227  167  193  159  207
  137   91   73  115   27   73  198  196  161  133  337   37  150  195  217  238  208  263  233  138
  368   74  133  158  144   97   78   85   49  105  146  187   90  128   84  142   81   40   79   20
  111   67   24   65   22   22   13    0    0   33    4   11    0    0    4   46   30   46   34   62
   64  154  115   54   73   50  178   75   71  201  163  170  124   88   85  213  148  279   79  106
  179   44  107   63   33   60   77   87   63   87   22   10   55   95   87   33   88   68   56  116
   61   27  139   82  107  246  139  347  365   90   70  224   59   79  121  141  219   57  291  136
  205  150  476  142  217  251  316  163  175  115  204  219  159  282  323   83  152  341  348  135
  225  209  123  299  289  393  305  517  331  348  216  280  216  351  602  252  173   86  110  108
  238   69   34  108  115   66  200   30  265  194  297  104  185  188  458  270  177  208  265  183
  219   75  235  121  163    6   33   54   15   44   38   85   77   26  165   73   96    9   41    3
   46   13   77   77   13   47   11    5    2   13   13   25    6    2    3   10   27   13   41   38
  182  131   89   88  230  278  185   25  102   94  144  114  153   44  130  159  299  182   61  129
  270   85  121  103   54  112  108   53   98  147   85   43   58  156  131  297  118  102  137  153
  112  251  306  197  389  527  251  382  340  113   86  240  399  555  382   78   81  149   34  116
  302  187  105  147  195   38   41   38   21   17   17   64   84    4   17    6   11    8    0   11
   95    2   64   38   67   41   46  149  207  248   29   49   77  245  243  128  277  108  126  291
   51  162  287  359  132  172  116   30   59  275  293  197  126  157  172  189  128  155  186  102
   83  141  110   79   93  137  128   77  149  156  175  173  114  122   53   72  129   37   25   24
  128  135   77  119   24   16    6    4    9   13    2    1    5    4   15   28   73   29   27   69
  118   44   51   55   86   75   84  144  134  125  159  168   37   70  195  145  318  272  124  235
  228  151   82   57   65   88  110   97  113  107   54    7  182  130  186  127  259  203  140  109
  216  387  461  397  432  189  325  110  186  265  289  128  106   83   65   94   75   87  112   66
  436  141  162  165  236   75   33   86  187   65  114  194   97  124   68  193   96  125   77  211
  451   77  124  314  231  218  289  189  174  192  473  299  222  203  474  229  169  250  213  385
  349  178  171  280  195  186  115   80  112   83  429  136  281  369  159  230  138  225  203  192
  153  126  131  199  229   60   28  136   47  109  162  157  115  206   50   53  138   56   21   39
   61  126   44   95   56   16   10    0    3    2    8    0    1    1    7   25   38   40  153   70
   65  162  138  108   84  176  136  120   90  102  162  102  288  103  167   91  169  180  112  127
  195   94  154   37   16   96  116  103   64   35   15   37   96  154   90   39   79  114   75   63
  113  253  288  163  303  312  527  410  376  214  290  408  245  236  272  119  241  175  224  138
  109  132   61  287  114  121   31  375   71  287   82   75   97   64  105   33   44   43   18   54
   69   16   85  100   80   46  153  201  152  148   69   99  134   99  335  105  110  184  147  244
  126  296  271  132  102  138  202  337  139  399  363   63  170  388  146  140   75  170  182   83
  268  116  142  137  104   46  198  103  139  185  318  159   43   72   16  116  160   40   23   12
  107  173  104   82   15   31    4   10    2    6   14   17   10   51   11    3   14    5    7   17
  159  174   38  101   90  192  253   96   86  168  167   62  176   59  141   87   99   94   29  126
  365  120   70   46   77  213   38  146   85   94   57   75  155  131   10   41   41   91  157  143
   26  100  219  228  336  371  220  378  214  182  151  144  312  248  182  298  127  220  113  158
  236  213  100   42  199  112   62  321   93  409  157   35   55  138  139  258  133  170  596   90
  167  487  398  453  378  384  231  147  170  157  271  266  245  462  432  238   97  110  169  207
  115  142  125  197  112   56   68  206  288  100  396  103  171  163  243  157  150  251  255  158
  226   69  127   80   73   84  121  178   90   91  202  121   39  131   49  137  260    7   39  124
   56   63   76   66   96   45   52   13    4   15   11   17    0    5    7   10   11   11   16   12
   41   44   40   69   37  134   76   57   30   85   69  154   88   52  271   57  137  201  169  142
  103  183  103   33   44   99  106  179   68   57   33   28  116   76   48  196  202   83  104  162
   97   63  221  154  266  455  274  513  558  153  242  702  448  429  196  239  123  156  123   79
  177  490   49  207  138   56   36   77   32   28   23  137   94   27   57   16   35   50   33   29
  262    2    6   48   35   45  109  113   61  145  124   86   60  215  114  144  209  274  211  441
  135  383  494  335  553  417  267  250   78  258  192  115  147  319  315  152  160  308  349  281
  221  107  200   91  156  254  155  102  251  281  204   70   97  133   72  149   75   43    6    2
   74   87   68   90   46   52   41   21    3   21    1    2   34   35   30   53   33   15   50  108
  144   84  133   81  129   92  114   80   64  199   95  139   21   91  200  155  187  221  112  206
  329  105   63   27   51   72   59   65   48  166   84   55   79  138  129  114  112  183  365  370
  245  254  300  206  457  392  331  290  205  310  157  372  207  193  162  106  114  179  193  155
  148  393  181  320  173  105  146  290  242  326  168  122  134  148  120  194   96  127  134  117
  180  196  280  486   95  359  161  314  138  165  178  213  134  260  491  168  227  275  211  211
  164  408  103  184   55  207  107  200  236  134  277   98  204  324  187  198  131  282  187  162
  283  132   90   90  160   84   49   67  246  286  149  102   24   33   19   39   84   50   33   79
   42   79   67   99   20   36   16    0    0   26    4    6    3    7    5    9    8    3    8   21
  143   57   67   61   65   53   93  152  219  165  106  126   47   78  123   83  167  122   34   81
  214  233   72   43   21   63  116   81   84   78   84   23  197  172   67  132  141  151  206  259
  155  172  147  190  255  169  157  379  329  125  213   52  276  485  129  217  228  193  305  293
   96  120  156  257  127  164  139  139  166  212  207  172  142  148  121  214  182  150  159  137
  159  139  137  187  148  124  121  168  204  242  565  298  150  241  276  230   81  151   81  181
  223   71  146   78  103  184  155  247  195  162  479  145  260  168  151  237  125   91  199  117
  261  172  129   99   80   63   57   57   75  177  175   36  155   79   86  135  115   25   13   14
   68   34  173  151   19    5   17    5    4    4    5    1    3   11    5   10   11    2   27   11
  211  108   31   73  174  128   92  183  153  117  186  117  134   92  276  195  320  149  172  272
  166   47    8   30    8   57  175  175   37   37   40   28   34  125   76  174   44  117  110  148
   75  155  143  140  191  189  155   97  175  153  331  346  244  343  341  124  257  728  380  273
  390  170  355  344  291  228  302  421  149  123   44  238  144  137   88   15   94   21   43    3
   79    8   93  136  116   91  319  173  315  219  194  132  170  326   84  117  223  140  178  275
  111  262  210  270  185  244  376  238  238  220  465  102  205  239  219  205  422  157  291  115
  258   56  153  127   86  157   70   79  250  455  224  168   53   98   18   51  125   15   20   35
   58   31   78   83    8   26   19    3    1   12   32    3    4    1    7   11   26   18   35   13
  115  281  183  188  127  246  238   64   99   45  143   79  170   74  194   23   93   85  169   94
  117  184  257   77   23   84  149  145   79   41   29    7  266  180  158   93  119   95  119  256
  238  119  120  103  221  186  180  147  102   69   84  145  421  278  236  105  130  245  166   78
   89   36   17  167   22  151  105  177   45  259  150   54  100   73   78   62   15    6   64   39
    8  145   97  125  189  241  287  275  240  175   75   68  162  103  232   55   70   31  133   89
    8  155  149   34   59   70   59  289  292  194  289  165   83   78  255  188  120  103  228   63
  181  149  114  129  199   72  122  106  370  116  111   97  126   91  157  124  102   40   19   18
   55   86   85   94   34   13   12    2    0    9   13    0    1    0    2   32   10    8   42   65
   71  161   79  130   89  260  169  127  207   78  130  144  203  139  134  121  267  103  139  115
  359  199  196  177  167  123   53  188  122  226  121   73  284  320  207  252  230  184  190  193
  113  176  517  133  387  313  158  166   88   89  190   57  330  176   86  109   53  326   25   82
  246   64  122   92  264  203  106  200   62   53   87  195   90   39   82   45  175  162   84   35
  215   66   98  184   99  120  295  386  135  324  201  143  145  109  425  199  270  270  277  223
  171  174  341  204   85  249  421  211  143  255  347  106  432  297  182  186  294  155  240  184
  284  166  125  142  133   86   35  124  287  145  145  158  195  125  239  123  105   65   59  143
  148  160   91  127   51   33   80   37    4   13   36    4    1    6    1   56   12   17   12   28
  252  239  274  340  224  203  190  167  255  206  199  229  183  155  157  197  387  216  107  211
  695  523  152   91   43  147   76  134  150  197   50    6  232  104  170  408  277  224  362  170
  260  387  237  223  296  179  143  124  215   48  197  198  148  232  317   65    9  194    9   43
  321  163   62  120   74   73   13   64   68   79  154   28   81   62  265  100    9    0    0    0
    3  421  223  146   44  189  379  465  462  283   56   63  124  278  614  122   27   27   31   68
    7  214  352  124   81  188  247  216  516  277  497   83  133  227  366  151  186  164  264  151
  250  167  122  130  171   94  295  209  236  138  308  353  177  291  204  573  237  101   45   35
   77  164  111  169   12   61   31    4    0   17    9   12    8   23    4   29   79   20   23   23
  109  208  135  145  133  114  211   88   99   85  115   92  209   41  116  101  122   60   69   76
  363  127   26   59   17   61   23  130   59  108   91   24  119   87   80   61   44  131  268  235
   96  112   75  151  176  228  119   96   47   50   18  120  197  263  213  226  196  436  381  289
  151   19  211  125  178  149  200  164  217  210  149  175  328  112   65   30  290  176  122  106
  284  130   58  188   22  164  181  327  296  599  315  106  298  280  410  275  343  419  252  391
  134  152   78  198  107   83  142  384  390   77  227  150  237  334  358  195  221  184  296  178
  200   89  185   89  258   16   63  111   71  110   86   98   97   62   58  147   14  123   36   22
   86   83   67   65   65   25   12    0    1   14    1   10    2    0    4   14   22   28    9   21
  102   40   75  118   11   57   48   84   69   87   52   60   78   68   50  120   58   56   70  188
  133   73   49   67   17  111   95  123  132   61    9   10  107  140   57   51   35   88   89   41
   84   96  135   94   54  102  108   99  162   83  102  103  220  260  193  209  349  393  142   70
  289   91  170  169  131  519  357  204  296  140  222  161  236  256  193  149  109  180   95  126
  177  117  193  325   82  397  282  293  167  321  293  177  144  235  667  180  153  116  101  178
  170  113   51  221  221   63  200   85   92   87  251  168  180  294  125  191  210  111  254  110
  245   87   88   62   63   50   14   94   29   63   81   81   44   41   51   25   18   41   20   20
   71   77   47   43   34   32   10    1    0   10    8    1    6    4   13   25   16   16   34    3
   87   78   33   54   35   10   33  110  117   43   44   62   33   99  115   59  264  363  144   96
  259   65  133   48   49  150  182  168  136  140   52   20  344  232  445  145  412  536   92   63
  140  237  148  320  135  164  136  135  171  243  250  301  416  477  295  113   79  631  192  282
  676  518  296  391  419  151   27  115  124  208  190  110  302  156  268  194  267   47   95   40
  234  120  161   92   88  101  230  221  144  154  149   74  116   76  158   55  149   73  147  154
  150  477   97  154  124  181  131  158  349  177  474  169  135  304  256  199  242  179  281   52
  122  129  169  136  166  120   78   72  107   83   59  253  209  149  185  175   96   90   58   72
   84  145  105   89   22   14   17    1    4   11   14    1    2   14   18   26   52   49   31   40
   76   63   53   62  106   33   43  119   76   81   50  220   72   85  231  181  121  109  135  155
  295   36  195   36   20   74   95  107   88   61   35   15   97  159  118   91  199  179  200  228
  127  176  308  279  282  229  279  154  141   79   58  260  140   99   63   71   77  372   45  239
   52  102   87  102   98  133   41  166   99  136  141   70  120   73   69  146  190   98   94  154
   19  124  127  352  199  210  315  627  497  415  369  188  252  290  600  287   21  123  195  233
  212  375  253   45  126  246  118  441  383  124  184   92  108  351  240  205  209  340  444  162
  308   50  143   82  152   87   56   61  113   54   40  149  142  167  166  222   63   35   34   46
   50   29   77   74   49   40   31   16    0   24   28   14    0   22    2   13   12    7    5    3
