   26   30    8   14   18   13   25   36   45   22   20   33   22   48   39   30   62   40   24   60
   51   21   13   12   13   15   13   50   32   36   16    7   36   74   52   43   36   37   45   24
   26   26   11   33    6   17   17   17   37   15   42   19   46   48   42   86  105   47   57   64
   46   49   81   91  154   82   81   24   67    1   82   63   79   68   71   53  144  149   78  136
  109   34   45   39   65   43   86   53  249  147  282  165   76  210   79  277   99  154  117  104
   69   90  168   87  188  125   87   46   41   68  137   64   51   94   35   66  171   59  133   75
   96   56   60   28   13   55   29   20  134   70   54   30   55   39   33   81   34   36   15    8
   27   36   19   24    6   11    3    4    0    3    0    9    0    0    3   16   43    8   37   43
   26   20    6   14    8   10   39   19   27   53   33   60    6    8   37   30   53   57    5   76
   59   88   13   12   11   15   12    8    9   18   29    7    6   14   36   41   36   41   66   73
   71   40   45   33   41   44   38   59   37   41   52   79   46   58   62   67   58   83   57  104
   65   65   93   86   77   82   67   46   64   33   56  101   96   68   63   40   73   87   66   80
  169   16   49    4   76   38   20   27   16  119  108   68   28   54   14   37  147  124   93   96
   69  167   91  139   97   54   90   46   56  159  166  142  152  138  132  345  258   73  133   17
   96   66   60   43    1   23   28   32   78   73   89   30   32   39   25   36   32   32   15    5
   27   15   19   24   12    5    8    4    0    0    0    4    0    0    9   16   21    8   23   37
   26    9   12   14    7    2   36   39   45   46   34   39   12   27   27   23   32   36   10   19
   61   62   34   28   33   36   15   26   25   52   58    7   28    7   16    5   36    6   71   85
   75    9   55   33   29   26   33   29   25   16   21    8   22   49   41   84  155  146  209  264
   80   36  262   94  272  143  122   85  102   10   19  167  157   68  121  127  205  137  103  105
   27   13   14   82   82   63   49   76   22  231  218  142   51   40    5  254  157  138   30  128
  114  182  114  207  108   72   98   46   49   72  139   48   28   19   27   75  113  150  141   64
   73   36   24   39    1   50   57   48   76   21   40   30   40   39   48   61   63   31   14   29
   27   33    3   32   18    8    1    2    0    7    0    5    1    5   11   16   39   22   43   44
   48   31   18   14   64   16   39   56   64   84   47   37   19   78   28   28   58   55   45   81
   96   27   15    7    9   11   31   21   13   11   13    8   16   49   41   63   63   77   23   89
   77   88   76   52   59   28   68   37   36   53   53   50   35   33   33   16   30   22   30   19
   31   56   35   72   34   18   30   12   67   14   49    9    5    5    6    2   17   30   18   22
   30    0   27    3    0   25   38   60    8   36   11    6   32   13   35  108   75   74   58   67
   41  114  161  130   93  113   84   42   69   96  100   49  152   65   79  132  166   52   84   57
   57   85   33    4    0   45   43   43  109   86   60   56   20   38   26   22   25   12   23   10
   24   17   17   20    2    1    0    0    0    0    0    0    0    0    0    9   16    1    0    0
   12   26   29   14   16    3   28   52   82   30   28   42   16   47   46   33   44   25   24   28
   43   14   22   17   30   48   13   36   36   34   34    4   33   16   15   11   28   27    2    2
    5   14   18   17    9   19   16    3    2   30    4    3   26   19    3    8   15    2   13    7
    2    1    8    2   24   20   18    1    2    0    0   14   20    1    4    2   47   26    6   22
  107    0    0    0    0    0   46    1   11   16   12   10    0    3    0   24   99   59   68   43
   47   32   48   73   84   98  205   46   50  156  102   75  139   90   87  110  109   78   80   36
   43   62   64   28    4   57   40   38  113   37   17   50   25   51   17   75   62   25   11    6
   18   48   44    5   26    7    0    0    0    0    1    0    0    0    0    4    8   11    0   26
   47   16   10   14   48   37   37   37   20   36   49   36   14   76   41   20   50   76   72   89
   83   48    5    3    0    6   37   61   12    1    1    0   54   42   63   39   33   22   17   59
   16   30   21   66   12   22   17   38   27    9   12   70   53   35   40   39   46   27   63   38
   22   48   24   53   46  101   69  160   22   61   35   63   28   26   38   10   25   39   28   33
  116   14   30   35    4    8    8    2   60  296   46    5   44   62    4   53   54   50   76   70
   32   95   48   94   73   69   63   34   49   52  108  110   54   62   68  181  175  103  176   41
  116   82   92   32    4   45   44   25   36   36   31   36   49   28   33   35   46   15   13    6
   21   19   35   32    5    2    0    0    0    1    4    0    0    0    2    2   42   14   13   21
   13    7    3    9    7    4    8   17   38   44   16   32    3   10   40   14   27   19    8    9
   87   13    0    2    1    1    0    0    0    0    0    0    0    0    2    7   15   32    7    4
    8    6   17   25   14   36   19   31   27   50   45   30   47   18   33   55   64   43   94   89
   31   16   51   40   50  109  111  121   99   93  102   97  103  146  181  184  100  105  241  105
   61   85  135   73  113  121  102   95   36  284  108   42  150   59  145   32   82   51  121   55
   61   54   72  116   98   61   55    8   17   45   57  120   92  113   72  187  133   84  101   14
   93   66   33   77    0   48   24   22   37   40   44   37    0   24    0    2   12   13    0    0
   10   27   11   24    6    6    0    2    0    1    0    0    0    0    0    9   33    6   29   44
   11   10   11   12   13    8   13   56   39   34   26   21    6    2    4   47   58   27    3   28
   41   44    7   33   26   27    2   19    6   35   17   38   35   16   65   49   68   53   60   73
   63   47   48   72   48  132   59   57   39   79   77   60  137  115  108   79  118  102  127   74
  158   84  114  123  109  126   86  143   64   26   20  114   96   96   78   12  100   40   39   36
   85   17   12   25    7   26   17   24   20   81   55   60   17   73   13   22   93   74   29  127
   92  137  120  171   65   88   35   37   37   69   64   81   50   40   49   57   32   33   71   19
   98   54   55   33    2   63   65   47   43   88   62   50   26   42   36   43   53   14   21   11
   51   43   23   41   16   10    0    0    0    0    0    0    0    0    0    6    7    0   11    2
   89   29   34   36   34   47   30   87   60   51   27   32    5   14   37   71   80   33   35   29
   79   79    5   20   12   28   15   18   24   19   13    0   16   21   31   46   15   12   36   34
   24   14   11   21    9    9   12   26   44   45   49   34   12   12   23    4   12   21   11   31
   71   88   81  108  113   22   12    8    9    1    1   21   54   11   28    9   56   35   11   21
  101    0    0    0    0    0    0    8    0    2   45   43    7    8    2    5  121   53   39   88
   49  145   87  167   99   56   41   54   36   38  145   57  122  131  102  302  229   79  222   35
   89   49  143   34   26   37   41   16   69   54   50   16   14    8   43   12   23   16    1    1
   24   36   13   14    0    0    0    0    0    0    1    0    0    0    0   12   23   13   35   39
   17    1    2    4    1    3   19   11    9   18   18   18    5    2   10   11   42   11    6   29
   24   19    7    7   15   18   12   23   25   16    7    0   24   12   26   33   23   42   72    5
   14   27    8   17   15   33   21   49   38   25   31   44   27   12   33    7    9   13   11   19
   26   22   21   38   29   67   11    7    7    5   41   11    5   27   42   63   44  100  149   96
   73    0   40    8   46   28   15   44  191  274  113   57   95   88   71   57   73   37   69   26
   52   90  105   83   84  100   72   35   76   80   98   77   70   81   22   50   77   28   54   30
   63   25   37   28    8   71   45   38  110   69   76   22   11   29   30   27   30   22   28   10
   36   37   20   70   11    0    0    0    0    0    0    0    0    0    0   12   25    8   23   16
    7   14   18   16   21   11    7    3   11    1   11    5    3    6   12    6   32    9    3   31
   68   79    4    3    9   12    6   10   17   22   38    6   10   30   54  118   77   97   39   28
   24  100    8   55   15   21   11   49   39   79   51   69  151  105   49  158  147   37   19   54
   60   60   87  105  111  200   29   37   24    0    2   24   17    9    9   17   75   53   17   34
  155    0    0    2   11    0   10    4  158   88   35   30   12   49   19   90  110  187   98  199
   98  139  133  125   92  146   95   56   38   82  114   12   51  111   22   69   97  203  121   60
   36   30    5    4    6  149  114   97  174  168   92  140   85  104   62  134  149   60   15   18
   38   89   45   62    7   15    4    0    0    2    0    0    0    0    0   25   56    6   25   26
   21    6    3   11    1   10    4   31   28   10    5   11    2    1    1    8    6    1    1    9
   11   47    0    0    0    0    4    0    1    1    2    1    0    3   20   12   20   41   10   71
   49   16   71   47   53   86   68   24   27   50   41   30   46   30   47   45  175   42   82   68
   35   31   75   79  143  182  151  261   64   85   70  151  148   55   82   79  181  123  160  120
  136   35   36   49   94   93   71   17   92  106  113   72   58   61   12   27  137   73   46  144
   41   93   82  125   90   73   46   23   54   64   81   36   40   70   27  106  164   56  131   36
   76   18   45    7    0  112   36   60   95   74   62   32   15   40    8   52   47   60   33   27
   15   70   12   19   15    6    0    0    0    1    0    1    0    0    4    8   15   17    8   24
   34    4   11   21   23   10   13   26   23   25   23   41   12   28   30   20   59   75   21   93
   75   14    4    1    5    7    1   18   12    7   15    2    5    9    3    3    1    1   11    4
   12    3    4    1    7   19    2    6    3    1    6    4   44   21   15   30   35   18   24   28
   10   24   59   31   82   32   25   58    8    6   13   17   11   17   45   22   71   65   54   44
  125    1   86   13   42   42  120   17   46   37   46  101   97   91   39   49  158   75  109  105
   62   64   60  171  111   59  149   42   52  157  152   84  170  220   97  148  159  147  195   93
  223   42  118   59   30   38   28   57   48   35   10    2    8    5   14    7   10   15    6    6
   11   27    9    8    7    0    1    0    8    0    0    0    0    0    0   13   25   10   26   17
   13    9    5   17   13   20   17   13   11   33   14   23   31   13   38   30   42   69   17   35
  100   52    7    3   19   14   20   41   37   86   53   10   39   50   48   39   55   88   66  115
   74   39   69   87   75   60   79  105  128  135  158  187   73  106  127   34  159   99   83   51
  147  131  114  162  129  204  118  260   94   50   81   95   48   95   82   59   88   43  121   59
   75   13   77  252   83  126   99   95  180  428   89  106   58  185   66   89   69   94   72  246
   57  232  137  193  101  109   60   61   49  112  107   29  138  119  124   56   86   58  109   46
  112   25   67   12    0  125   59   43  105  144  156   81   57   80   50   66   88   21   23   35
    6   39   11   14   15    5    4    5    1    0    0    0    0    0    4   17   10    8    4    7
   18    9    0   12   49   19   32   35   49   40   20   37   29   15   24   20   33   22   22   55
   28   13    4   14    6    8   17   25   11   26   21    1    6   24   13    4   15   10   23    1
   11   10   33   13   30   38   62   62   37   29   38   75   49   61   53  169   58   55   94   83
   64   91  139  105  140  110  158   52  122   43  162  130   59  142   66  122   93   71  104  110
  143   66   92   78   83  115  175  189  151   40  234  246   76  115  139  233  132  209   64  406
  228  155  110  122   92  146   72   60   58   98  121   74  139  235   80  137  209  293  192  238
  222   23   67   28    2   66   61   59   71   79   88    9    1   10   15   34   62   52   25   15
   59   27   17   19   17    6    1    0    0   11    6    0    0    1    0   40   51   13   11   28
   47   22   13   16   32   45   52   52   65   59   57   64   42    9   38   24   52   37   16   28
   50   36   37   25   13   12   18   11   17   22   18   11    8   14   18    2   16   18   82   51
   14    3   33   15   74   33   24    3   12   17   66   47   28   19   33    5   38   31   44   78
   87   68  133   99  206   21   30   56   83   60  151   67   91   81  100   78  176  222  154  144
  202    3   39    2   73   33    6   87  133   82  166  213   79   54   56  140  106   86   49  137
  156  128   62  294  164   72   63   34   52   91  145   32   65  102   48  127  105  119  216   89
  106   13   67   13   10   53   56   60   31   56   66   26   36   54   20   47   37   23   12    7
   23   39   19   19    0    0    0    2    0    7   15    0    0    0    4    7   22    7   20   12
   14    3    4    7    3    6    9   15   24   14   21   13    9   12    8    7   15    3   13    0
    0    8    0    1    6   10   10   18   16   13    3    0   25    2    1    0    2    1   13   78
   11    3   20    7   49   33   17   26   37    8   20   67   28   16   25   10   17   28   33   53
   71   68   64   89  100   30    8   13    5    7   13   16   12    3   17    7   30   20   26   11
   45    2    2   13   34    3    5   38   49   64    3   31    4   19   24   29   73   43   42   51
   33  144   83   87   91   88   57   71   54   80  114   76   90  136   84   77  106  118   91   23
   58   71   52   29    1   17   45   51   33   48   36    6    5    7   12   21   19    9   14   18
   25   47   18   23   24    9    1    0    0   25    1    0    0    0    1   13   30    6   19   13
    5   11   12    3    4    9   28   17   12    5   28    2   13   33    2    1   53   29   23   17
   28   27   35   12   20   11   34   31   44   29   34   25   56   41  142   73  149   92   66   37
   50   69   43   57   34   49   57   62  109   73   78  107   45   48   45   19   41   11   27   12
   26   61   26   41   28   38   14   64   85   60   37   25   27   28   24   71   28   20   51    9
   70   47   62  139   11   28   41   55   78   49   14   62   24   35   69   82   90   55   59   87
   33   73   82   91   54  116   70   23   15   63   82   27   63   87    8   22   45   93  213   59
  128   12    2    7   13   97   54   44   86   54   79  118   99  105   51   83   73   46   26   23
   34   42   27   18   38   20    9    0    0    0    0    0    0    1    0   26   30    0    7   10
   32   24   23   24   13   68   62   61   63   59   49   44   75   12   36   28   55   43    3   32
    6    8   20   14    9   36   23   10   40   33   46    8    6    5   22    4   14   13    2    3
    0    3    1    2    6    7    1    2    2   13   18    3   12    7    2    5    3    2    4   25
    5   12   38   37  110    3    7    9   64   14  146  115   57  140  148  159  103  222  226  160
  145   15   47   18  167   67   45   43  134  100  169  165   85   69   43   24  192   88   52   59
   68   53  111  157  193  175   97   86   74  105  176   48   60   40   46  168  147   30  120    8
   72   21   25   21    5   26   16   41   83   62   32   13   52   27   38   25   16   15   21    9
   33   16   18    5   15    3    0    0    0    0    0    0    0    0    0   23   75   11   51   21
   12    1    0    5    1   19    0    3    8   32    7   40    3   34   44   34   40   54   56   35
   29   28   22   19   15   17   25   38   37   20   18    0   20   26   11   28   14    9   25  110
   40   16   88   22   33   60   71   53   52   47   77   72   55   71   66   18   57   39   51   26
   26   62   23   38   16   43   46   72  121   51   36   54   33  209  144  138   40   81  174  108
   24   10  104   82  151   99  117   91  187  395   81   97  128   45   73   10   38   62   70   64
   20  103  154   60   63  192   76   37   32   71   91   13   42   84   69  207  159   41   84   13
   46   45  109   53    2   55   49   22   85  113  109   20   19   17   10    9   24   21   13   15
   29   22    5   10   10    1    0    2    0    0    0    1    0    3    1   21   28   10   10   15
    9   22   14   10   15   20   17   44   29   31   22   47    7    8   51   26   39   47   23   36
   54   23   13    9    3    1    8   14   14   15   24   11    6   21    8   20   11   19   14   13
    9   32   30   14    4    4    9   25   40   31   87   89    7   48   82   70  147  127   49   28
  101  113   40  127   44   97   52   61   50   24   30   51   28   57   54   31   42   42   69   30
   36   22   38   17   38   55   37   48   69  234   27   33   19   79   49  110   91   85   51  104
   70  156   71   90  115   54   35   21   21   67   92   58   60  144  137  101  138  106  110   75
  180   82   33   24   16   93   23   54   97   82  104   25   10   19    9   17   15   12    6   10
   35   35   33   42   12    1    3    0    0    0    0    0    0    0    8    4   18    5    5   11
   33   23   21   20   43   27   49  104   98   77   69   68   42   86  104   50  109  142   35  113
   55   55   32   17   13    9   22   26   12   11   13    4   26   41   18   31   16   28  109   38
   55   38   45   71   64   24   57   46   52   60   39   48   29   62   68   79  169  241  319  266
  208  120  172  219  141   83  261   49   50   22   43   81   93   80   46  137  150   89   80   87
  206    5   37   17   33   50   31  104   92  382  136   99   91   74  112   55  132  165   23  177
  213  199   95  204  115   84   58   14   26   60   85   61   25   33   16   48   29   45   42   25
  120   50   11   39    0   47   38   16   33   35   36   21   12   15   14   17   27    6    2   11
    3    8   13   17    6    2    0    0    0    0    0    0    0    0    0   27   42   10    3   21
   20    1    8    4   10    8   19    8   10   28   20   27    7   14   23   59   24   13   22   35
   24   60   12   14   15   19   20   24   28   21   13   12   31   44   88   62   86   91   42   84
   77   80   51   55   45   16   45   15   12   50   20   13   16   16   22   40  120   38   55   98
   27    6   31    8   22   55   75  270   77  148   64   76   81   70  111  105   67  113  143  143
   40  172  119   32   83   62   71  239   61  163   90   82   98   43  105   68   30   63   26   64
   94   25   92   17   28  103   46   44   46   53   97   51   71   66   75  107  115   63   96   56
   79   34   32   34    3   92   94   69  181   59   25   95   70   85   66   68   93   13   27   52
   28   36   27   48   28    9    5    1   10   10    0    2    0    0    2    6   11   21   23   20
   23   12   17   26    6    7   19   29   34   69   28   53    2   34   76   34   47   95   20  138
  112   38   18   15    8   15   20   14    3   15    7    0   10   38   11   31   32   40   34   30
   25   26   43   53   37   60   50  119  180   77   66   84   51   64   80  100  114   24  123   38
   59   31   40   19   52  211   91  216  101   72  166   76   23  105   49  136   21   32  108   38
    6   89  265  237  211  185  167  165  126  394   29    2   54   51  133   58   96   73   31   57
   29   91  237   65  117   96   40    9   18   46   49   50  104   37   55   34   30   57   68   25
   57   27    7    3   12   85   59   82   96  183  147   52   14   48    6   44   56   22    9    4
   15   58   15   36   28    1    4    0    0    0    1    1    0    0    0   16    9   12   22   12
   12   56   21   33   30   14   11   30   12   16   11   14   24    2   23   18   57   41    0   18
   67   36    2    2    4    2    2    0    2   21   23    3    2    1   25   46   53   56   67  126
   84   72   29   32   95  101   60  126  102   45  129  168  143  162  224   96  192  138  159  177
  124  115   97  124   67  238  203  384  104  144  111  125   64  185  123  216   26   37  157   48
   53  141  183  227  187  150  273  132  128  180   61   47   60   75   57  134   63   56   36   25
   33  259  365  122   93  241   86   48   41   96  134   52   53   66   42   60  153   50   84   77
   73   69   60   28    5   76   59   75   85  157  128   63   52   54   37   64   82   60   28   23
   35   77   16   54   37    5    0    0    0    5   10    0    0    0    0    4    9   12   18   17
    5    4    4    2    3    6    3    4   10   33   17   37   19   11   20   29   57   67   35   68
   68   40   12    7    3   13   21   56   33   27   11   13   38   43   37   19   29   16   13   32
   15   20    7   10   14   29    3   21    7   15   62   63   54   63   51   62   76   72   98  108
  104   93  136   88  134   93   86  147  107  102  138  171   98  268   93  159  120  149  202  164
  138   52   85  106  136  259   97  109  184  494  287  156  130   99   96  122  145  192   87  189
  171   88  126  185  107   86   94   57   56  113  163   66  111   59   49   65   62  100   75   48
   88   51   25   19    7   27   30   17  117  125   45   38   19   19   18   23   11    2    1    5
    8   14   10   25    3    2    1    4    0    4    0    8    0    2    0   20   31   31   55   31
    5   13    7    2   30   35   34   43   43   26   36   41   56   77   63    8   75   81   75   37
   31   45   56   68   39   53   43   53   68   39   50   40  133   84   40   73   55   39   33   18
   51   76   55   91   25   31  112   50   82   71   79   81   63   37   83   21   30   21   52   35
   47   85   54   99   68   22   33   26   25   46   94   28   45   32   20   18  158  205   68   92
  148   34   85    3   16   73  111   25  118   35  258  135  148   78  187   81  152  150   69  122
  275  146  154  153   94   88   64   45   62   71  119   78   47   86   23   28   45   58  149   69
  149   62   24   45   32   39   55   36  131   72   89   28   41   24   33   33   29   31   14   21
   25   54   12   23    4    7    2    0   11    1   10    7    0    0    3   21   24    7   45   14
   38    5   13   15   18    8   23   29   39   52   25   27   15   19   32    5   35   38    9   44
   35   11    3    5    5   19    6   22   12   45    1    3   14   18   18   22   42   43   27   50
   32   38   26   49   29   71   28   44   49   38   43   46   18   25   27   40   43   51   41   78
   68   40   78   46   75   19   18   68   14   52   73   20   44   30   41   60   85   45   83   29
   99   58  183  131   91  130  161  180  243  279    5    5   70  105  171   96  165  140   70   86
  157   57   26  152   42   23   81   47   43   69  122   53   42   33   35   21   60   22   36   40
   58   58    9   11    3  103   86   56   54   33   44   36   25   30   36   57   62   47   32   24
   70   68    8   13   14    7    5    3    0    0    0    0    0    0    0   13   14   13   17   16
   13   40   19   11   13    7    7    9    6   14   15   20    9    5    6   23   14    5   10   12
    4   15   15    5    8   15    4    5   11   32   18   10    5    3    3    3    0    0  128    0
   18    2    0    1    1    0    1    0    0    9    0    0    2    0    0    1    1    0    0    0
    0    0    0    0    1    7    0    1    0    0    0    0    0    0    0    0    0    1    1    1
   29    0    0    0    1    0    0    0    1    0    3    1    3   18   10    4   62   47   80   40
   23   15   32   48   61   44   62   36   62   93  134  102   75  138  220  242  239   46  144   29
   67   26  113   48   37   20   15   58   19   32   12    2    9    4   10   10   11    4    1    0
    5   13   18   20    1    0    0    0    0    0    0    0    0    0    0   19   63    3   22    3
   12   11    4    9    8    8   15   93  102  108   54   98    8   35   69   60  100   94    8   74
  170   20   10    5   17   29   28   26   20   25   22    3   34   32   45   43   29   47   51   77
   57   26   84   73   64   85  128   79   85  108   40   25   51   24   31   62  104  114   70   65
   85  115   65   90  111   81   99   67  120   15   51   80   50   89   92   77   78   83  100  109
  108   21   86  117   55   23   39   53   77  137  114  125   68  117   31   58  186  140   81   79
  112  132  103  172  143   82  101   63   60   87  163  102  191  222  142  181  225   59  144   56
   34   69  132    5   16   59   42   66   53  137   90   26   23   50   18   36   38    6    3   13
    4    5   14   27    3    1    0    0    1    0    0    0    0    0    7    5    1   16   11   23
    4   15   11   14   41   45   33   40   51   34   36   47   38   14   35   11   86   20    7   60
   55   19    7   12    6   11   19   14   16    8   12    1   15    7    4   18    9    6   37   48
   35   16   52    6   65   75   62  123  121    4   76  165  118  137  138  114  161  198  181  264
  169  108  168   84  103  105  145  143   62   55   38  123  102   86  167   46  174  183  121   96
  180    9   45   56   87   86  185  242  316  176   96   47  226   53  207   40   68   72   41   83
   44  102   75   69   82   34   25    5    8   47   74   23    9    5    2    4   29   32   29   22
  135   29    4    6    0   24   14   23   20   26   45    7    9   10   12   12   12    3    6   10
    7   11    3    9   12    4    8    0    2    0    1    0    0    0    6   19   17    3   10   36
   29    5   10   22   32   18   21   35   34    3   18    3    8    2   26   17   39   50   25   30
   22    2    5    1   14   12   16   19    6   24   22    7    9   11   10    3    4   14   31  107
   82   18   81   56   52   35   35   35   24   24   23   46   33   29   57   24   30   27   31   33
   21   46   58   64   78   20   97   75  111   39  170   69   50  169  233   90  104   87  135   89
   79    3   40   15   92   91  114   52  121  332   86  107   49   53  103   42   46   65   72   57
   63  196  110   99  135  105  113   27   21   42  101   39   74   82   37   43   64  111   60   49
   41   28   26   13   14   23   22   38   16   58   24   13    8   11   16   10   22   15    7    4
   22   37   17   30    1    1    0    0    0    4    2    0    0    0    1   12   21   13   42   41
    4    4   13   13   18    3   21   17   56   35    1    9    0    2    9    2   21   32    2   16
   17   23    4    5    8   23    5    4   25   43   47   25   17   19   70   52   66   80   16   38
   30   66   92   80   75   98  136  146  163   86  266  232  124  222  253  192  294  372  272  234
  409  193  113  294   83  180  119  104   44    3    5   50   76   78   76   82   75  101   80   68
  114    1   24   81   78   58  114  379  167  198   86  174  111  113  103   77   87   98   75  127
   77  229  163   97  109  119   57   58   28   52   91    4   38  116   80  109  101   69  109   56
   86   20   10    1    7  183   58   50  151  186  261   62   61   42   49   62   67   26   24    7
   12   54   34   77    7    4    0    0    0    0    0    0    0    0    1    8   17   37   19   67
   40    3    8   31   11    7   16   63   43   35   18   51    3   15   39   56   84   60   21   53
   45   21    8   12   12   10   23   18   16   17   15    4   14    7   19   15   16    8    6   19
    3    8   22   20   45   56   43   65   53   23   14   50   54   39   43   62   65   43   56   73
   57   49   95   86   98   93   92   83   73   40   43   71   46   58   61   50  127   75  107   71
   79    4    1   20   23    0    6   19   16  140   50   77   18   65   12   60   61   61   21  116
  109   82   53  114   73   31   25    9   35   38   80   87   39   33   62  117  126   86  112   28
  183   40   61   32    2   39   28   30   24   80   34   25   12   29    5   22   15    4    0    2
    9   36    4   11    1    0    0    0    0    0    0    0    0    0    0   14   37    4   26   34
   29   14    6   26   16   13   29   20   14   15   17    8   10    4   32   13    7   16    3    9
    4    7    4    2    2    4    3    3    1    2    4    3    4   16   50   49   60   59   31  104
   49   69   91   45   57  155  115  140  185   82  107  138  177  225  229  187  115   77   50   59
  117  129   70   86   56  138   47   41    3    3    0   15   35    5    6    3   25   17   34   22
   99    0    1    1   11    8   37   76  153  213   60   16   23   41   63   43   62   60   45   38
   54  112  123   75   68   44   32   13   14   43   88   56   42   55   50   69   67   42   43   33
   87   19    6   20   16   94   62   56   43   83  112   52   28   52   21   44   52   48   42   20
   29   56   41   17   20    2    0    0    0    0    0    0    0    0    3   17   74    0   33   11
   11    7    1    3   17    3    0    2    2    0    2    6    2    8    7    1   28   28   14   22
   44   43   11   12   18   46   42   25   13   15   17    4    4    5   23   14   24   36   20   36
   19   18   23   60   30   32   36   27   44   71   47   60   30   39   28   55  106   93  138  120
  102   69   97   82  112  131  129  149  115   46   81   59   79   78   43   48   96   53   77   67
   90   41   60   75   71   59   48  193  101   59   85   52   82   38   85   67   56   86   48   81
   87   63   80  108   74   48   17   32   34   32  105   68  102  123  116  283  231  169  155  115
  107   35  127   48   33   33   13   30   66   80   77   52   17   49   15   33   20    4   13    7
   13   17    6    7    5   21    9    0    0    2    1    0    0    0    0    2   32   15   43   19
   14   15   17   23   20   46   52   57   52   37   23   40   14    2   16   41   46   47    3   31
   21   13    4   20   18    8    2    5   10   18   19   47    4    6   30   26   51   68   49   70
   50   42  190   57  152   84  146   45   96   99  108   79   84   47   61   61   96   86  170  121
  229   53  179   87  172   94  102   97   95   50  142  109  185  234  164  125  175  178  109   96
  204   11   46   16   53   53   39   38  156  112  226  106   24   47  158   37  143  139   79  103
   60  135   42  174   84   34   26   68   45   58  116   46   39   33   31   56   43   58   50   23
   41    6   10   47   10   59   23   16   55   82   99   47   41   65   42   60   51    9    1    7
    2   16   22   11   11    2    3    0    9   27   18   14    2    2   19   28   55    6   77   47
   33   11   10   11   11   72   39   36   24   44   14   38    2   24   10   33   24   18   12   25
   26   19    2    8    3    6   10   13    3    6    9    0   23   38    8    5    5    9   23   20
    3   11   20   24   25   29   41   35   35   46   99   40   19   33   17    4    7   23   10   53
   30   23   60   35   87   12    6   12   18   51   31    9   24   13   13   28   63   48  111   28
   59    4   38   21   54   57  154  134  210  432   24   51   79  207  135   86   73   58   46   85
   30   48  109   67   82  102   60   25   18   63   54   11   73   81  117   42  102   45  132   34
   55   39   64   13    1   96   85   97   99   67   58    9    3    9    8   11   22   20   12    5
   35   40   10   13   23    4    0    0    2   11    0    0    0    0    8   26   30   20   26   27
   41    9    9   10   24   29   24   27   21   12   28    6   29   14   13   20   31   24   29   56
   84   44   47    7   15   30   28   19   12   24   13    0    5   17    9    8   14    1   25    2
    3    6    2    3    5    1    6    5   14    5    7   29    7    8   14   12   25  107   91  105
  140  122  124  118  114   10   48    6   26   33   37   47   46   35   41   35   89   60   47   31
   67    5    4   29    7    1    3   25  136  491   15   54    3    6  104   82   63   56   41   37
  100  169   51  174  143   46   90   32   41   82  106  135  156  216  210  242  347   98  141   32
  150   46  151   64    6   15   46   36   10   30   22   18   22    6    9   23   39   49   20    8
   65   55   31   33   29    4    4    0    0    2    6    0    0    0    0   32   64   20   22   33
   13    2    8    3    2    0   25    5    4    5    8   41    0    4   12    1    4   43    0    4
    0    3    0    2   15    2    0    6    3   12   20    2    0    1   15   10    2    3   31    1
   19   10    0    3    0    6    1    5    4    1   15   28   29   36   12   52   60   16   50   13
   40   43   41   70   45   74   71   34   55   17   43   73   64   56   88   90   86  177   80  140
  128    0   44   12   48   41   22   51  141  200  122   78    7   93   77   48   80   67   79   97
   91  104  112   84  121  107  131   55   32  108  100  133  139  120   84   45   50   96   99   58
  109   84   22   69    6   29   53   34   75   43   40    7   11    9   41   20   54   30   19   24
   17   46   12   66   15   12    9    0    0    0    0    0    0    0    4   11   46   12   46   16
   30   12   11   10   20   37   24   51   28   44   23   23   10   25   30   37   50   67    9   36
  105   38   27   18   11   12   12   15   10   18   20    3   12   11   30   32   28    7   29   10
   11   24    0    1    0    0    0    1    1    3    1    1    9    0    2   36   27    5   14   61
    5    8    7    7   19   56   48  200   71   58   77   53   39  160  113   62   49   80   86  109
   74   77   49   56   36    2   51   36    6  157   62   35    6   47   34    9   60   41   35   60
   45   33   79   61  110   78   99   51   33   74   76  101   72   82   33   62   64  170  146   43
   90   30   32    8    0   17   33   18   48   28    9   21   53   38   20   43   26   17    6    3
   13   30    4   11   12   10    0    0    0    2   12    0    0    0    1   12   28    6    6   11
   25   21   15   33   22   20   13    3    2   32   36   30   16   17   29   10   17   25   28   28
   60   52   14    0    4   12   40   57   23   13   14    7   38   66   25   12   13   18   36   36
   36   35   46   37    6   20   62  129   77   13   12   86   46   61   62   12    3   11   29    5
   10   40   17   31   25    8    2    2    1    3    1    3    7    1    1    0   11   10   19   13
   13    4    0    0    1    0   13    5    5   31    2    3    1    1    0   11   81  112  104  100
   18   94  110   72   77   53   80   28   49   89  280   69   88  157  101  243  230  127  126   71
  143   38  113   10    4   45   58   70   66   58   41   28   16   38   15   20   49   21   31   18
   28   35   17   20    6    2    1    0    0    0    5    0    0    0    0   11    7   20   10   16
   15   12   13   13   26   20   37   52   63   88   40   87   20   15   14   45   26   23   15   17
   16    9   10    3    1    7    4   18   13    0    5    2   10    6    9   36   44   69   16   22
   23   40   35   43   39   18   31   36   20   35    6   20   30   62   37   46   93   49   73   52
   62   37   76   56   73  139   59   40   40   30   25   64   66   81   77   62   76  112   91  167
   67   25   26   36   45    8   38    6   18  238   49   22    9   14   13   30   98   50   28   48
   50   80   80   70   95   84   67   81   56   64  118  113   97  137   76  108  125  144  205   41
  108   89   33   21    1   51   53   44   73   26   11   86   35   59   16   75   61    1    0    0
   11   16   15   12    2    0    0    0    2    0    0    0    0    0    3    3    8    6   13   10
   20   74   39   25   74   35   41   27   46   81   17   49   15    1   12   34   77   28    6   12
  122   55    3   26   11   13    2    6   20   20   10    2   10    9   29   20   32   62   73   88
   67   50   75   82   96  178   50  109   59   60   70   72   42   34   31  127   76   30   24   48
   28   18   54   33   67  112   29   85   76   19   31   40   68   64   83   37   72  120   90  159
  264    0  153    0   11   17    8   60   75   57  173   56   20    9  132   44  199  158  112  270
  200   89   98   79   70   72   86   53   53  110   98   88   85   70   23   13    5   60   22   66
   50   26   40   26    0   95   61   45  103   70   74   79   36   75   20   62   80   20    9   11
    7   14    6    6   13   18    2    1    7    0    0    0    0    1    3    7   17   24    3   48
   19   17   12   14   27   26   31   18   47   76   51   46   21   27   26   26   42   28   14   27
   32   41   18   15   14   23   18   38   29   25   20    8   10   44   11   45   32   36   17   33
   65   51   56   53   43   35   54   35   49   88  110  183   24   44   48   92  122  133   86  250
  107  159  143  136  136  101   56   36   48    1   37   48   65   38   45   76  170  121  178  109
   37    0   50   70  128   87  305  334  386  313   82   66  281  102  271    1   62   50   46   51
   28  202  206  169  101   86   62   43   35   63   88   32   30  157   36   99  108   24   81    7
   49   31   14   36    6   64   40   45   74  102  105   41   11   51   29   21   57   28    3    7
   15   48   23   40    3    4    5    7    0   19    5    3    1    0    6   21   39   15   39   40
   39   10    8   22    9    0   11   31   36   19   19   24   10    7   20   12   53   69   17   93
   63   32    5    3   33   30   25   29   35   42   25   13   31   48   32   39   23   19   64  151
   54   36   64   73   44   80   65   70  108   47   93   79   67   82   79   91   95  105   64   94
   88   32   77   42   70  109   42   22   23   11    9   17   19    9   10    2   52   34   17   71
  102    3    0   46    6    0    0    1   13   29   30   25    6   14   51   54   55   38   16   81
   64   71   98  129   50   61   39   22   22   25   72   50   22   35   25   93   55   88   93   93
  102   73   60   42   10   75   46   35  114  145  153   15   29   37   34   45   47   44   11   18
   16   27   34   39   16    5    0    0    4    4    0    9    0    0   13   27   39   20   17   34
   31    9   15   18   23   10   24   58   53   21   25   22    4    1    8   12   36   31   16    4
   37    4   10    0    6   24   80   22   24    0    0    0   43   86    2    3   16    6    7    3
    1   26    6    0    1    7    2   19   25    2   13   33   16   44   26   14   52   47   52   28
   48   54   57   71   62   68   47   26   11   82   98   34   46  122  114   48   71  128   70   98
  186    6   23    2   24   71  173   34   15  156   70   36   45   24   57  242  120  163   57  188
  226  109   54   67   65   33   37   10   18   54   40   24   48   58    9   57   81   80  128   36
   99   36    9   28    3   17   48   25   26   44   48    2    4   17    7    5   13    0    0    0
    5    4   28   17    0    0    0    0    0    0    0    0    0    0    0    0    2    0    1    0
   39   33   82   35   50   52   40   38   19   17   43   18   19    6   38   15   44   33   64   29
   23   30    6    7    7   32   30   60   15   19   17    9   62   31   56   10    4    2   12   51
   23    1   17    8   35   18   35   33   12    7    9   25   69   50   17   44   31   41  102   77
   49   69  126   60  126   15   79  110   15  149   87    4  133    2   34    3   77   45   29   80
  112  267  103  160    4   47    5   88  177  206   45   20   15   15   30   36  116  206   30   66
   51  122   62   72  100   33   35   16   11   30   89   58  142   60   71  117  128   27   19   14
   62   97   76   63   16   45   49   45   55   36   22    8   17   18   48   25   30   23    9   21
   28   22   24   76   17    2    2    0    2    4    0    0    0    0    1    1    7    7   17   90
   19   29   23   38   31    8   17   21   27   31   21   39   42   20   20   26   24   17   16   16
   35   30    0    1    1    7   16   19    5   13    4    1   11   32   28   45   25   45   52   71
   72   67   83   67   74  133  101  151  154   74   86  154  168  144  147   30   60   78   45   74
   86  134  119  139  109  162   28  151   29   74   20   38   48   11   25   13   67   60   74   92
   97  209   38    4    5   47   40   13   22  129   70  107   37  131   64  153   59   83   35  157
   76  143  133  124  116  143   56   59   42   50  100   65   63   37   88   63   83  138  148  133
  108   77   37   71    5   82   51   53   85   95  105   40   12   39   14   20   33   20   14    8
   43   49   54   56   13    5    2    4   29    0    2    0    0    0    1   21   18   20   30   23
   31   20   26   35   30   11   66   59   53   49   38   13   15   10    5    8   44   52    6   67
   44   43   12   11    9   24   16   14   27   32   10    0   41   20   69   83   86   86   80   69
  103  104  102   59   81   77   89   89  135   76  112  186   57  126  108  151   98   92   72   94
  150  118  111  148   95  160  147  140  217   46  180  184  101  241  208  145  103  130  150  129
  113    2   57   16  133  109  217  235  321  770  147  161   47  159  201  173  221  100   81  102
  105  225  142  171   61  125   37   89   31   50   86   20   40   50   45  138  211   60  133   84
   36   19   53   22    2   74   73   36  137  126  120   94   58  109   17   65   66   56    8    2
   22   58   14   22   10    6    5    3    1    1    1    0    0    0   11   45   42   25   79   50
   14    8    7   20    4    9    0   21   17   24   26   43    4    0    6   44   32   27   31   37
   86   85    3    9   15   19   18   56   43   31   30    5   46   42   12   20   29   32   11   17
   17   25    9   21   14   20   16   23   59   38   29   98   31   17   28   23   35   90   73   98
   86  172   99  203  126   14   38   33   26   13    5   43   51   20   54    7   76   38   45   37
   85    4    4   43   19   43    7    7   11  128   80   95   18   52   15   50  195  139  110  122
   95  195  156  168  113   85   62   32   19   64   93   36   87  197   66  175  173  106  212  125
  251   51   60   27   14   64   12   47   58   96   54   39   13   27   13   51   30    5   10   11
    6   55    8   40   24   11    7    2    2    7    1    3    1    0   17    7   28   40   47   41
   14   18   14   23   53   19   63   99   86   24   26   48   21   25   38   31   79   61   23   82
  147   25   29    7    7   13   11   26    5    1    0    0   23   15   38   14   14    9   51   18
   20   11    2   12    3   33    1   51   18   18   48   58   74   67   53   82   87   63   67   74
   59   46   63   75  118   46   92   96  139   75  204  138  107  259  252  352  116  182  276  209
  120   10   82    6  202   92  125  240  104  127  194   91  170   97   46   28   86   79   59  101
  138   60   90  109   49   86   66   49   66   68  123   72   57   62   47   24   33   48   70   47
   70   58   41   29    6   35   24   19   56   75   87   26   38   36   10   45   46   22    5    6
   21    8   12    8    2    1    0    0    0    1    0    0    0    0    0   13   22   23   49    8
   26    8   19   18   15    3    9   25   47   13   36   38   16   39   81   31   85  104   31  144
   45   49    0    8   10   32   22   48   29   52   10    0   67  158   95  208   95  121   42   40
   73  111   47  139   69   63   74   97  131  156  131  140   54   90   94   42   32   52   29   45
   61   87   24   33   24   22   11   20   19   25    2   16   22    5   17   18   18   15   20   34
   72   96    1   10    2   17   33    3   15   21   49   26    9    0    3   70   40   59   43   37
   86   56  117   60   33   69   43   13   29   26   52   68   67   44   16   24   78   57   29   20
   98   32   45   54    3  143   98   67   96   91  121   97   50   96   23   90   88   24   23   14
   27   40   10   44   10   10    0    0    0    0   40    5    0    0    0    9   10    0   10    0
    3   22   19   17   18   20   14   15   13   19   10   20    3   19   81    9   85    5   31   11
   11   19   15    0    0   18   24   24   17    6    6    1   10   12    3   13    2    3    4   13
   10   10   20    4   19   17   19    5    6    4   12   12   10    1    4    5    7    0    0    4
    1    8   10   19   16   19   14    5    2    1    1    0    2    0    1    0   25    5    2    2
   21    1    0    1    0    0    0    8   27   13    0    0    1    0    7    0   76   36   24   27
    2   73   68  108   50   65   59   50  102   47   99   86   99   31   54  108   67   21   30   16
   46   39   62   84    9   26    6   41   56   68   37    6   10   10   14   31   20    9   11    9
   22   21   21   20   12    0    0    0    0    0   13    0    0    0    5    1    6   10   21   15
    9    3    0    2    0    1    4   15    6   27    9   39    2    6   25   16   50   41   14   40
   15   17    0    3    1    6   18    4    7    4    3    3    2    0    2   11   12   16   10   22
   26   19   22   28   11   11   13   10   10   35   33   64    8   38   27   38   80   59   62   86
    8   52   43   57   62  102   28  232   27  263   46   78   91   72   72   32   65   17   29   10
   45   87   22   55    7    0    2    0    5   22   14   19    1    2   11   32  124   55   34  121
   25  136  207  139   83   66   37   16   12   51   93  113   79  128   54   89  100   90  104   76
   59   49   47   40   21  118   57   71  159  170   96   39    3   45   11   27   48   21   16    7
   26   58   17   34    7    3    6    0    0    1    3    0    0    0    9   16    8    1    3    9
   15   14   10    1   19    2   13   32   37   43   25   22    0   20   33   33   81   62   37   44
   38   70   14   28    0   11   26   31   15   11    5    0   15    8    1    4    1    2    9    1
    2    0    0    0    7   17    0    2    5    0    4   27    4    9    7   13    8   54   12   82
   58   51   85   37  126   10   12   27    4    0   20   22   41   16   25   72   50   53   15   47
   73    0    1    0    3   56  110   28   44   50   13    3   23    5   38   83  164  197  110  269
  110   67   85  196   38  114   49   46   49   69   83   63  151  147   46   81  142  146  279  195
  170   63   18   40    3   30   28   68   86   71   25    1    9    2   10    4    6   20   14    9
   18   62    9   18    2    0    0    1    0    4    2    0    0    0    6   32   54    4   34   16
    7    4    5    8   23   22   23   60   16   23    9    3    5   13    6    7   43   34   34   35
  101  128    1    7   15   12   10   43   38   44   47   11   70   70   47   32   22   14   44   13
   18   48   15   14   20   19   29   32   34   19   22   34   60   40   29  114  249   16   48   15
   26   29   14   49   25  202   63  274   23   58   12   16    1    1    0    0    3    0   16    6
    8    8   10    1   17   21   17   41   66  360    0    0    1   27   26   27  101   20   51   56
    0   80   64   95   81   68   46   97   62   43   84   71   66  109   90  116  238   57  139    9
   94   59   15   22    1   79   82   60   56   30   49   42   80   26  106   83  100   60   29    6
   40  109   29   22   16   15   15    0    0    0   16    0    0    0    0   34    9    9    7   15
   60   26   45   59   23   37   24   23   31   26   18   29   14    8   17   18   32   18   24   31
   14   25    5    6   29   30   14   32   38   25   27    2   31   49   17   25   30    3    9   72
    3   19   25   23   11   86   15   27   30   13   47   62   13   38   50   56   67   72   68   95
   93   63  116  133  120   87   68   37  118  119   76   43   17   72   44   62   56   20   58   26
   78  107   71   59  113  119  150   88  265  901   69   35   32   48  115  223  178  106  131  104
   55  171  122  169  154   34   76   32   59   68  176   41  130  217   56  169  161   49  100   25
  104   52  153   34   11   73   49   70  112  114   58    8   17    9   14   15   13   24   12    7
   20   42   16   66    6   15   13    0    7    6   17    0    0    0    2   14   33    7   22   13
   14    4   15    9    0    7   10    8    9   17   24   26    4   13   20   38   94   93    4   40
   84   19    2   19    4   10    8   31   36    1    0    0    6   11   11   21   10   16   31   33
   27   27   16    6   14   16   29   11   29   10   26   35    4    3   13   17   18   14    6   95
   24   29   17   32   43   70    6    4    9   11    0   12   12    1    2    2   37   21   13   16
   40    5    0    0    0    0   32   43   98  444   21   30   11   75  126   12   73   47   46   50
   44   49   51   54   67   93   59   43   42   82  115   22   45   53   23   49   19    9   67    0
   19   55   23    7    8   28   29   59   81   62   37   24   10   24    9    9   25    5   16   15
   17   20   27   54    4    0    0    0    0    0    3    0    0    0    0   17   24    5   12   16
   32    4    7    5    5    7    6    4   21   61   14   39   30   79   41   35   43   52   89   63
   60   65   45   21   28   47   64   91   34   65   44    2   59   32   10    4    7    7    3   18
    8    2    6    0    3    5    2   12    7    3    6   27   25   32   28   81  158   76  154  174
   84   75  167   93  174  122   98   81   77   62   38   89   56   41   20   33   49    5   41    9
   85  238   37   50   10   63   21   53  120 1213    6   29   15    3   54    2  179  104   72  107
   39  104   55  152   63   46   47   27   17   78  106   72   69  154  185  197  193  150  150   18
   67   37   88   40    9   47   56   45   66   44   42   17   20   17   33   22   29   21   26   13
   33   44   10   38   23   16   18    7    0   20   15   13    2   11    1   26   20   50   86   33
    8    0    1   13    3    2    8   10   17   13   25   17   10   13   16   11   23   35    4   31
   23    9    7   15   12    8   10   22   16    5   18    3   29   18   15    8   12   32   14   14
    6   14   19   39   10   38   24   46   64   39   74   66   30   29   44   46   52   27   88   51
   52   75   50   97  103   24   60   31   31   45   70   64   94   80   86  139   93  176   89  131
  106    3   75    9  184  146  182  134   62  746   43   88   62  313  182  115  230  170  133   91
  144  163  132  201  151   37   47   22   44   50   86   29   40   55   40   28   96   21   61   76
   81   39   38   48    2   53   15   24   56   49   45   55   37   37   27   84   60   13   19   16
   21   35   19   24   15    1    0    0    6    2    0    0    0    0    0   12   22   27   13   37
   41   31   12    5   36   37   48   50   21   44   25   55   17   36   26  112   64   94   27   80
  126   45   10   16    7   19   18   32   34   32   15    4   21   22    7   11    4   12   23   11
   15   11    5   15    4   17    9   23   13   18   11   49   39   55   60   23   35   61   65  111
  131   64  109  126  138   24   40   26   29   15   45   39   47   23   46   11   60   25   39   23
   74   11   52   10   73   47   62  147  315  142   33   32   78  149  249   37   65   83   35   66
   35  135   29  101   80   48   63   19   57   76  121   55   71   31   34   32   41   14   45    5
  155  108   21   37    2   19   20   58   36   49   36   13   12    9   19   13    5   14    2    2
   20   30   25   52    3    1    0    0    1    0    0    0    0    0    2   21   26   17   23   32
    6   16   14    7   38   42   27   40  106   52   58   30   26   13   50   26   88   98   38   93
   69    7   15    5    0   23   26   30   18    8    6    0   24   25    8   18   12   10    4    0
    3   21    3   10    0   14    4    9   14   28   22   11   72   25    9  249  331   13   19    4
    5   13   10   22   24  450   65  237   18    3    9   27   11   22   24    2    4   16   31   19
   40    7    0    0    2    0    1   18   10  271   14   16    0   18   17   72   34   57   46   86
   63   56   69   51   90   60   58   23   28   82   59   99   77   59   43   66   58  176   86   42
  181   95   37   56   41   25   18   39   32   50   59   25   14   24   10   42   28    4   22    4
   11   13   21   34    3    0    0    0    0    0    0    0    0    0    0   23    8   32    8   17
   12   28   14   20   18   21   28   27   41   32   14   78    1    3    5   39   33   28   12   29
   16   25   17   35   31   19   17   40   23   25   19   17   12   27   14    2    1    4   27   41
   23    9   45   26   82   41   83   30   42   15   56   54   13   32   48   42   32   79   71  104
  141   36  151   93  138    4   14   30    2    3    4    3   27    0    8    0   42   16    5   25
   68    4    0   32    0    0    0   25   88  154    6   65    2   86   78   81   43   88   89   45
   64  106  121  200   73  160   72   67   77   93  126    8   52   38   11   41   45   29   37   38
  103   14   10    3    5   22   41   33   80   59   83   11    9   17   14    8   25   22   10   22
   32   22   22   11   17   12   10    0    0    1    3    0    0    0    0   28   47   12   52   19
   36   14   10   11   31   16   29   28   51   24   30   20   19   18   28   31   55   58   22   31
  129   37   17   12    3   18   11   10   14    9    9    2   19   23   22    7   18   18   19   42
    7   12   19   28   12   25   38   24   14   63   48   21   43   61   35   78   47  125   65   97
  102   66   46   51   63   58  165   45  100   81   66   86   92   98  132   57   96  125  120  151
  120   53   23   28   71   31  442  324  302  259  178  144  147   56   90  132   76  167  130  129
   99   48  128   44  100  132   55   17   21  111   71   31   37  134   96  177  127  150  112  165
  100   27   49   10    0   60   20   30   51   54   35   26   32   61   15   64   41   23   12   24
   28   25   42   13    7   10    6    0    0    0    0    0    0    0    6   14   23   18   35   33
   19   20   10   13   17   20   31   23   23   32   16   45   24   22   45   32   49   57   26   14
   29   12   24   57   22   51   23   53   73   48   22   22   70   26   70   28   80   82   53   79
   47   51   92   74  200  226  174  230  245  116  132  231  364  308  268  278  145  226   58  126
  130  112   96  111  119   95  130  111   91  116   52   47   46   60   60   88   70   80  111   61
   76  151  219  238  119  172  114  129  155  352    9   56   33  152  179  105  111  108   65   78
   96  102  160  127  108  111   51   17   13   30   77   28   15  114   28   55   55  140  183   37
  117   64    7   11    1   89   44   65   67  142  141   86   62   59   75   73   55   38   23   24
   60   54   19   76   13    4    0    0    0    9    0    0    6    0    3   26   75   32   34   64
   23   20    6   35   14   13    2   28   11  611    5    7    0    0    1   17   45   23   29   60
   35   81    0    7   16   20   11   33   55   21   31    9   73  101  152   61   80   31   35   58
   21   42   48   45   70  178   75  121  173   76  175  215  107   81   97   63   88   95   62   92
   72  132   45  169   54  157   14  106    1   14    2   52   66   14  108   46   20   31  123   35
   28    7   36   97   54   36   77  196  313  324    6   12   20  149  133  109   73   41   59  101
   74  312  149   65  177  123   89   46   61   97  120   82  102   63   76   62   40  136   65   64
  188   53   66   24    8  150   66   51  169  176  236   56  151   83   79  130  118   36   35   35
   33   46   35   63   14    4    6    0    0    6    3    1    0    0    0   13   35    4   15   20
