    8    9   10    7    4    7    4    6    2    1    4    1    2    0    1    7   12   13    2   10
   10   23    1    2    3    3    3    1    0    1    2    0    1    2    3    2    3    2   25   10
   17    4   14   13   25   50   31   42   20    6   14   47   33   56   31   66   78   71   48   70
   26   24   47   18   57   50   94   34   46    5   26   57  125   53   42   43   67  100   36   54
   15   28   23    4   26   34   15   31   63   79   85   50   31   11   39    4   12   18   10   13
   32   20    8   46   13   11    7    7    1   10   10    1    2    7    6   42   99   26   18   24
   30    3    7    2    0    9    1    0    1    7   11    6    2    3    2    5    6    7    1    1
    1    1    2    1    5    0    2    2    1    1    2    7    0    1    1   17   41    8   18   19
    8    0    0    7    1    1    0    0    1    2    6    1    2    0    7    7    2    0    0    1
    2    7    1    1    4    4    1    1    1    0    0    0    4    0    3    2    3    4   22    7
   10    6    4   13   10   27   18   12   20    0    1   12   33    9    4   17   18    4   48   12
    4    1    8    4    2   50   23   38   29   40   67   22   11   53   14   75    2   17   42   16
    5   49   37   27   64   38   23   43   34   82    9    8   32   16   24    0   11    7    8    9
   32   24   30    3   18    8    9    7    0   20   17    2    1    1    0    0    0    1   18    0
   30    3    7    1    0   14    0    1    8    3    9    6    1    3    0    1    2    3    1    0
    1    2    2    1    0    0    3    1    0    0    2    1    0    1    1   17   24    8    6   10
    8    6    4    7   13    2    3    3    3    5    5    6    5    0    8   14   21   11    3    8
   19    6    2    2    5    6    1    1    3    3    1    0    2    1    4    2    3    5    8    5
    1    4   14   13   14   22   16   20   25    8   10   25   54   35   28   58   77   46   52   54
   38   19   65   27   60   89   80  186  123   62  160  116   83   53  138  183   49  136  221  177
   44   22   60   33  174  167   85  139   86  136  156  140  150   51  113   49   23   29   35   25
   39   39   48   29   23   31   12    7   14   22   17    4    1    2    0    1    2   12   12    8
   22    3   14    2    0   16    2    2   30   20   31    6    6    3    8   21    7    2    5    1
    1    2    0    1    4    3    4    2   10   10    6    1    2   13    4   17   24    5   29    9
   16    4    3    7    2    0    3   16   13   21    3   17    2    1    2   20   17    6    0    2
    2    3    1    3   11    7    2    2    4    2    3    3    4    4   13   11   16   12   27   13
   11    7   16   22   32   57   35  107   47   40   39  107   82  131  130   66   96   74   74  108
   90   67   95   69   85   86   53   58   36    3   18   87   49   41   52   87   66   54   62   48
   42    0    1    1   21    2    5    5    1    6   44   54    9   28    2    2   31   16   24   28
   12   55   15   37   34   22   38    4   13   43   25    9    0    0    1   15   19    7    5    2
   18   18    6   12    2   18    8    9    9    5   34   19   14   14   16   14   21    9    7    6
    2   13   14    9    3    4    1    2    0    1    0    1    2    6    5   23   19   14   23   21
   33   10    5    7   22   15    9    6    8    5    2    2    3    3    4    3    4    8   11   14
    7   12    3    1    3    3    3    3    5    4    1    0    1    5    0    4    4   13   14    2
    4    2   19    8   12   29   13   19   23   24    5   24   14   18   16   42   22   18   22   15
   22   13   15    5   10   30   16    1   17   12   26   23   20   40   38   46   39   29   31   29
   34   13    9   12   30   15    8   21    3   14   35   14   16    2    6    4    9   18    3    6
   26   29   17    5    2   31    7   12    7    4    7    5    0    3    3    2    3    1   11   14
    7    0    0    0    0    9    1    0    7   10    7    8    1   11    2    2    8    0    0    1
    0    0    4    0    0    2    0    0    0    0    0    0    0    0    0   28   48   13   63   12
    3    2    4    7    2    1    2    4    3    7    4   10    3    6    7   11   16   20    3    9
   16   13    5    5    4    9    1    0    0    0    0    0    0    0    0    3    0    0   35    9
   15    1    2    2    2    2    4    2    1    1    1    5    8    2    4   12   26    4   23    6
    8    9    9   16   10   29   32   45   33   41   53   21   14   31    8   31   16   16   32   15
    8   31   59   21   37   48   45   40   25   18   17   26   18    4    6    3    9   13   16   14
    2   30    8   16   17   10   19    6   11   38   25   19    1    1    3    3   11   14    0    2
    7    5    8    0    0    3    3    5    3    1    7    0    0    0    0    0    2    0    0    0
    1    1    4    4    0    0    0    1    0    2    0    2    0    0    2   32   22    9   20   15
    6    7    6    7   10   28   31   26   34   15   38   24    1    9   13   21    9   45    2   24
   30   13    0    3    3    1    1    2    0    0    0    0    0    2    0    8    2    5   19   19
   17    7   23    8   28   22   28   34   39    7   11   57   18   25   25   36   43   38   68   44
   34   25   68   14   67   37   70   68   74   27   67   74   65   61   46   40   63   70   52   58
   70   10   26    8   28   27   12    4    1   19   41   21   23    7   24    0   33   42   13   35
   26   35   25   46   30   23   11    3    5   12   22    7   14    7    3    2    9   36    2    0
   10    2   12    1    0    2    0    0    2    3    3    1    1    0    0    0    0    0    0    1
    0    0    3    1    0    5    0    0    0    0    0    0    0    0    0   21   35    2    5   10
   12    8    5   11    5    6    6    4   10   12    4   10    1    1    3   11   21    4    0    5
   14   15    1    2    1    4    0    1    4    2    1    0    6   15    7   18    6    8   33   30
   30   12   21   18   11   12   16   16   14   11   19   21   11    9   19   13   16   19   23   18
   32   27   34   17   43   33   21   46   23   30   16   27   33   21   29   17   42   17   14   32
   33   20    9   16    6   12    6    3    0    2   16    4   20    3    1    0   27   10   15    7
    7   37   47   25   29   35   23    3   14   25   30   21   20    9    1    2    1    4    0    0
    8    1    9    1    0   18    4    3   18   16   22    4    3    7    4    4    2    1    1    1
    2    3    1    1    1    1    1    5    0    0    2    0    1    0    2   23   41   12   34   23
    5    4    1    2    3    1    4    3    9   14    1    5    0    0    0    7   21    2    0   12
   20   12    0    1    2    4    1    0    2    3    2    1    2    1   12   14    9   16   23   17
   32   12   43   20   51   58   50   54   42   16   27   48   91   74   71  101   62   51   69   66
   60   42   70   41   57   64   35   61   62   35   49   52   46   66   51   68   65  117  112  109
   46   11   37   11   62   31   39    7    6   41  102  103   86   66   42   32   45   38   15   28
   64   42   23   45   32   23   12   12   11   17   27    6    0    1    0    1    8   18   14   55
   64   11    4    7    0    4    2    1    9    9   15   11    4    1    5    3    2    0    1    2
    1    3    1    0    1    2    1    2   11    5    2    1    0    4    9   16   25   14   27   21
    2    5    2    5    3    2    5    3    4    3    6    5    6    0    7    3   11    3    0    2
   13    2    0    2    0    3    0    0    2    1    1    1    1    0    0    0    1    0    9    1
    1    1    3    0    7    4   11    4    4    4    6    7    4    3    4   19   36    6   23    7
    3    4   14    6   16   51   27   27   23   10   14   36   17   30   18   35   16   11   46   16
   14   10   14    4   36   25   18   23   11   11   25   26   21    8    0   12   13   20   15   16
   11   16   16   16   33   13   12    0    2   19   19    8    2    8    0    0    0    3   11   19
   18    0    4    1    0    3    3    1   12    8   12    3    0    0    1    1    1    0    0    0
    0    0    2    0    1    2    3    0    0    0    0    0    0    0    4   19   17    5   13   10
   17    6    8   10   10    4    5   10    7    7    3    6    1    2    3    3    6    6    2    3
   12   18    0    1    8    7    0    0    4    1    0    0    2    5    3    7    1    1   27   24
   14    6   17    3   17   13   18   18   20    1    9   31   10   13   19   16   29   27   22   30
   26   34   46   43   51   24   48   62   44   53   73   49   40  113   75   76   45   88  105   95
   40   41   37   28   87   37   37   13   28   19  118  161   91  135   64   74   66   56   19   66
   62   54   18   58   35   21   17    3    6   20   16    3    1    5    0   17   19   41   30   49
   22    2    2    0    0    3    3    6   10    1    7    1    2    2    2    2    2    1    0    0
    4    2    2    1    0    0    1    0    0    0    0    1    0    0    0    3    4    2    1    3
    8    5    2    9    5    3    3    9    9   17    5   13    1    0    0   10   17    4    0    3
   24    5    2    1    0    0    0    0    0    0    0    0    0    0    0    1    0    1   14   13
    8    0   22    4   15   17   23   17   14    7    5   18   32   32   32   16   29   44   32   40
   43   17   53   33   73   24   30   18   24    4    6   31   18   14   32    8   23   58   18   30
   59    4    0    6    1    0    0    2    1    3   18   15    1    3    1    4   28   12    5    6
   12   58   40   51   25   14    2    2    1    8   25    3    0    2    0    5    1    3    2    0
    5    2    5    1    2    5    1    0   11   11    9    1    0    1    0    0    0    0    0    0
    0    1    0    3    0    1    0    0    0    0    0    0    0    0    0   16   40    0   10    7
    4    2    3   10    6    2    2   11    9   10    7    8    2    1    0    1   28    3    0    7
   18   12    1    2    3    1    1    0    0    0    0    0    0    1    3    6    6   13   15   11
   10    6    9   11    5   14    8   12    8    4    5   28   23   30   19   22   35   28   34   27
   28   19   47   20   43   25   46   24   66    5   19   42   31   53   60   49   57  100   73   82
   48    7   13   10   56   10    6  108   19  166   99   58   33   25   16   21   41   54   13   40
   87   38   33   56   24   20    8    4    4   17   26    4    1    3    0    5   10   10   12   20
   11    0    3    0    0   17    2    1   11    4   11   15    4   11    3    7    8    1    0    0
    2    2    0    0    8   10    1    0    0    0    0    0    0    1    1    5    9    9   14    5
    5    3    2    5    4    2    1    3    4    2    3    1    1    0    0    3   16   14    1    9
    8    1    0    4    1    3    0    2    1    0    1    0    0    1    0    3    2    4    4    4
    8    3    4    6    4    3    6    9    7    6    8   13   14   12   13   18   21   11   16   26
   15   15   38   22   36   24   10    8    4    6    4    8   10    7    4    2   33   19   11   25
   47    1    1    7    2    1    0    7   14   33    9   12    1    9    6   17   40   42   15   24
   31   41   18   42   31   23   12   12    8   25   33    3    2   11    3   19    6    9    5   19
   23    8    2    3    0    8    5    1   26   11   10    3    3    2    4    3    5    1    0    0
    0    1    0    0    0    1    0    0    0    0    0    0    0    0    0   23   20    8   17   20
    7    5    3    8    7    4    2    5    7   12   10   13    4    1    6    9   15    4    0    3
    9    0    1    2    0    1    3    0    0    0    0    0    0    0    0    0    0    0    9    3
    3    0   14    0   23   10    8    7    6    0    3    7    8   12   13   54   92   51  104   60
   42   33   50   71   63   80  155   80  113   36   34  130  107   91   89   46  103   72   78   92
   64   31   20   16   25   12    9   21   23   33   67   45   24   43   12   28   34   28   18   41
   42   61   58   39   45   65   34    7    7   25   27    5   23   35   17  116  104   35  122   45
   78    7   38    3    0    5    9    5   10   11    6    0    0    0    2    0    3    0    0    0
    0    2    1    1    0    1    3    0    0    0    2    0    0    0    0    7    4    3    8   12
    1    1    3    4    2    0    1    1    2    4    1    1    1    0    1    2    7   11    2    7
    5    2    0    0    0    0    0    0    0    0    0    0    2    3    1    2    2    1    9   12
    7    4   10    8   14   22   22   24   14    3    8   23   49   49   52   79  104   51   59   84
   52   21   63   38   65  103   68   82   70   28   71   92   53   88   76   60   88   70   66   54
   58   38   30    8   67   41   26   25   20   24   33   20   36   10   15    4   14   17   18    8
   23   27   12   26   14   22   21   13    7   21   26    2    2    3    6   38   28    9   32    1
    8    5   26    2    0    0    1    0    1    1   10    1    0    0    0    0    0    2    0    0
    2    0    1    0    0    2    3    1    0    2    1    1    1    2    2   23   35   15   31   14
    7    2    5    7    6    1    4    4    4    1    6    4    1    1    3    0    9    2    0    4
    4    4    0    2    2    1    0    0    0    1    0    0    0    0    0    0    0    0   37    0
    0    0    0    0    0    0    0    0    0    0    0    0    1    0    1    5   11    1   11    4
    1    1    8    4    8   12   23   21   25   13   28   27   13   26   25   29   37   63   69   71
   25    5    8    1   38    5    9   14   25   17   67   75   41   46   17   35   22   19   18   44
   54    8    5   28   24    3   21    4    4   35   24    1    1    3    1    7    4   13    8   15
   31    0    2    0    0    0    1    0    0    0    0    0    0    0    0    0    0    0    0    0
    0    0    1    0    0    0    0    0    0    0    0    0    0    0    0    4    9    1    2    0
   10    6    8   17    8    2    2    3    3    0    2    2    0    2    3    3   20    6    2    9
   16   12    0    2    0    2    0    1    0    9    3    0    7    7   11    6   10   24   14   11
   22   12   20   22   13   23   34   38   38   18   23   57   72   72   78  100  107  134  173  148
  107   50  148   39  101  108  119   42   62   42   44   91   85   74   62   66   55   65   51   88
   59   11   31   46   32   46   14   42    5    7   80   25   10    6    7    3   30   14   10    2
   24   45   11   35   11    4   10   11    6   18   21    0    0    0    0    0    0    0    0    0
    5    0    2    2    0    6    5    4    5   10   25   10    4    2    3    1    5    0    0    0
    0    0    1    4    0    1    3    0    0    0    1    0    0    0    1   25   29    4   32    3
    3    3    2    5    5    1    3    5    6    7    5    7    2    1    6    4   14    6    2    3
    2    5    1    0    4    2    2    1    0    0    0    0    0    0    0    0    0    0   12    0
    0    0    0    0    3   11    4   13    9    0    0    4   10    9   18   10   21    7   25   10
    2    2    9    0   10   15   33   10   21   22   19   33   18   27   15   17   16    7   21   13
    6   10    6    1   14    9    2    3    3    4    3    0    1    1    1    0    5    7   10   20
    0    8   12   12   20    2    7    1    2   21   12    3    1    0    0    0    0    9    9    2
   12    3    1    2    0    0    0    0    2    3    0    0    0    0    0    0    1    2    0    0
    1    1    0    0    2    0    1    0    0    0    0    0    0    0    0    3   11   12    6    4
    2    5    4    6    7    0    1    1    2    1    1    3    1    4    3   13   30   22    1   22
   24   10    4    5    0    1    0    0    0    0    0    0    0    1    1    0    0    0    7    5
    8    5   10    1    7   10   12   13   12    0    6   18   12   15   17   35   62   36   36   48
   38   13   79   21   55   63   58   97   95   99  132   95   61  125  116  137   78  100  161   97
   76   53   59   39   69   73   21   39   23   55  105   82   46   28   64   61   57   55   31   84
   69   31   25   45   36    8    7    8    6   16   22    2   11   39    6   40   46   69   55  120
  184    0    1    0    0    1    1    0    8    4   15    1    0    0    1    1    3    0    0    0
    0    0    0    0    0    1    2    0    6    3    0    0    0    0    1   24   36    6   20    7
   17    2    3    6    4    2    6    7   12    8    7    2    0    1    1    5   20    9    1    4
   11   12    0    5    3    3    0    2    0    1    2    0    0    1    6    6   14   22   17    7
   11   13   13   17    8   16   17   16   10   17   12    9   21   20   19   40   51   34   37   47
   11    8   39   16   47   63   57   94   75   75  112   55   38   79   44   63   52   48   61   45
   52   73  131  132   85  166  158  174  107  110   53   43   73   12   97   11   38   50   12   31
   36   19   18   47   36    3   12    1    2   19   19    2    7    3    1    2   10    9   19   15
   20    5    6    0    0    1    0    0    0    2    6   14    4    7    4    6    1    0    0    0
    0    0    1    0    1    2    2    0    5    0    0    5    0    0    5   42   47   18   44   16
   14    3    7   10    4    1    4    5    8    2    2    2    1    1    1    3    6    1    0    0
    4    0    0    1    1    1    0    0    1    1    1    0    0    0    0    1    0    1    6    0
    1    0    1    0    7   12    4    6   19    1   21   40   18   28   17   62   81   35   61   93
   22   20   42   14   33  106   83  105   82   73   96  112   76  115  101  121   71  123  147   98
   44   61   82   49  170   97   59   63   22   32   86   98   35   24   32   25   19   26   19   10
   56   30    8   20   29   37    7    0    4   23   25    8    9    0    0    3    2    5    8   11
   15   15    0    4    0    2    3    0    3    5   12    6    0    4    1    2    3    0    0    0
    0    1    0    1    0    2    2    2    0    0    2    0    0    0    0   24   29    3   15   11
    4    1    2    6    2    0    4    6    8    5    5    1    0    0    1    2    4    1    0    0
    2    1    0    1    1    0    0    0    0    0    1    0    0    0    0    0    0    0    4    2
    0    0    0    0    0    0    0    0    0    0    0    0    0    1    0    0    0    1    2    0
    1    4    5   10   12    0    0    1    1    0    2    1    1    3    2    1    2    0    2    0
    3    1    2    1    1    0    1    0    0    0    1    2    1    2    0    3    5    7   17    5
    2   27   15    4   18   15   20    4    1   23   16    3    4   19    1    2    3    5    3    0
    1    9   16    6    0    0    0    0    4    3    0    0    0    0    0    0    0    0    0    0
    0    0    0    0    0    0    0    0    0    0    0    0    0    0    0    2    4    1    0    1
    4    1    3    3    4    0    2    1    4    3    1    2    0    0    1    1    3    0    0    5
    5   12    0    0    2    1    0    0    3    3    2    1   13   19   20   16   19   31   22   32
   37   22   50   40   45   62   66   44   35   55   28   37   75   73   53  123  141  110  135  115
   38   28   68   31   60  158  135   64   86   42   63  136   97   80  109   70   86   77  117   62
   32   63   41   60   60   55   46   50   22   43   57   52   55   38   24    1   22   18   21   11
   13   50   27   18   44    3   18    1    3   26   28    0    2    0    0    0    2    2    0    1
    8    2    5    0    0   23   11    7    9   12   42   30   15   16    8   14   14    2    3    3
    1    2    6    1    3    1    0    1    3    0   11    1    1    1    1    4    3    3    0    2
    7    1    1    2    1    1    1    4    5    7    3   10    1    0    1   10   25   18    0   21
   21   12    0    0    0    0    0    0    0    0    0    0    0    6    6    8    6   12   21   16
    3    8    8   11   11   20   21   30   36   25   28   56   26   44   49   48  141   36   87   33
   62   31   88   20   71   70  136   70   87   73  102  119  133   71   44   56   48   53   81   60
   24   60   63  119  106   47   49   33   19  100   51   39   83   83   15   12    7    5    4    4
    4   23   19   41   44   37   22    3    5   19   34   11    2    2    0    0    1    4    4   15
   16    1    2    0    0   19    9    2    7    3   40   14    6   14    2   10   18    6    3    1
    2    3    1    1    3    2    2    1    8    8    4    2    0    1    3    6   18   13   10   10
    8    0    4    5    7    1    3   10    4    6    2    4    2    1    4    6    8    4    1    2
   14    3    0    1    1    1    2    1    2    2    1    0    2    4    5    1    4    3   11    4
    3    1    5    0    8   17    9   12   14    0    3   13   21    5    9   28   51   29   47   29
   13   13   35   18   20   55   59   43   52   10   33   74   30   22   19   10   20   25   31   27
   34    1    5    2    9    7    7   17   14   33   19    6    6    4    6    6   25   19   19   20
   13   22   17   27   29   27   16    7    6   25   24    1    0    0    0    0    0    1    0    1
    7    1    0    2    0    5    5    1   11    5    9    6    5    6    8    9    5    0    2    1
    0    0    1    0    0    0    0    0    0    0    2    0    0    0    2   13   19    5   43   12
    6    3    9    9    6    3    5    9    9   15    8   10    4   12   13    2   14   32   15   29
   27   20    9    5    2    2    5    8    4    4    1    0   16   13   12    3    5    1   21   26
   11    4   23   10   15   23   33   28   29    4   16   40   45   58   45   63   91   65   86   84
   47   30   68   28   65   90  116   58   66   82   98  114  111   51   60   80   65   65   74   65
   22   87   70   73  130   71   31   20   16    7   92   71   50  116   15   16   13    2    4   21
   12   34   28   34   22   21    6    8    7   16   20    5    3    9    9   19   20   11   19   15
   31   13   11    7    0    9    5    1   17   19   36    6   14   18    2    7    7    0    0    0
    4    3    6    2    2    2    2    1    3    6    2   10    2    3    2   21   33   17   36   27
    3    3    4    4    8    2    9   11   10   11    9   12    3    3    8    3   27   14    2   18
   20   20    1    1    1    1    3    1    1    2    3    0    4    4   19    3   10    4   12    5
    9    3    5    3   10   15    6   10    3    5    5    6   17   11   17   32   37   11   42   19
   15    9   19   12   20   21   36   25   16   16   12   15   15   26   30   25   18   46   27   55
   18   31   31   34    4   19   11    0    0    4   44   34    3    6    1    7    9   12    6   12
   14   17   14   14    6    6    8    3    4    6   19    1    0    0    0    0    1    1    0    0
    3    0    0    0    0    6    0    0    2    9    2    3    6    1    2    0    1    0    0    0
    0    1    0    2    0    2    1    0    0    0    0    0    0    0    0   26   52    6   27   10
   11    1    4    3    9    8    7   15   20   11    9   29    6   23   16    7   22   32   18   28
   23   60    4    1    0    2    8   11    6    0    0    0    7   12    9   14    9   12   24   37
   29   26   38   25   35   45   36   41   51   21   19   68   47   40   54   42   51   41   30   32
   42   45   38   34   46   39   24    6   18    1    2   19    6    9   10   15   12   12   17   15
   23   15    7    3    6    4    1    1    1    4   41   11   10    4    0   10   47   32   35   26
   16   73   44   50   29   15   23   13   16   30   37    4   50   64   34   30   76   18   38    2
   19   10   34    3    9    0    2    1    4   24   27    8    7    3    0    0    3    0    0    0
    1    3    3    2    0    1    2    0    0    0    0    0    0    0    0   21   18    7   21    8
   10    4    9    9    1    1    2   15   12   12    4   15    2    3   10    1   36   20    3    8
   32    9    0    1    1    4    3    3    1    0    0    0    3    4    0    1    0    0   48    4
    3    2    1    0    1    1    0    0    0    0    0    0    0    0    1    6   11    5   12   10
    0    0    9    1    6    8   11    4    9    2    7   13   11   26   21   19   24   45   69   51
   29    0    2    0    1    1    0    0   32   37   49   34    6    3    5   27   23   31   28   45
   54    3   12   18   21   17   11    1    0    7   12    4   14    5    0    0    1   18    3   23
   28    0    0    2    0    0    0    0    0    1    2    0    0    0    0    1    1    0    0    0
    0    0    0    1    2    0    2    0    0    0    0    0    0    0    0    5   18    5   20    8
    3    2    2    4    1    2    2    3    5    3    2    2    0    0    0    2    7    1    0    0
    1    3    1    1    0    2    0   11    1    1    1    0    1    9    0    1    0    0    7    7
    2    3    2    0    4    6    5    8   14    0   13    5    2    1   13    5   14    8   11    7
    2    3    2    1    1   13   26   13   18    6    4   13    6    8    3    3    2    7   10    9
    1   23    8   38    1    5    1    0    0    2    4    2    1    1    0    0    1    5   19   17
    1    5   25    1   24   26   14   15    5   19   19    5    8    3    1    6    8   18   29   11
   12    4   10   17   13    5    6    2   10    6   11    2    0    0    0    2    0    0    0    0
    0    3    1    2    2    0    2    0    0    0    0    0    0    0    0    3   13    5   18   10
    6    2    3    4    5    5    5   23   26   13    7    8    1   10    3    2   13    2    0    3
   13   13    0    3    3    1    0    0    0    0    0    0    0    0    0    0    0    0   28    3
    2    0    7    0    4    4    4    2    1    0    0    1    5    8    3   24   29    8   19   22
    4    1   14    0   16   23   22   21   23   12   19   37   21   54   48   48   51   57   63   54
   26    4   11    4   43   21   30   30   12   67   41   71   30   25   16    7   40   18   10   13
   14   12   34   26   45   27   16    3    2    9   29   17   12   12    3   10    9    5    3   15
   22    4   10    3    1    1    0    1    8    2    4    0    0    0    0    0    0    1    0    0
    2    2    5    0    1    0    0    0    0    1    2    0    0    1    0    5    8    3    2    7
    5    1    3    3    1    1    1   13    7    5    6    3    0    0    2    0    4    0    0    0
    1    1    0    1    0    0    0    0    0    0    0    0    0    0    0    0    0    0   19    0
    2    1    2    0    3    8    0    5    0    0    1    6    9   11   17   12   27   24   27   17
   22   14   23   14   28   36   40   42   46   36   35   48   38   42   63   32   43   54   48   66
   35   22   15   19   32   12   10   19   16   31   59   41   18   28   25   31   19   24   24   30
   52   20   15   14   31   17   34   13   18   25   39    6    3   27   35   69   61   51   51   34
   41    2   24    0    0    1    1    1    2    2    2    0    0    0    0    1    2    0    0    0
    1    2    1    0    0    0    1    0    0    0    0    2    0    3    0   18   34    2    8    6
    1    0    1    4    1    2    1    3    4    5    1    2    0    0    1    5   20    7   20   19
   27   28    0    0    1    2    9   13    5    4    5    2    3   15    6   15   13   23   35   14
   20   31   12   33    6   28   19   39   55   31   27   67   47   68   66   59   57  103   64   95
   84   49  126   49  159   51   44   66   46   13   20   65   47   26   55   18   95   74   42   58
   87    2    5   17   21    5    9    5    5   19   85   46   15    8   26   16   24   42   11   29
   50   56   16   69   28   22   20    8    6   17   20    3    5    0    1    8   10    1    0    1
   10    3    4    0    0   24   14    3   15   12   29   17    7   20    5   12   14    2    3    4
    2    4    6    1    2    1    2    1    1    2    4    2    0    0    0   22   17    7   29   17
    3    3    4    7    4    6    3    4    5    1    5    2    0    0    3    1    7    4    3    7
    8   27    0    3    0    1    0    1    0    1    0    0    0    6    8    4    2    1   36   18
   24   15   26   12   28   29   25   21   13   13   15   18   27   29   16   35   46   33   50   35
   21   23   48   27   63   38   42   27   32   16   20   61   35   34   37   32   54   47   51   47
   34   24   11   16   38   12    7    3   12   15   33   12   14    0   12    1   29   25   11   12
   21   48   15   51   21   21   19    7    8   21   14    3   10    4    5   10    3    4    2    1
    1    2    4    1    0    3    1    1    9   11   16    2    4    0    2    0    1    0    0    1
    5    3    4    1    2    1    0    0    0    0    0    0    0    0    0   13   11    9   24    5
    6    2    1    4    4    1    3    2    4    4    4   10    2    2    3    7   15    7    1    5
    4   13    0    2    2    2    4    6    2    5    7    5    4    9    6   12    4    3   25   28
   23   13   22   11   28   33   20   30   20   15   30   37   31   36   36   24   23   45   34   30
   41   23   41   23   73   11   10   14   10   12   27   10   14    6    8   11   21    9   10   19
    7    6   52   15   35   35   35   14   43   63   17    6   47    9   15    0    4    6    4    8
    3   33   15   35    9    8    9    4    3   10   20    0    0    2    0    4   11    4   10   13
   30    2    8    1    0    2    3    0    2    4   28   10    6    5    4    5    8    4    1    6
    9    3    4    4    0    4    0    1    1    4    1    0    0    0    4   41   39   17   22   30
    8    6    8   19    6    5    5    8    7    5    5    5    1    0    3    4    7    1    0    0
    1    0    0    1    0    0    0    2    1    0    0    0    4    2    0    0    0   48   11    0
    1    0    0    0    0    0    0    0    0    0    0    0    0    0    0    0    0    0    0    0
    0    0    0    7    0    0    0   10    4    3    0    1    0    4    3    2    0    2    1    3
    5    1    0    0   10    0    0    9    1    4    0    0   11    0    1    0   11    0    4    8
    2   20   16    7   14   20   12    7   10   19   23   15    6   10    2    3    8   19    5   12
    3    7   14    9    0    0    0    1    0    0    0    0    0    0    0    0    0    1    0    0
    0    0    4    7    1    3    1    0    0    0    0    0    0    0    1   32   25    8   27   15
    6    7   10    5    4    6    2    4    5    7    9   14    4    0   27    9   16    3    0    0
    4    1    0    4    0    1    0    1    1    1    0    0    1    0    0    2    0    1   11   10
    8    2   12   14   10    4   15    2    1   15    3    7    7    6    5    3   13    3    6    3
    8    9    1   16    1   21   10   33   15   47   59   11    1   28    4   41   17    6    9    5
    7   42  100   83   43   82   71   48   42   30    7    0   23    0   21    0   13   15    7    8
    2   26   28   14   32   18   17    5    3   24   14    6    0    6    0    1    3    1    4    1
    2    0    0    0    0    3    1    0    8    4   12    4    3    3    4    2    7    2    1    0
    0    1    1    0    1    2    0    3    0    0    0    3    0    0    0    9   24   10   11    9
    7   14   13   13   14   11   17   16   10   15    9    9    5    0   12    3    4    0    2    0
    1    1    1    7    1    1    2    0    1    1    2    0    2    1    9    7   10   12    5    1
    2    2    4   12    3    9    8   15   18   31   21   23   21   14   22   38   49   26   35   31
   24   17   27   31   33   66   52   62   52   26   17   38   29   31   16   15   23   32   34   30
   30   11   16   36   20   49   57   54    9   73   24   13   43   11   31    6   42   39   15   13
   25   45   42   51   39   26   15    5    3   24    8   10   11    2    2   29   25   44   41    1
    6    4    9    2    0   25   18    6   32   27   43   21    5   19    0    1    5    6    1    0
    2    6    9    3    1    1    1    1    3    0    0    0    0    0    1   15   18    9   35    8
   11    3    7    7    3    1    3   15   10   31    5   30    1    5   12   51   28   27    1   19
   12    7    2    3    0    1    2    1    0    0    0    0    0    4    4    5    1    1   22    4
    9    4    7    6    7    8    8   13   11    5   11    7   25   37   33   54   50   85   61  100
   41    8   69    8   51   44   36   18   11   15   11   49   71   11   21    6   66   55   13   56
   36   13    4    3    1    7    1    0    0    0   38   22    2    3    4    1    9   17    8    4
   21    7    2    6    1    3    7    2    2    4   19   10    1    1    7   37   52    6    4    9
    3    3   15    1    0    1    1    0    3    0    0    3    0    4    0    3    2    0    0    0
    0    0    1    0    0    0    0    0    0    0    2    2    2    1    0   15   10    2    8    7
   13   10    6   10    6    5    8    5    8    1    4    1    8    1    4    1   16    8    4   17
   23   17    1    3    3    2    1    3   10    5    2    1    5    5   12    9   11    8   33   21
   21   17   18   14   23   39   28   54   53   11   28   41   40   47   62   45   38   45   52   42
   46   36   37   28   35   27   44   37   40   18   37   57   37   37   34   49   44   44   47   55
   37   20   29   17   35   44   31   48   62   41   59  118   21   36   22   60   27   12   16   23
   50   34   32   23   45   28   22    2    2   29   31    8    3    1    3   21   11    8   10   24
   31    9   10    1    1   18   11    6   20   10   23    8    7    6    5    9   11    2    3    3
    1    4    5    2    7    2    4    2    0    2    5    3    0    0    2   20   29    9   29   16
   16    2    5    8    7    3    6    6    8    9    7    6    1    1    6   10   33    5    0   11
   58   23    0    1    1    1    0    0    0    3    0    0    0    0    0    0    0    3   23   25
   27    6   11   12   14   17   15   13   13   15   18   15   20   23   22   33   50   46   62   54
   34   17   70   25   76   62   81   53   83   40   64   60   67   59   81   60   72   77   75   78
   57   18   34   37   77   47   44   94   45   42   70   50   41   64   74   35   36   18    5   20
   53   31   11   37   15    3    7    0    0    2    3    1    0    1    5   12   10    1    2   34
   55    0    6    1    7    3    2    1   11   13   18    5    0    3    2    0    1    0    0    0
    1    0    3    3    5    1    4    1    0    0    0    0    2    0    1   31   23    7   34   24
   11    2   12    5    4    5    5    9   14    8   13    7    6    4    7   13   17   16    2   13
   24    4    2    4    1    1    1    0    0    0    0    0    0    0    0    0    0    0    9    4
    5    0    0    0   50   14   11   15   11    0    0   10   16   17   11   25   27   30   28   32
   28    6   24    4   29   29   50   38   33   23   16   40   65   15   32    6   58   38   34   30
   45   70   39   17   35   17    3    8    4    9   18   27    2    7    9    0   14    9    7   13
   21   32   15    9   18   18   12    5    5    8   19    4    0    5    0    0    0   13    2    7
    2    6    0    1    0    3    0    0    3    2    0    0    0    0    0    0    0    1    0    0
    0    3    0    0    0    0    0    0    0    2    2    0    0    3    1   16   21    7   27   18
    2    2    2    2    3    5   10   10   13    5   10    4    3    1    5    6   11    5    3    7
   11    4    4   60    3    5    4    4    3   10    8    1    5    4   14   11   10   19   21   34
   21   24   27   25   36   33   38   31   43   16   23   53   29   28   36   54  112   34   90   68
   31   75   54   34   54  198  210  173  168  109  151  249  105  167  178  185   90  114  197   86
   47   81  182  113  236  169  128   61   35   38   86  108  124   95   49   31   28   43   32    4
   66   56   69   44   47   32    9    5    8   20   36    4  110   11    0    3    4   45   24   55
   82    5    1    0    0   16    5    3   35   12   17   12    8   10    5    8    7    0    0    3
    0    5    2    1    0    5    1    4    0    5    9   18    6    7    4   13   12    4   39   35
    5    5    6    7    3    6    4   11    5   14    3   10    2    1    6    1    3    3    0    0
    0    0    1    1    4    2    1    0    3    3    3    0    3    0    0    0    0    0    9    0
    0    0    0    0    0    2    0    8    9    1    2   21   16   10   14   14   17    4   29    9
    6    7    7    2   12   18    7   12    9   22   23   10   14   18   10   24   21   18   17   12
   14    8   15    6   30   20    5    7   41   19   12    6   26    2   19    1    7    6   13   82
   13   29   21    7   39   30   40    4   14   34   31    7   14    2    0    0    0    0    0    4
    4   14    1    1    0    0    1    1    7    3    4    1    0    1    0    1    4    0    0    0
    0    2    3   14    2    1    1    0    3    0    3    0    0    0    5   10   19    8   17   16
   13    5    8   11    7    2    6   18    6    5    1    4    1    2    2    1    9    1    0    0
    0    3    2    3    0    3    1    1    4    0    1    0    3    1    0    0    0    0   24   16
    3    0    3    0    2    7    1    5    1    0    1    0   19    6    3   18   15    8   24   15
    2    0    7    0    7   22   24   19    6    6   29   30   29   27   13   28   18   34   20   20
   24    6    1    4   28    1    2    1    7   23   22   17    5   11    7   12   12   17    7   14
   19    2    6    4    6    2    1    1    1    8    6    2    0    0    0    3    9   11    4    8
   44    0    0    0    0    0    0    0    1    1    0    0    0    0    0    0    0    0    0    0
    0    1    1    0    0    1    1    0    0    0    1    0    0    0    0   64   62    5   33    9
    7    4    8    6    5    1    3   12    2    4    2    3    0    0    1    9   12    9    2   11
   12   22    0    3    1    2    5    7    6    0    0    0    9    8   13    7    4    8   30   28
   24   10   14    2   29   40   15   31   23    5    4   24   94   59   52   88  116   79  129  127
   66   21  127   26   99  117  125   66  104   93  108  116  121  117  127   70  118  117  100  113
   53   79   73   89   55  104   32   38   41   47  154   63   65   43   37   11   32   18   34   15
   52   48   41   39   13   22   15    4    3   20   19    4   10   13    4   46   36   15   21   15
   22    2   20    1    0    1    2    6    7    4    4    1    4    0    0    0    1    0    0    1
    1    1    7    4    2    1    1    0    0    0    0    0    0    0    1   53   62    2   32    7
   13    3    6    8    6    3    4    5    6    7    5    3    1    4    8    9   20   18    0    6
   11    2    2    3    1    0    0    2    2    0    0    0    1    0    3    0    2   10    1    6
    2    7    4    4   16   17    9   21   24    4    9   26   27   24   28   44   52   16   26   20
   34   20   32   15   29   61   26   35   47   22   29   58   13   22   34   22   20   16   31   15
   27   31   23   57   12   18    7    6    6   22   17   25   22   35   10   10   19   29    9   24
    5   33   28   18   34   23   12   11   17   21   18    3    9    6    1    0    1   17    1    9
   25    9    0    4    0    1    1    0    3    6    8    1    0    0    0    0    0    0    0    0
    1    0    3    2    0    2    1    3    0    0    0    1    1    0    1   17   30   13   56   20
    6    5   10    9    4   10    8   10   12    3    6    7    1    3    7    1    6   15    0   18
    6    1    1    7    4    1    0    1    4    2    4    0    1    1    0    0    0    0   14    0
    0    0    0    0    0    0    0    0    0    0    0    0    1    0    0    5    8    5   10    7
    0    5   28    7   38   11    8   11   11    9   10    9    3    5    2    4   39   46    7   29
    0   20   21   26    8   27   44   51   56   99    2   12   22   57   29   22    4    5    6   13
    2   19    8    2   28    7   11    0    7   20    7   11    8    8    6    9    5   11    4   15
    7    1    2    0    0    0    2    1    3    4    0    0    0    0    1    2    1    0    0    4
    1    0    1    1    0    0    0    0    2    1    0    0    0    0    3   10   10   11   23   30
    3    5    4    5    5    5    6    5    9   15   14   23    8    8   18   12   13   25    1   15
    8    8    3    6    1    1    0    0    3    1    1    0    0    1    0    0    0    0    1    3
    1    0    6    1   10   15   13   20   28    5   10   17   15   29   22   12   30   19   27   23
   40   24   24   29   33   29   28   60   18   73   36   25   14   36   15   36   27   20   19   23
   17   82   82   75   46   53   42   43   29   42   19   13    9    2   10    9   20   21    8   22
   33   37   35   33   21   23    9    1    2   29   16    4    1    0    0    0    0    0    0   34
    2    3    1    1    0   11    6    3   15   13   10    1    0    0    1    0    1    0    0    0
    1    1    2    8    0    2    2    2    0    0    0    1    1    2    2   54   59   14   35    9
    7    8    5    5    4    4    4    3    2    3    3    6    0    0    1    0    6    1    0   10
   10    5    0    1    1    0    0    3    3    5    4    2    3    3    2    1    3    9    3   16
    3    5   23   25   37   50   58   79   81   38   44   92   88   86  117  128  118   74   92  118
   88   58   53   47   45  128  106  110   98   56   56  126   80   82   53   55   69   72   57   39
   18   11   29   19   49   63   86  108  150  133   27   39   33   59   52   10   18   10    9   13
   21   53   27   13   22   10    8    0    3   22   33    1    1    0    0    1    0    0    0    5
    7    0    0    0    0   19    8    3   19   17   23   11    3    3    3    1    2    1    0    2
    0    0    3    6    2    3    3    5    1    5    5    4    1    3    1   12   13    5   28    6
    0    2   10    8    3    2    2    2    1    3    3    1    0    0    4    6   18    9    4    8
   13    1    0    2   10    4    3    7   14   17    7    4    8    5   24   11   28   20    3   11
    9   18   25   36   21   32   31   67   73   27   31   78   60  103  125  114  194  127  175  196
   89   43  106   36   90  141  159   83   64   78   83  131  151  117  108   95  107  161  143  165
   82   75   72   77  117   70   46   99  127   56  198  130   78   61   74   73   31   26   16   30
   58   32   27   32   32   13   20    9    8   20   18    2    0    1    0    1    6    7   10   26
   23    1    3    1    0   20    3    0   13   15   24   28   23   19   10   14   17    0    2    2
    1    1    1    0    5    4    6    2    3    9    9    6    2    7   15   17   39   17   34   28
    8    5    6    8    8    5    8    7    8    2    4    3    3    0    2    3    6    9    2    8
    3    6    0    1    0    2    1    1    1    1    0    0    0    0    0    2    0   10   11   18
   21   10   26   13   20   14   16   14   11   15   31   29   24   22   28   23   28   24   18   24
   21   22   25   26   37   32   22    8   12    2    0   19   17   12   18    8   32   35   21   20
   34    0    0    0   14    3    1    1    0    1   20   10    8    7    0   24   67   44   31   28
   36   43   24   47   24   22   17    8    6   30   27   11    3   10    7   41   23   34   24    6
    0    3   11    1    0    7    6    1    6   12   13    9    0    3    0    0    3    0    0    0
    3    0    3    1    0    0    0    0    0    0    1    0    0    0    0    9   15    9   18    8
    8   10   13    8    7    8   11   12   22   21   21   21   10    6   15   10   27   25    3   18
   59   12    1    6    1    2    0    3    6   17   10    9    3    1   22    7   15   13   12   14
    6    8    7   13   11   21   16   24   32   15   31   40   22   35   38   87   98   39   52   37
   43   41   52   32   40  193   79  145   92   34   25   74   46   46   45   25   71   66   37   77
   40   18    2   22   23    3    2    0    4   22   38   19   10   12    4   13   12   17    3   10
   25   19   28   18   17   34   12    4    5    9   15    1    7    2    0    2    4    8    9    0
    0    1    3    0    0   21    6    6   31   26   23   16    9   13   10    4   10    0    0    2
    7    5    1    1    1    1    0    5    2    7    2    0    0    3    0   41   25   23   40   44
    7    5   13    7    5    4    4    7   23    5   10   13    3    2    6    7   12   19    0    2
   19   20    1    3    3    1    4    2    1    3    5    0    1    1    1    0    1    2   41    8
    5    5    8    3   10   23   10   14    4    2    3    5   22   11    8   22   40   10   35   21
    1    7    8    3    9   42   52   43   59   12   28   67   32   32   30   24   44   51   57   48
   26   13   11    9   13    7    2    1    3   21   60   61   11   28    4   20   14   25   18   31
   42    4   13    6   13   11   17    3    5   14   14    0    1   10    0   15   23   39   23   19
   78    3    2    0    0    0    0    0    0    1    4    2    0    2    3    0    1    0    0    0
    0    1    1    0    3    1    2    1    2    6    0    0    0    1    3   14   17   16   24   24
    6    1    6    6    1    0    1    3    2    3    1    1    3    0    0    3    4    1    0    0
    4    6    0    3    3    1    0    1    2    5    1    0    3    1    5    2    3    5   17   31
    9    2   20    9   27   25   27   35   33    6    3   27    9   10   26   13   20   13   14   22
   24   30   11   16   19   46   33   88   29   79   42   36   20   28   24   36   19   11   36    9
   10   98   86  115   25   54   43   12    6   18    9   12    8    0    5   10   24   15   14   17
   15   28   15   20   10    5    7    7   11   33   23    6    9    7   11    8    9   19   15    0
    1    4    4    4    0    5    2    2    3    4   13   10    2    2    3    3    2    4    0    0
    4    7    5    1    0    2    0    0    0    0    2    0    0    0    0   13   29    8   10    6
    2    4    7    6    6    6    6   34   21   14    9   10    2    4   17    4   11    8    9    5
   11   10    5    6    2    2    3    4    4    7    3    1    3    4    4    1    1    5    4   31
   19   15   21    8   30   26   27   17   18    8   13   28   32   41   31   36   36   26   59   35
   33   20   44   21   44   34   80   54   65   53  110   63   46   50   56   54   67   72   59   50
   30   15   17    5   69   22   13   16   19    3   77   50   68   23   24    5   18   18   25   13
   27   28   19   24   26   23   13   16   10   18   20    3    0    1    0    2    1    0    0    0
    0    2    6    0    0    6    3    0   11    7   28    9    1    4    5    5    6    0    1    0
    2    0    2    1    0    0    0    0    0    0    2    0    0    0    3   11   17   17   16   17
    8    3   10   12    6    8    4    4    5    5    9    2    2    0    2    3   16   19    0   17
    8   10    0    4    2    3    1    4    3    0    1    0    0    4    0    0    0    0   24    8
    2    0    6    0   10   10    4   11    3    3    0    1   22   18   11   26   21   12   26   16
    6    1   11    1   16   24   17    7   10   12    5   26   10   10    6    6    7    8   19    6
   16    8    4   17   16    8   10    8   39   69   13    4   24   24   47   10   19   17    6   15
   11   20   22   11   30   10    4    0    0    6    6    0    1    3    2    1    1    5   13   19
    6    0    0    1    0    0    0    0    1    0    0    0    0    0    0    0    0    0    0    0
    0    1    1    0    3    3    8    2    0    0    1    0    0    0    0   10    5    8    6   13
   17    6   10   16   11   12   15   21   15   21   11   14    7    2   19    7   24   17    3   12
   37    7    0    4    1    0    1    1    0    0    0    0    0    0    0    1    2    0   27   17
    3    9   18    0   25   28   23   41   28    1    9   31   49   78   58   63   70   61   51   56
   42   24   52   20   45   56   61   47   43   67   98   69   50   63   51   92   81   34   76   54
   58   32   72   42   69  135   50   67   29    8   54   20   30    8   14    2   35   16   12    5
   16   27   11   26   20    5   14    0    7   14   33   12    0    4    0    4    0    1    0    0
   15    1    1    1    0   11    3    0    5    3    7    3    2    1    1    1    2    1    0    1
    1    1    0    3    2    5    2    2    0    0    0    0    0    2    1   48   33   13   37   23
   19   17   20   19   18   14   24   35   47   22   19   24   16    6   21    3   29   31    0    6
   20    4    1    4    1    1    1    0    1    1    0    1    0    2    2    2    1    0   12    0
    2    2    0    0    4   14    3    8    2    0    0    3   32   24   21   45   66   34   81   77
   15    7   46   10   44   57  144   96  145   40   68  192  144  144  151   90  125  177  147  145
   80   35   50   29   83   36   26   23   16   22  121   89   42   32   23   57   33   47    4   64
   86   30   18   29   36   23   21    6    8   15   26    6    3    3    1   16   18   29   59   39
    6    1    5    0    0    3    2    1    5    8    5    0    0    0    0    0    3    1    0    0
    1    2    0    0    3    4    3    0    1    0    0    0    0    0    7   43   87   16   26   32
    3    2    3    2    2    1    5    2    9    0    1    0    0    0    0    1    1    1    0    1
    2    4    0    4    4    0    0    2    0    2    1    0    3    0    3    4    3    4   18   21
   26    9   40   13   33   30   21   14   13    6   11   19   24   16   12   28   41   17   26   31
    6   10   14   14   14   42   59   47   26   23   19   49   21   22   11   15   26   24   33   19
    8    5    1    3    6    0    0    0    1   39   13    8    3   20   45   28   17   22   24   27
   19   33   17   26   49   18   28   18    7   34   33    2    3    2    0    2    1   14    9    4
    6    2    2    0    0    9    2    1    7    8   12    2    1    1    2    0    7    1    0    1
    1    2    1    0    2    1    1    0    0    2   25    4    0    0    0   15   15   14   22   12
   10   10    7    7   10   14   12   13   15   12   13   14    8    4   12    5   24   21    3   24
   25   35    4    5    5    4    6    9    3    7    6    0    8   11    9   12   10   14   51   32
   36   29   41   21   50   59   48   64   43    9   13   35   72   66   47   85  128   95  135  109
   52   24   95   28   60  104  168  132  126   63   93  138  165  127  120   15  104  105  144   76
   49   57   52   69  107   40   44   61    5   24   69   49   75   45   14   42   29   18    8   12
   27   25   11   30   11    4    7    5    3   25   30    0    0    0    0    1    0    0    0    6
    8    1    1    1    0    1    1    1    4    1   13    9    5    5    3    3    2    1    1    0
    1    2    2    2    6    5    3    4   12    3    5    3    1    0    9   49   49    5   60   29
    7    2    6    5    5    3    4    2    2    3    3    9    2    2    7    4    9    2    0    3
    2    5    0    3    4    0    0    0    0    0    0    0    0    2    0    0    0    0   14    1
    1    1    0    0    0    1    0    6    0    0    0    3    0   10    3   44   94   32   60   43
    1    2    8    5    3  123   94  103  118   99  115   84   55  134   83  123   35   72  120   71
   36   83  122   64  166  179  163  141  197  121   63   76  117   66  126   91   18   30    9   44
   59   13   12    8   15    5    8    1    7   17   27    5    5    4    4   33   16   56   25  117
  123    0    0    0    0    0    1    0    0    0    0    0    0    0    0    0    0    0    0    0
    2    0    0    0    0    0    0    0    0    0    1    0    1    0    0    3   14   11   12   16
    1    7    4    5    6    4   18   23   29   27    9   14    4    4   11    6   15   12    0    1
    3    4    0    4    0    2    0    1    0    0    0    0    0    2    0    0    0    0   24    1
    2    1    1    0    1    0    3    1    1    0    1    0    1    3    1    5    7    6   13   12
    1    0    3    2    5   15   14   35   17   34   41   16   11   24   18   49   15   23   56   18
    8   38   29   41   64   31   56   60   47   62   33   47   53   47   83    6   16   13   15   13
   11   11    5    7   18    2   11    4    5   11   33    0    2    5    2   17   18    5    9    0
    0    4    0    0    0    0    3    3    0    0    0    0    0    0    0    1    1    0    0    0
    9    1    2    6    3    3    4    0    0    0    0    0    0    4    0    7   13   10   13   22
    4   12    9    7    6   12   15   25   34   28   16   18   10    2   21   10   11   21    2   10
   19    6    7    8    2    2    1    0    0    1    1    0    1    0    1    0    0    0   14    7
    0    0    5    2   12    7    6    4    8    1    2    9   20   12    5   79  108   21  120   68
   13   14   41   27   46  109  127  204  197  157  160  174  117  236  205  177  104  117  213  145
   80  202  177  129  239  185  149  152   59   89  150  187  149  133   34   89   69   53   13   58
   73   39   11   57   32   15   13   19   13   17   39   10   31    5    1   17   10   31   31   50
   36    5    7    1    0    1    5    1    6    3    2    0    2    0    5   11   16    5    4    7
    1    6    0    0    2    1    3    2    0    7    0    2    6    7    0   56   47   20   31   51
    9    1    2    8    3    1    4    8    9    0    2    1    0    0   15   17   21   14    0    5
   17    2    4   10    3    2    1    0    0    1    2    0    0    4    6   12   10   12   27   37
   17   14   43   33   42   37   53   49   44   24   13   31   55   65   73   55   62   73   65   96
   58   19   65   29   51   38   34   13   26   12   10   47   30    7   20    5   67   51   26   76
   76   63   10   23   20   16    4    2    0   17   66   17    9    4   12   10   22   30    9    6
   31   19    7   27   13   12   19    1    1   23   20    4   12    5    4    7    2    9    6    1
    1    3    1    0    0    4    2    0    2    3   13   14   10    3    3    8    2    0    0    0
    1    1    3    0    0    0    0    0    0    0    0    0    0    2    4   37   38   17   38   15
    3    2    2    2    2    3    9    3   10    8    5    1    2    0    3    0    1    0    0    0
    1    1    0    5    1    0    0    0    0    0    0    0    0    0    0    0    1    2   13    0
    0    1    1    2    3    0    0    4    4    0    0    5    9    9   13   20   46   26   46   36
    8    0   16    0    7   32   51   24   14    7   15   36   31   18   42    3   34   37   40   25
    9    0    0    1   21    3    1    0    1   13   33   44   10   53   19    9   13   12   17   16
   13    4    4    4    9    2    5    1    1   13   11    0    1    0    0    0    0    0    0   22
   40    0    0    0    0    0    0    0    0    0    0    3    1    1    3    1    0    0    0    0
    0    0    1    1    0    0    0    0    0    0    4    2    1    0    0    6   23    6   23   29
