   36   24    4   36    1   16   45   46   56   84   28   54   15    9   14   49   39   19   43   16
   43   94   20   26   18   31   43   46   23   35   16   11  146   54   48   62   35   63   73   90
   95   40   84   45  103  104  107   63   82  121   69  126   77   90  104   77   58  166  273  110
  234  115  200  131  171  145  131   37   82   99  175  326  109  339  240  128  137   51  206   93
  102  166  209  406   82  309  160  325   99  262  148  141  118  114  155  148  107  154   68  162
  183  115  144   95  248  110   94   81   58  134   68  114   47   75   36   70   31  101   96  143
  137   28   65   45   21   32   52  106   55   89   78   46   30   38   35   27   73   58   18   20
   45   40   23   50   11   16    3    0    1    0    1    0    2    1    0   19   11   23   27   20
   36   41   26   36   43   40   45   46   41    7   44    8   23   50   26   49   31   38   25   44
    8   21   20   26   18   31   23   34   28   47   53   11   35   14   23    7   35    7   48   22
   12   10   37   45   23   62   28   91   82   26   69  181   77  101  104  138  216  317  273  246
  163  115  200  186  296  145  643  222  586  289  237  326  473  339  184  316  217  273  232  344
  238  162  209  151  276  309  268  325  238  293  488  282  191  190  155  226  190  339   97  296
  183  354  192  267  290  177  198   81  194  168  386  109   73   75   33   64   42  176   96   60
  137   88   65   45   20   84   99  130  147   89   78   46   30   38   67   50   31   58   18   50
   45  111   23   50   26   25   21    0    1    0    7    0    2    1    7   19   38   23   48   25
   36   97  122   36   75   61   86   92   99   94   66   73   57   44   73   62  119   95  101   55
   71  125   24    8    3   45   32  113   70   45   29   11   88   56   79   58   35   37  156  135
  157   72   70   45   52   32   24    6   11   33   19   21   77   35   51   83  119   78  156  155
  161   60   93  162  138   96  203  263  437  207  308  308  325  339  380  304  270  257  267  212
  130  294  311  556  496  465  328  504   95  152  583  345  328  264  140  345  270  244  141  180
  222  125   64  149   58   49   85   81  101  137  174  146  154  106   70   94   52   94   70  145
  137   75   65   46   23   75   48   43   54   38   37   46   63   38   21   80   38    2    4    8
   45   24    8   34    3    1    1    0    0    0    0    0    0    0    1   19   11   18   15   14
   11   23   41   36   12   62   37   38   38   45   14   82   40   24   57   46   81   81   32   28
   37   21   28   25   13   48   48   52   39   12   24    4   30   22   21   46   57   37   16   26
   43   64   50   48   85  123  236  100  218  101   57  155   62  167  208  217  515  470  563  420
  355  186  357  194  368  354  550  358  375  200  318  532  587  437  334  388  347  215  254  308
  305   81  147  126  436  225  265  240  178  236  434  282  242  265  101  221  177  300  117  167
  270  269  119  399  147   85   78  112  157  116  264  145   66   30   13   40   65  112  157  139
  186   87   33   96   51   64   89  103  112   98   50   83   44   51   23   23   77   25   19    4
   18   24   11   52   14    8    1    1    0    3    5    0    0    1    0   21   33   18   25   35
   46   76   25   36   33   27   29   59   69   79   17  101   25   40   37  172   98   93   65   59
   65   39   38   23   25   44   38  104   62   37   10    2  103   53   18    7    2   14   56   30
   19   12   49   39   61   40   16   42   38   14   14   31   65   41   43   66  117  120  159  146
  113   47  215   53  230   75  247  245  335  379  606  340  291  435  343  176  245  413  210  200
  365  217  213  367  335  301  502  505   94  123  265  169  306  242  128  179  161  147   85  187
  171   87   38  145   71   21   39   22   24   71   36   80   32   37   33   53   33   18  124  109
   64   86   30   57   13   13   43   56   25   26   11   21    6   10    2    6   17   40   15    9
   92   70   23   79   28   21   30    0    2    0    1    0    0    0    0    2   10   32   17   57
   73    7   23   36   30   19    9   43   31   30   25   34    1   21   35   41   93   55   26   78
   98   65   18   32   15   34   16   76   17   11   27    3   26   72   55   61   54   52   18   36
   40   34   32   38   27   89   60  155  122   20   38  156  173  203  127  181  231  382  502  361
  247  110  376  167  410  191  369  286  475  335  443  482  510  487  454  184  379  322  292  298
  339  329  151  128  233  270  335  188  160  180  434  358  208  246  123  282  190  226  190  347
  334  171  108  223  175  112  105   46   88  128   84  123  123  145  175   88  127  156  244  161
  224   83   78   68    9   26   42   30   75   92   66   61   35   55   18   26   37   31    5    8
   21   22   12   59   16   12    2    2    1   10    1    0    1    1    3   33   31   46   62   49
   36   58   41   42   60   74   32   31   32   44   40   27   39   42   46   51   95   28   29    4
   17    0   13   23   11   28   13   16   44   50   29    5    3    0    0    1    2    0    8   36
   18    5   46   24   44   55   40   61   67   31   74   96   94  164  110  125  227  263  270  204
  153  134  167  195  110  117  263  165  232  211  328  250  301  245  272  275  234  114  351  197
  343  265  386  662  259  528  613  856  269  203  405  197  324  154  111  149  226  289   94  117
  190  193  150  156  158   72  131   78   80  159  184  144   75   49   64  109  120   63   61   87
   82   77  144   48    4   82   97  112   75  114  137   14   16    5   54   74  150   31   14    7
   41   89   26   45    1    3    1    0    0    0    7    0    0    0    0   16   16   16    5   15
   37   32    5   27   16   18   25   69   52   63   19   50    5   36   39   27   58   33   32   27
    9   15   35   16   23   32   48   41   13   48   25    2   38   23   95   38   62  134    2   10
    4   44   10   27   15   21   33   23   43   37   42   59   38   47   57  128  202  204  369  282
  184   99  302  160  372  206  507  270  379  270  192  559  492  528  429  270  431  247  117  287
  304   90  103  127  126  240  161  105   64   91  216   97  182   76   61   34  157  122   25   65
  133  200  106  214  104   74   60  116  102   87  194   64   18    8   31   28   33   14   30   31
  120   38  116   15   14   44   29  114  127   61   60   52   55   48   61   53   76   37   37   47
   54   54   49   55   17   16   18    0    0   62   21   10   11   10    8   11   73   32   50   37
    9   31   36   22   35   16   24   50   44   36   38   48   26   16   30   33   55   33    9   21
   19   10    6    8   23    3   15   28   23    3   11    2    4    7   33   34   25   42   13   35
   23   32   74   42   79  123   64  125  123   62   90  179   65  101  214  199  254  219  281  207
  178  141  188  135  172  244  299  205  374  158  221  307  257  249  262  212  231  278  194  257
  222  103  110   35  297  246  260  860  243  184  326  380  469  205  124  157  113  259  203  185
  246  233  173  148  112  145  125   70   71  179  178  112   95   82   43   86   57  107  132  158
  301   82   85   32   18   89   72   89  131   95   80   42   19   19   10   18   49   25   12   11
   37   89    8   27    7    6    1    2    0    6   27   25    0    1    1    5   32   21   16   39
   47   66   38   53   50   70   79   56   84   96   64   58   29   18   69   41   62   68   21   20
   52   50    6   51   32   20   27   23   20   35   15   16   10   22   22   16   45   43   16   41
   21   26   48   21   70  105   45   93  103   18   30   72  144  106  127  127  153  312  277  198
  113  140  216  139  264   69  191  179  277  178  327  258  253  282  181  290  269  171  191  304
  215  255  377  555  398  340  148  155   85  249  409  308  292  182  148  126  210  224   71  159
  238  134  125  181  113  187   65  170   82   63  113  191   48   32   18   26   50   47   73   88
   56   75   45   47   19   41   41   91   87   34   35   33   42   29   33   44   34   47   13   14
   31   74   32   52    2    7    0    1    1   18   32   15    0    0    2   19   62   59   60   52
   24   25   16   22   32   15   61   37   42   36   42   56   29   28   33   66   53   37   16   23
   37   34   16   27   14   23   28   32   32   12    5    5   13   20   12    9   15    9   56  117
   42   16  113   58  116  139  158   23  122   32   69   60   59   66   54  133  206   92  184  195
   82   59  134   84  141  269  259  412  366  164  261  247  176  254  212  290  180  162  124  194
  136  305  223  196  162  195  135   65   78  173  184  106   66  173  145   50  163  139   68  175
  164  137  127  159   79  101   55   29   28   84   73  168  142  105   68  135   97   93  116   40
  129   74  147  100   21   73   61   76   41  105  104   41   18   26   12   45   45   20   12   10
   19   27   18   56    7   22    2    6    0    0    0    0    3    6   11   40   20   19   10   37
   41   74   35   56   36   41   37   29   34   49   39   65   10  128   50   31   88   97   33   21
   17    9   36   19    6   19   44   62   35    3    3    0   27    7    3   15    1    4   12    8
    0   11    7    9    4    6    5   28   50    9   38   79   19   82   95   83   97  201  179  213
  149   82  311  141  277   68  365  298  575  323  367  456  396  633  331  295  279  189  257  294
  243   77  155  166  325  516  426  187  325  369  285  250  263  165   92  295  150  101   76  196
  203  218  125  294  199  100  147   47   58  179  148  145   45   30   30   44   39   48   37   88
  122   90   63   56   78   42   25   33   21   39   38   31   21   10    5   23   22   25    4    0
   35   20   22   68    2    0    0    0    0    0   14    1    0    0    0    6    7    3   14    1
   24   20    8   16   46   58   63   60   66   10   28   12   38   13   15   21   48   54   23   69
   74   71   10   35   25   25   23   45   28   64   46    5   52   40  162  103   72  136   74   77
   68  121   89  161  129  206  294  115  162  151  138  253  139  164  144  195  242  272  320  198
  130   96  193  131  204  122  243  116  165  110   52  251  258  171  188   36  270  133   70  105
  169   22   74   30   55   49   34   55   42  143  281   49  128  261   98   15  100  231  148   58
  157  339  334  278  345  188  131  112  165  148  113   62   18    1   24    1   26   13   68   50
   41   63   24   20   30  109   49   99  228  154   88   97  162  115   78  132  113   54   26   21
   77  122   23   52   15   17    1    0    0    8    2    7    3    1    0   12   20   16   29   15
   17   19   39   41   18    2   21   27   26   36    3   29    7   11    5   42   65   25    9   46
   69   52   10    5   23   32    8   12    8   18   32   42   13   23   61   52  133   83   56   57
   55   43   58  100   81   93   73  154  182  109  140  229   81  131  217  116  130  166  165  202
  232  119  149  159  173  109  300  149  238  216  196  143  175  147  105   85  125   87  180  170
  113  128  187  256  191  318  330  181   51  270   76   80   89   66   46   29   84   92   75  118
   51  195  242  203   53  105   48   63   45   38   86   59   75   78   72   88  115  164  134   89
   93   49   53   13   21  127   91  164   99  146  172   67   64  109   61   83   99   77   51   37
  101   88   31   30   30   43   64    5    0    8   79   18    6    1    0    5   29   16   41   36
   47   28   17   33   49    5   12   63   47   50   41   40   30    4   30   49  132   59   35   29
   44   21    1    4    1   28    5   21    4    6   23   17    6    8   11    7    8    8   21   10
   32    6    4   11   20   14   14   18   24   24   29   39   67   29   36   37  111   79  102   44
   48   51   98   63  133   85  138  163  122  217  173  110  103  261  304  197  198  174  163  158
  259  132  250  203  231  471  293  258  107  116  243  249  208  154  170  110  184  225   83  219
  153   83   58  113  133   61   74   29   54   81  105  149   70   47   86  120   86  102   84   55
  164   84   24   33   19   53   39   56   48   62   36   16    5    8   12   26   30   29    2    7
   29   56   45   71   13   10    1    0    1    3   35   13    0    1    2   16   14    6   14    0
   23   31   14   43   30   10    7   12   19   39    2   35    2   36    9   19   67   39   36   25
   42   33    6   16    8   36   21   60   62   35   38   15   18   27    6    8    9    4   17   25
   14   14    9   13   33   43    8   39   71   31   89   83   94   43   80   70  117  113  190  216
  112  108  146  168  151   88   77  118  120   91   94   91   81  267   97   88   96   99   51  101
  185   63  193  112   53  106  210   98  140  134  142  169   32  184   64  147  175  152  135  309
  161  249  147  237  173  124  105   69   54  118  129   99  161   68   42   76   55   87  106   85
  233   66   19   38   14   32   26   60   73  157  118    9   24    8   17   17   28   31   19   29
   33   54   16   18   18   11    0    3    4    3    5    3    4    0    0   57   33   24   26   28
   79   62   30   55   73   46  101   36   33   19   58   21   33    4   54   36  126   39    8  130
   86   12   13   42   28   30   19   23   11   41   72   38   17    6   19    9   22   39   18   15
    2   34   20    7    7   18    9   44   24   15   78  106   53   91   64  159  179  267  375  336
  157  143  391  139  372  124  471  179  365  122  310  486  452  303  226  217  321  192  127  206
  255  122  274  110  160  293  140  264  262   98  370  293  302  227   91  372  166  154  171  242
  234  244  260  330  188  165  154  264  151   77  122  102   55   57   72   40   97   21   44   93
  107   29   29   19    4   59  111  133  151  146   98   74   19   28   33   69   92  125   68   47
  126  167   32   30   48   57   54   13    0    0   28    9    0    2    1    4   14   17   11   32
   53   15   27   37   42    5   29   65   78   76   52   76   42   27   56   77  117   81   44   25
   54   44   51   36   26   19   29   67   22   12    4    0    5   17   10   46    9   22   22   66
   37    2   24   17   42   50   23   44   67   25  103   78   69   44   59  140  242  291  254  210
  141   99  129   97   87  130  277  127  331  286  239  251  222  264  217  184  195  217  190  108
  215  140  209  170  171  417  154  248  185  216  465  233  238  177  139  233  245  193   90  238
   88  109  102  205  178  123   82   96  114  113  131   99  187   68   47   31   70   51   88   37
   32   83   94   53   15   71   29   86   87   87   86   31   11   19    8   23   42   10    0    3
   30   45   19   65    7    0    0    0    0    1   33    1    0    0    0    2    4    7    7    4
   19   30   32   31   35   23   42   55   53   50   13   43    8   10   35   55   68   50   37   91
  131   33    7    7    3   14   27   73   35   22   15    4   41   41   27   18   17   38   12   74
   58   29   75   87  117   90   72   72  115   25   59  142   72   86   98  146  116   43  184  158
   67  174  156  156  128   87  331  206  478  156  253  375  379  295  241  184  251  198  240  286
  370  140  247  206  285  553  276  245  255  152  179  204  259  202  104  207  192  140  132  211
  152  133  143  120   87   55   24   44   61   41  255   37   36   16    4   30   11   30   41   32
   59   25   36   18   10   35   22   34   19   63   51   24   30   13   36   76   54   55   22    7
   67   69   28   22    9   12    0    0    0    9    4    3    0    0    2   35   80   30   67   40
   22   11    9   18   39   33   48   31   54  113   44   65   39   26   47   94   65   50   50   49
   57   80   36   95   52   36   63   60   41   30   57   20   48   69   39   64   59   58   68   64
   55   58   60   50   30   40   29  190  117   45   71  157   86  155  117  167  185  261  372  259
  207  304  222  122  411  180  378  219  319  192  251  423  292  506  437  204  217  321  210  436
  213  157  161  191  225  317  311  839  198  129  442  134  290  117   80   64  294  107  109  135
  162  159  178  235  197  211  107   49   83  124  241  110   75   97   92  114   69   67  121  115
  315   70   92   46    0   97   42  100   81   81   85   82   47   94   34   70   47   21   21    9
   45   39   21   66   15    5   10    4    1    3    0    6    2    1    0   24   18   28   12   59
   38   19   13   34   32   64   86  133  105   68   86   55   60   58   48   38   53   64   58   61
   67   47   20    9    8   14   11   25   15    5    3    3   20   26   18   33   27   23   18    8
   10   23   14    9   12   54   13   36  124   12   26  181   84  150  145  119  151  145  221  128
  127   97  128   67  184  178  338  142  301  244  231  339  316  277  348  148  292  294  242  133
  463  107  146   68  255  103  404  425  584  292  362  188  258  327  720  150  185  165  118  112
  122  130  150  160  133  172   87   44   85   71  109  162   71   93   52   79   46  112   40  109
  220  141   79   60   33   57   51   51   53   71   41   27   15   14   20   35   51   32   27    8
   45   68   19   65    8    4    4    0    2    0   43    0    1    0    2   27   53   27   56   46
   50   12    0    7   39    5    8   31   17   28   42   43    8   48   62   33   39   67   18   58
   54   19   18   21    9   17   10   19   19   34   35    0    7   42    5    9   12   60   36   47
   44   30  150   67   87   78   68   66   62   43   67  220   76   68   57   52  137  136  222  106
  137  188  144   85  108  169  152  188  307   96  171  257  263  385  255  186  199  115  190  260
  174  123  248  309  359  420  375  797  229  217  393  223  319  156  165  182  131  334  293  290
  260  322   45  240  220  245  109   84  139  133   98   93   95   59   44   38   44   91   45   59
   57   41   32   30   13   57   37   67   89  102  131   19   12   15   17   25   46   38   27    9
   45   55   21   34   23   26   15    0    0    2   15   42    2    0    6   15   41   26   20    3
   18   34   24   53   41   40   54   74   57  113   32  111   52    6   49   98  160   67   26   51
  110  103   17   22   11   55   26   41   36    6    2    4   25   38   21   10    8   11  181   97
   61   21   62   36   91   40   57   43   37   44   61   55  107   91   86  142  346  357  665  533
  267  112  295  202  257  323  567  383  573  319  558  557  537  467  293  373  312  311  216  300
  240  110  310  331  415  629  351  991  278  289  471  241  397  328  221  213  204  124  102  189
  235  282  179  180  107  132  131  107  138  219  130  106   93   56   42   30   70  133  170   61
  185   77   31   30   27   67   55  107   82   78   62   41   15   35    5   13   37   47    7    8
   57  102   31   93   16   11    7    2    0    5    0   16    1    5   23   12   58   30   23   16
   40   21   12   43   20   60   77   24   36   54   27   29    0   42   51   33   85   87   38   60
  130  122    1    4    9   38   55   95   66   31   10    1   28   36   20   24   19   34  128   89
   48    9   99   44  110  115  169  170  152  121  108  197  123  160  135  102  126  198  181  172
  197  148  234  213  191  126  279  264  234  219  290  165  232  235  123  171  188   93  210   77
  156  150  306  118  303  339  154   90   97   84  149  334  271   77   23  122  197  146  186  185
  133  257  209  304  148  167   86   42   86   72  118   52  176  118  104   83   81  220  133   83
   44   88   20   62   32   95   59   84  121  112  126   24   10   25   29   48   78   34   18    6
   42   49   44   76    4    1    1    0    0    1   20    0    1    0    1    1    4   13   33    7
   50   22    2   29   59   21   36   31   30   29   39   30   28   27   32   61   79   66   19   42
   79   44   24   34   27   19   51   42   43   46    5    9   11   40   23   38   14    1   35    4
    1    8    1    2    3   30    3   25   19    3   40   62   35   35   47   74  167  205  195  194
  137   94  228   77  230  108  325  272  612  328  484  487  403  488  384  343  254  390  340  473
  389  176  361  270  399  735  573  787  324  197  527  350  407  281  131  153  266  182   63  118
  300  149   69  237  126   74   66   50   79  109  145   78   94  109   85   76  109  218  129  169
  106   43   70   16   10   49   53   85   69   54   53    6   12    5    6   22   44   42   11   17
   32   68   19   78   12   14    3    0    1    4    0    1    0    1    7    5   11   17    4    7
   83   57   40   61   63   43   52   65   63   60   32   94   25   30   85   47   79   63   49   56
   37    7   14   17    9   16   34   22   10    4    1    0    8   12    4   58    7    1   30   38
   21   39   67   15   41   90   48   96   35    4   61  109   72  123  114   64   83  288  192   71
  104  144  126  108  107  138  254  211  162   93  181  180  148  185  170  218  172   83  318  266
  191   61  195  127  224  194  252  248  181  152  407  241  258  133   26  140  181  194  188  181
  174  196  205  238  225  120  106   89   46  140   73   73  107   87   84   81   73  141  124  141
  205   86   18   28   23   40   52   89  100  118   68    4    3    0   13   16   32   22   18    6
   43   71   36   74   15    5    3    6    0    1    0    0    0    1    1    4   23   17   21   60
   28   24   46   62   20   25   98   22   74   28  114   38   33   41   49   14   56   23   45   29
   73   65   66   71   11   31   44   89   31   33    9    1   53   53  136   60  160   34   57   70
   45   48   49   55   35   91   40   79   77   22   57  146   91  260  193  222  240  327  419  177
  194  127  109  131  149  176  378  330  363  144  259  387  415  348  347  357  207  159  250  227
  213  122  261  312  219  527  298  245  117   88  380  329  207  199   33   12  296  192  116  158
  305  175  113  227  135   61   61   49   42  142   93   85   47   46  192   51   79   39   43   30
   75   86   74   38   51   70   64  117   72  105   45   52   37   39   14   41   32   17    6   12
   35   62   17   71   21   13    2    1    0    2    0    0    0    0    1   18   13   27   28   27
   29   16   64   56   19   16   11   21   21   52   36   45    1   27   32   36   25   33   51   28
   10   28   45   42    5   69   34   35  115   43   23    3   37   29   21   16    6   56   22   20
   26   26   30   21    9   18    8   43   46   37   48  159   32   38   53  149  218  142  173  140
  205  131  197  389  115  157  141  197  146  253  326  175  188  269  143  311  127  351  317  344
  214  133  282  203  288  268  216  640  257  226  798  461  321  180  317  222  259  215  194  294
  274  178  201  144  284  226   91   64   94  100  156  221  214  170  139  166  136  142  161  158
  194  124   73   65   74   79   83   64  150   64  131   34   26   87   47  100  102   43   28   12
   32   36   18   46   17    3    0    0    0    8    2    0    0    0    0    6   21   25   53   42
   23    3    1    1    2    0   23    8    3   10   13    6    2   48   14   11   43   82   54   85
   84   18   67   22    9   18  111   43   14    8   10    5   40   26   35    7   13   11   31   66
   85   19   20   15   55   58   32   49   74   14   86  121   73   93   68   77   89  160  160  124
  120   99  142  122  115   97  168  118  273  210  241  204  247  187  175  188  147  237  211  213
  117   85  266  168  149  251  462  627  192  157  457  220  275  114  155  129   71  202   39   97
  222  161   91  183   74   62   75   40   58   97   93   87   63    9    3    2    3   26   11   36
   53   67   11   26    1   41   11   37   30   85   97   10    5    8    3    9   29    4   11    7
   27   22   28   36   13   10    2    1    0   14    2   12    0    0    7   16   27   14   26   35
   11   49   39   11    7   16   26   63   58   79   27   75    9   11   89   60   11   65    6   38
   21   39   10   11   11   53   24   65   19   27    2    4   27   35   13   24   14   51   36   52
   24  130   82   84   84   91   90  146  121   61   82  122   46   40   53   91  121  116  186  137
  146  264  233  133  298  209  224  192  193  117  130  231  179  358  348  174  137  257  162  172
  175  267  290  258  393  405  285  324  125  162  297  280  304  148  211  236  136  201  179  241
  257  198  144  233   86   90  116  122  124   93  158  129  112   55   67   63   24   97   30   77
  131   59   55   52   66   98   67   88  153  103  167   43   27   47   14   72   69    7    8   13
   15   27   28   20   16   14   24    1    0    1    8    0    0    3    1    7   17    5   38   37
   59   35   60   24   44   68   52   78   53   61   55   68   27   28   56   79  103   47   26   57
  104   14   24    4    3   16   42   47   30    1    2    0   14   26   11   30   17    0   18   10
   19   20   23    1   17   40   19   63    7    2    6   24   47   42   50   53  116   47  134   87
   36   10  114   46  131   80  206  204  181  203  275  218  183  181  179  261  183  231  222  139
  211  207  241  256  210  477  146  627  210   89  221  301  257  343  102  315  144  126  100  192
  161  197  109  214  188   92  130  150  173  156  144  138  171  133   63   85   64  117  215  166
  278  130   26   52   41   35   32   28   48   25   32    1   15    5    4    6   20    1    1    0
    9   55   20   74    1    0    0    0    0    0    1    0    0    0    2   21   31   14   23   21
   84   24   31   25   51   67   45   38   28   20   22   56   48   36   22  125  224   80   41   29
  139   54   64   16   11   40   66   47   45   25    5    5   13   21   16   43   14   46   28   68
   51   19   81   80   47   82   76   80   50   66   49  102   56   35   41   94  135  103  153  145
  146  138  100   53  114   88  120  149  146  192  279  179  200  276  172  299  153  120  181   93
  214  151  186  232  338  207  214  234  109  141  431  154  333  207  230   62  150  126   98  102
   99  162   32  235  170   78  194   58   95   83   45   49   30   37   56    8   13    8   19   44
  100   20   13    8    3   32   35   53   35   26   89   32   32   35   57    9   36   26    9   14
   23   39   25   52   19   31   44   10    0    1    2    4    2    3    8   18   22   24   15   26
   19    8    3   27   29   24   92   81   43   65   35   56   43   48   88   61   39   58   23   86
   94   43   10    7   16   17   51   27   43   27   25   11   33   34  123   36   51   77   39   22
   26   43   19   64   71   47   15   31   98  164   82   93  128   98  111  161  240  346  412  273
  192   63  222  124  144  149  314  225  303  141  205  269  268  279  229  281  165  139  268  240
  181  145  185  319  215  351  263  593  205  175  360  414  333   64   33  143  127  157  184  229
  180  123  139  130   76  128   95  249  119  169  103   80   55   26    6    6    9   38   35   47
   82   23   19   21   39   91   70  104  278   84   87   81   92  100   42  190  105   19   58   40
   58   25   38   42   34   22    2    6   10    0    0    1    0    1    3   45   62   35   31   59
   23   44   22   26   17   21   35   47   24   75   44   17   68    6   27   27   46   13    5   17
   27    7    6    9   15   21    1   18   14   74   45    0    8   84   39   27   32   54   53   56
   53   57   47   72   50   48   74   40   88   47   76  122   88   75   69  115  134  104  145  170
   75   70  110  106  214  156  195  223  348  253  327  263  283  494  327  248  158  397  119  375
  332  230  299  329  233  693  265  522  182  164  377  148  403  205  216  167  288  232  221  204
  264  151  180  133  195  207  243  100  140  200  310  175  189  195   88   47   59   69  111   69
   67   86   61   55   30   48   95  103  109  100   61   36   74  100  100   52   77   56   26   72
   56   82   26   29    9    1    1    0    0    6   29    8    1    1    1   37   34   21   21   26
   76    3   11   20    4    6   37   29   44   58   18   19    2   38   20    7   82   63   67   69
   79   62   25   38   34   67   69   71   24   58   60   13   25   45   58   46   76   89  100   83
   82   72  133  159  198  116  311  134  146  227  109  151  162  140  137  157   97  226  193  239
  253  138  159  169  113   68  229  108  163   97  197  168  203  183  121  173   73  121  101  151
  121   77  144  105  122  261  229  142   98  149  223  228  342  161   54  114  180  233   82  192
  247  270  131  161  196  174  107   71   60  155  190   85   76   61   47  102  138  165   96   77
  143   96   54   38   16   61   92   80  142  102  191   63  110   84   81   75   93   94   64   51
  101  108   37   53   40   24   14    3    0   43    1    2    2   13    0   15   33   20   28   41
   18   35    2   11    7   48   34   55   53   83   16  135    4    5   20  121   92   30   23   50
   31   18    1    3    2    3   16   21   13    3    0    0    5   12   25   26   29   53    8   24
    7   13   46   59   54   25   25   77   38   74   67  130   46   52   51   71  149   92   99  112
   64   71   36   45   58  137  176  127  165   98  263   85   53  180   35   79   92   76  147   81
   48  229  259  215  196  367  268  416  186  161  255  231  232  269  197  106   58   98   93  108
  110  143  128  198  140  177  115   58  126   93   88   49   48   60    5   17   10   71   35  114
   93   61   15    2   19   25   26   77   81  103   57   60   35   39   12   32   11   72    9    2
   45   82   45   50   16    7    7    4    1   15    3    4    1    7    1    3   46   19   34   37
   11   16   14   10    8   25   61   62   47   40   39   35   15   35   29   40   25   24   62   35
   30   26   21   30   13   28   49   45   28   13    8    3   65   78   36   16   21   26   46   39
   54   17    5   13   17   38    7  105  122   27  185  126   66  119  180  132  107  148  192  185
  196   88  198  241  178  114  166  138  270  301  311  299  248  280  196  206  245  114  191  190
  225  169  210  449  283  528  375  520  229  274  312  274  231  227  205  107  205  109   77  136
  186  239  174  196   57   85   75   30   31   77  121   80   47   57    4    1    1   37   11   35
   53   29   16   24    0  168  109  106  151   84  170   48   44   33   14   22   60   49   11    3
   63   98   43   34    5    8   12   11    0    2   12   30    0    1    5   35   33   27   53   27
   43   98   45   46   74  109  108   50   59   57   65   41   62   40   63   24   69   85   36   69
   48   32   25   20   16   32   24   30   22   43   45   23   37   39   77   39   68  103   26   37
   57   72   97   85   99  102  100  115  122   33   84  151  217  172  185   96  147  308  268  354
  302  135  259  117  249   95  313  249  283  218  224  332  290  228  210  205  157  201  229  197
  139  134  159  105  192  372  192 1189  151  239  305  144  321  177  137  105  102  125   51   98
  165  200  191  176  241  133  145   84   85  134  133  108   41   37   25   76  170   43  101   64
  158   72  112  103    7   81  121  101   76   96  141   53   59   44   90   65   77   57   36   57
   61   90   31   47   29   21   19   13   10   27    6   29   19   11   14   50   62   40   31   77
   29   20   12   13   36    5   32   17   36   56   17   43    3   56   30   30   70   46   84   24
   27   17   21   17    5    9   17   24   13   12    6    0   33   16   19   27   13   43   28   50
   13   19   30   40   13   10   44   29   52   39   26   76   50  131  108   67  197  230  319  263
  173  114  100  102   59  175  351  432  369  321  409  279  280  390  246  316  153  314  321  283
  102  347  478  377  384  527  607  398  146  244  288  169  290  146   77  118  109   79   54  142
  156  173   95   76   77   74   94   50   54   73  110   84   94   72  140   62   19  136   52  199
  214   92   13   80   16   21   26   64   82   50   56   54   15   13    3    8   15    3    5    2
   14   10   61   89    5    3    1    0    0    4   12    0    1    0    2    7   10    3   19    0
   79   50   31    8   35   17   36   46   49   53   28   36   48   69   72   53   61   59   69  164
  144  133   67    2    0   23   46   75   31    4   11   22  120   59   36   58   86   83   94  159
  138   68  179  129  112  108  109  118   99   66   91   96  124   78   73  106  141  193  203  209
  149  124  179  142  147  115  195  253  160  200  132  208  123  130  146  123  250  183  154  207
  178  201   47  103  127  140  101  319  208  196  418  380  201  170  102  220  116  156  116  152
  223  235  202   87  213  153   73   53   35   96  135  135  180  256  100  155  142  170  199  208
  189   62   52   44   67   48   50   54  121  113   75   59   15   27   36   38   85   39   29   21
   47   76   22   72    8    9   11    1    0    5    0    1    2    2    3    4   32   38   21    9
   34   15   14   12   21    4   16   15   34   56   33   42   15   13   21   16   78   39   48   50
   64   52   13   15   16   34   33   48   46   50   37   14   56   48   95   45   62   60   36   81
   56   53  161  117  151   78  152  111  175   92   86  250   73  152   84   60  170  230  344  234
  213  115  190  135  191  124  253  104  145  104  143  239  259  102   90  102  171  130  103  132
  118  104   99   87  206  150  118  147  123   60  221   84  190   64   40   60   86   77   55   42
  118  223  260  228  262  109  325   77   76   97  102  121   58   65   44   21   44   23   53   91
  111   49   96   40   20   80   87  149   91  100   70   63   84   46   73   78   84   38   47   41
   35   62   30   41   25    9    1    2    1    1    8    5    3    0    0    8    9   15    0    9
    6    3    6   19    8   32   15   14   15   52   31   56   35   49   52   35   73   47   32   39
   71   45   67   37   43   39   61   31   13   59   57   25   53   10   53   28   46   59   40   50
   26   68   45   73   65  132   66   19   20  148   19  119   35   43   50   56  152  140  173  110
  145  176  140  266  154  139  168  169  252  143  234  200  227  257  181  388  227  175  190  147
  309  107  193  188  306  280  233  515  548  213  360  503  351  214   87   76  202  212  109  111
  269  187  254  183  165  235  153   66  120  139  276   65   80   47   25   15   34   58  121  119
   98  106   26   35   31   63   35   83   93   64   31   77   29   35   31   39   34   32    9   49
   83   68   46   37   19   25    8    6    0   15    4   19    0    0    1   12   13   24   41   69
   42   43   35   55   36   20   32   28    6   27   27   27   37    9   34   24   29   18    9   17
   40   38   21   36    3    7   17    8   11   10    3    0    9    0   17   22   11   17   50   88
   46  118   69   20   38   44   82   19  104   32   55  148   91  178  140   77  168  214  231  161
  259   96  200   92  149  124  309  243  308  178  272  497  246  286  210  322  216  206  188  338
  147  168  182  408  406  424  323  268  217  101  437  201  360  292  302   76  148  110   91  136
  219  142  169  181   99   78   80   41   36   70  168   52   89   92   42   59  139   65   98  109
   72   72   33   18   20   48   54  101   86  142  113   41   15   34   15   36   33   53   20   12
  117   74   50   41   33    4    2    0    0   11   37    8    0    0    8   12   56   25   28   37
   62   19   23   36   52   22   29   59   73   60   82   94    8   28   54   95  148   89   73   97
  104   73    5    5   11   46   91   80   59   16    9   19   66   38   29   22   10   44   16   13
   16   41    8   29   33   73   22   35   38   42    4  101    1   96  138   55   92  119  203  142
   82   90  222  110   87   53  198  100  147  247  493  173  194  378  316  249  239  215  174  170
  161   56   85   62  172  149  116  216   94  154  280  272  225  265   44  278  169  177  121  181
  217  167  124  171   51   17   17   14   22   25   82  115   48   92    6   24   23   65   65  187
  130   96   19   48   32    2   18   41   30   30   33   69   23    3    8   13    7    5    4    6
   18   23   16   54    7   10    3    2    0    0    0    0    4    0    0   11   23   24   23   24
   60   18   19   15   32   40   59   45   18   69   37   46   57   41   93   98  136  107   34  121
  206  102    8    9   19   21   27   97   33   12    2    3   46   60   17   52   17    3   51   50
   34   19   43    7   77   45   50  188   32   12   24  120   83  156  101  199  173  390  517  244
  262   70  163  149  196  196  304  226  258  244  198  390  243  214  134  169  154  222  151   80
  241   70   98   87  134   65   71  105  119  198  140  104  161   86   92   39  180  160  101  201
  131  147  127  192  118  119  114   27   22  100  132  131   21   67   70  133  140   49   68   67
  138  109   80   43    2   22    9   21   31   53   29   21   37   13    8   12    7    5    2    0
   20   18    2   21    4    2    7    1    0    3    7    0    0    0   14   32   28   30   12   49
   26   28   27   29   45    5   45   22   39   22   40   35   59   37   57   48   61   49   41   55
   36   35   37   15    8   21   24   40   28   10    7    5    2   22   10    7   28   24   22    2
   18   13    0   35    0   14    6   46   52   18   33   66   39   86   63   22   33   63  119  106
  114  130  157  133  124   41  102  108  169  204  151  199  172  273  210  174  140  228  205  261
  215  172  187  310  246  271  228  255  129   78  407  204  210  127  179  104  153  157  160  121
  399  130  152  259  146   86  112   61   52   79  121  169   57   63   45   89  111   81  110  138
   90   96   95   43   34   31   43   67   86   85   92   38   46    8    6   14   39   14    6   17
   37   39   47   44    6    2    0    3    0    7   25    6    0    1    2   12   11   34   51   44
   37   45   51   26   31   42   55   59  133   71   50  105   37   28  111  123  118   35   32   39
  106   67   57   59   24   29   70   89   25   20    9   15   42   22   21   25   14   11   58   59
   63   94  145   85   59   22   68   25   46   74   69   57   49   63   47   92   74  168  207  164
   70   76  134  152  157   52   93  174  193  226  108  215  216  192  189  247  178  250  204  124
  165  234  133  193  248  264  197  320  491  252  199  159  245  204  142  171  151   91   55  302
  106  153  104  129  171   83  142   92   71   92  113   97   38   42   40  293  100   28   55   23
   63   74  232   35   19   17   28   42   27   37   46   18    2   21   18   26   24   13    1    4
   34   30   44   40   15    7    3    1    1   44    0    1   14    8    0    1   44   26   27   45
  103   34   25   36   70   36   37   24   47   44   39   73   40   39   61   49   93   73  126   52
   85   57   16   83   28   43   49   62   59   74   59   41   62   80   74   54  114  105   73  117
   55   91  130  146   10  118  134  149  234  168  269  218  233  113  150   65  156  134  188  208
  195  282  175  175  138  118  136  233  215  155  179  212  246  214  243  247  202  254  273  225
  188  175  186  157  292  395  465 1367  236  129  328  218  242  139  215   70  161  169   56  144
  176  160  229  371  188  109  141  130   72   54  114   75  103   29   51   72   74   74  105   52
   98   51   55   33   11  111   65   88  188  126  102  102   55  100   57  114  107   55   42   76
   82   88   46   45   30   33   21    0    5   13   15    0    1    0    3   20   84   72   44  126
   27    9   16   19    8    3   21   22   18   15   38   33   14   49   31   73   52   10   26   26
   61   11   12    2    8   28   47   88   11   30   15   15   32   48   41   44   22   11   22  112
   65   90  161   56   73  116   65   37   67   30  172   96   56   84   95   90  157  174  270  253
  198  154  221  162  291  135  206  228  338  223  308  382  327  379  312  322  203  224  269  291
  319  286  199  227  204  215  151  286  180  199  259  258  138  110  135  145  175  114   88  174
  180  189  114  146  144  101   82   46   70  146  153  208  122  115   92   67   90  208  153   77
   87  185   79   58   63  118   72   55   93  118   98   12   26   20   28   30   85   75   28   14
   25   54   26  107   22   24   14    0    1    3    3    0    0    0    8   16    9   25   51   21
   28   28   11   14   29    3   55   73   79   63   50   74    9   19   45   64   74   26   49   72
   34   34   15   40   50   31   39   64   79   50   10    2   42   53   23   33   16    8   22   60
   27   40   51   23   68   46   28   50   71   21   44   55  111   90   51  143   83  243  165  192
  171  127  135  100  101   80  198  119  107   36  110  210  113  110   96  119  147  198  139  211
  123   11   70   22   77  152  146  318  536  576  385  448  156  155  109  124   93  174   83  151
  173  167  114  138   96   45   24    5   20   40   67  127   42   45    9   32  156  189  158  102
  172   87   91   52   40   38   28   72   50   89   75   15    6    6    8   11   17    6    0    0
   27   16   19   18    2    7    7    0    2    1    1    7    0    0    2   31   42    6   24   26
   70   68   19   28   30   24   25   77   54   56   15   87    7   16   49   72   67   16   17   15
   63   10   50   23    8    8   20   33   22    5    9    3    5    7    8   15    1    1    4    5
    1   17   19    2   46   14    1    5    5    1   13   36   17   15    6   40   97   65  156   92
  103   61   94   51   87  100  112  141  179  173  402  156   78  269  248  178  158  181  112  151
  217  206  247  246  194  277  360  311  170  186  199  295  176  381  339  155  160  129  102  172
  140  126  115   87  144   73   40   18   31   65   86  101  113  194  148  260  220  175  213  175
  385  103   56   37   55   10   20   49   59   78   37   12    5    1    3   17    9   11    8    4
   36   44   11   79   19    2    4    3    0    1    4    4    0    2    0   23   24   25   30    6
   55   19   11   16   21   19   24   25   34   49   11   40    4    8   12   12   26   82    4   13
   27   10   12   12    7    5    1    3    3   71   83   28   12    4   41   37   70   72   78   62
   93  138  124  118   82  102  123  178  163  107  120  200  147  154  135  238  154  168  262  302
  166  191  300  228  382  115  207  123  270  196  119  220  268  258  156  214  270  265  171  300
  283  156   50   44  262  201  227  147  284  207  664  206  203  182  137  258  209  266  140  214
  339  311  215  309  210  183  182   70   89   76  148  126  157  200  107  188  186  127  196   95
  290   68  129   37   43   84   75  107   94  120  146   63   37   48   39   45   92  126   46   77
   62  162   36   63   48   36   14    3    2    4   21    0    1    2    0   11   23   20   55   20
   22    9    1   10   14    5   28   11   12    4   19   22    1   24   42    9   19   26   25   24
   83   18   23   45   39   80   34   80   73   57   40   23   31   58  104   30   68   24   50   65
   34   35  126   37   16   47   93   34   22   34   66   95   19   33   67   30   89  140  240  122
   98  123  335  144  264  104  216  129  271  137  235  281  366  370  292  136  290  240  151  296
  203  185  324  228  311  177  211   89  200  150  463  187  133  194   85  184  139  209   54  227
  212  225  201  195  209  208   63  148  106   59  112   89  105   69   66  113   85   86   94  156
   34   75   28   20   32   50   58  101   87   95   72   47    8   27   59   41   43   51   17   25
   88   95   29   71   30    5    7   12    1    3   11   21   24   24   10    9   24   23   33   59
   71   53   46   53   90   30   26  122   85  124   55  106    2    7   51   82   94   23   33   16
  113   43    7   14   30   24   31   35   32   58   33    0   40   44   18   48   28   65   56   72
   56  147   87   67   81   66   62   74   66   79   58  112   74   33  106  110  232  219  348  258
  171  101  335  133  264  237  277  189  330  150  304  277  265  202  222  148  290  240  151  296
  203  153  162  121  287  178  240  853   95  216  304  204  338   70   62   93  189  285   80  119
  209  254  152  332  200   99  107  245  181  211  135  161   74   96  102  183  161  111  233  149
  223   87  130   35   57   30   58   51   43   86   63   81   25   58   66   17   43   50   37   25
   69   66   65   48   10    5    7   12    1   11   42   14    2    2    1   14   16   28   33   43
   44   62   60   61   83   89   53   45   35   60   18   71   54   29   39  129  188  114   93  168
  171  140   38   15   23   28   25   82   40   15   23    4   68   37   40   34   42   54   35   53
   56   62  100   46   49   25   18   57  128   57   51  132   35   59   87   76  100   75  181  211
  177   39  196   77  269  121  286  343  336  353  619  348  363  573  564  382  417  304  235  238
  145  130  193  217  421  293  264  236  160  159  436  282  279  148  174  268  277  178   86  115
  294  194  148  326  182   70  135   58   75  172  192   93   41   21   17    2    5   26   26   22
  137   68    8   24   30   43   58   88  115   85   50   33   37   54   28   70   61   57   16   14
   62   81   50   41   19   23   12   32    1   41   23   20   17    9    1   37   48   12   41   25
    5    2    5   13    5    4    8   34   17   19    8   49    3    5   24   30  100   32   16   43
   67   30   10   16   10   61   64   25   55   27   34   14   50   63   59   77   79   62   62   65
   44  193   25   32   25   54   18   57  128   66  106   82   88   91   95  108  177  105  491  206
  184  198  111   97  212  170  253  272  523  295  338  450  186  297  184  315  144  183  307  115
  161  512  298  592  286  431  428  778  155  156  271  279  318  120  134  174  132  174  102  131
  169   92  216  204  150  173   78   67   78   63  102  112  115  158  159  115  173  111  214   38
  260   80   56   92   69   43   92   59   62  140  137  103   39   33   30   63   59   27   23   23
   49   37   13   52   27   19   10   15    0    1    2    1    7   25    3   21   17   16   49   51
   66   49   24   47   70   36  126   55  102   81   78   58   30   18   57   60   71   58   69   49
  102   56   19   35   10   28   29   72   31   24    9    9   49   42   56   51   41   55   41   76
   28   56   50   41   43   57   29   97  151   25   74  142  146   38   57   31   33  190   97  108
  205  158  190  105  112   35  119  104  160   65   83  128   93   66   36  135   56   75  104   71
  195  155  138  109  152  172  229  257  227  163  154  197  148  129  170   81   47   64   92   82
  122  165  212  148   93   93   61   88   85   64   88   84  152  140  175  220  175   65  189  138
  122   45  168   32    7   30   51   61   68  116   43   38   57   16   44   33   29   18    7   33
   40   59   53   72   17   19    4    8    2    7    2    1    3    1    7   22   38   59   53  108
   40   66   17   22   63   65   55   61  104  126   71  131   91   25   62  116  108   79   37   42
   65   82   21   13    4    7   26   42   16    8    1    1   64   21   32  109   31   42  130   77
   99   62  116   39  107  122   98   93  109   59   90   85   93   81   73   85  118  129  161   78
  344   59   84   65  190   96  153  174  168  266  177  163  104  167  194  180   85  221  151  125
  125  127  188  199  151  240  214  433  230  193  395  377  195  122   85  170   99  157  113  391
  191  244  264  119   69  147  127   68   70  128  115  182  127  136  106  138  128   95   91   93
  137  105   24   45   64   22   22   50   64   62   82   51   18   42   15   11   14   28    0    0
   48   53   11   71    6    0    0    0    6    0    9    5    0    0    0    1    5   23   16   16
   31    4    2    5   11    3   15   15    2   11   28   19   24   15   29   19   34   44   24   46
   56  106    5    7   28   34   22   42   33   32   35    8   15    4   47   55  197   81   83   60
   21  153  109   57   91   87  131   74   82   83  110  144   90   56  119   59   77  135  141  129
  132  213  162  150  127   63  136  107  165   71  157  176   75  143  272  133  146  119  242  105
  163   61   57    7  190  169  228  438  187  245  370  121  217  150  111  198  172   91   50   89
  130  277  207  172   98   74   40   57   36   51   79   82   61   77   46   91   83   52   69  105
  224   36   23   29    1  116   70   92  105  127  154  117   56  100   30   52   49   14   18   27
   66   63   37   56   16   15    4    1    0    2   21    1    1    1    0   12   16   31   42   71
   44   52   57   32   47   83   92   94  112   75  116   57  107   78  162   46  102  120   90   96
  107   81   52   91   33   54   89   50   68   75   64   34   30   21   19    9   32   19   67  106
   46   37   64   45   94   45   40   32   63   22  116   81   53   56   92   61   65  106  220  220
  139  109  249  135  278  138  284  434  473  174  343  461  501  310  338  273  311  171  172  126
  177  231  177  196  593  330  312  677  200  137  235  117  222  168   13  235  181   95   88  132
  125  166  134  260  122   93   68  128   66   54  141  119   80   64   43   49   58   44   33  119
   94   64   81   69    9   44   44   61   88  100   88   46   27   31   39   68   51   48   25   31
   99  126   28   80   21   40   14    5    0    3   35   24   10    2    8   26   43   27   22   26
   89   54   29   46   83   80   74   36   31   59   80   44   68   39   61   79   81   40   26   30
   71   42   31   24   18   26   20   23   33    5    8    1   22   46   36   57   25   43   27   36
   56   56   27   65   68   78   89   49  122   36   27   46   57   41   48   45   71   89  125  135
   77   84  111  101  102   47   54   77  148  251  281  107   42  261   88  248   63  119  198  131
  108  165  336  122  484  393   84  292  172  126  277  194  213   56  188  105   71   59   33   45
  201  108  114  132  100  238  109  122  192   38  127  115   90   55  107   44   77   29  108   71
   78   62   45   46   37   78   64   70  169  101   73  109   31   41   29   59   33   28   32   24
   50   50   33   80   27    7    2    4    0   24    8    4   12    5    1   16   39   31   56   44
   43   47   20   61   25   26   42  122   43   18   29   23   32   24   34   39   31   60   31   35
   32    0   14   38   18   19   23   34   48   43   41   32   31    7   19    1   14    5   33    2
    0   13    4   11    1   21    5   19   30   12   34   83   27   62  110  132  169  202  205  222
  238  128  205  175  226  225  244  189  223  265  217  320  403  289  233  165  420  100  185  153
  202  204  312  151  235  462  384  145  378  323  197  266  111  160  223  219  171  251   71  161
  242  210  208  224  230  176  146  176  119  130  235   84   49   26   16   28   88  147   87   71
  159   65    6   39   22   58  110  156  157  131   44   25   11   36   40   54   47   56   19   10
   76   48   60   53    9   14    3    5    0    0   16    6    1    5    6    7   10   17   12   26
   85   57   59  104   94   21   54   55   53   54   74   44   45   24   37   56   56   19    8    2
   53   61   18    9    1    8    5    8   10    8   16   11   24    4   18   37   54   59   88  148
   95   69  182  128  120  122  157   97   91  113  120  162  101  110  138  118  118  270  211  259
  154  258  157  308  172   74  167  204  232  244  287  309  190  210  250  255  316  148  194  207
  222  282  291  411  396  545  324  489  188  248  300  160  294  139  114   90  120  224  214  117
  259  240  297  192  127  200   97   94   99   76  188  102   96   99   95   61   58  113   96  149
   95   59   65   44   31  202  103  130  193  104  170   88   13   82   24   45   68   52   28   38
   68   61   53   68    6   13    1    0    0    4   18   22    2    6    2   19   51   23   18   27
   70   58   22   63   87   55   98  101  142  103   91  121   76   61   79   94   98   92   89   63
  110   73   91   45   18   49   69   59   45   45   31   11   33   46   28   52   23   33   23   87
   38   39   49   60   73   70   57   68   82   57   67   70   62   26   61   61  160  165  307  230
   77   56  248   74  201  144  315  305  307  304  331  304  306  431  293  305  226  261  166  199
  234  284  330  377  452  499  415  288  114  247  259  230  327   51   64   77  228  224   71   59
  129  143   86  308  120   57   88   34   52   73  113   61   59   13    2    5   29   79   31   48
   56   47   64   29    9   36   14   44   68   90   77   21   45   71   28   56   27   20    7    1
   26   32   29   61   16    5    1   17    4    0    2    0    0    0    3   15   24   17   18   32
   90   60   29   73   37   67   55   67   62   63   80   95   54   66  105   79   51  106   31   67
   69   41   24   41    8   33   16   27   32   15    5    1   35   48   56   48   87   65   41   32
   21   59   44   57   50  101   75  106   81   82  140  124  183   96  110  100  115  200  324  159
  165  158  309  160  205  117  389  174  361  265  412  384  232  696  294  318  247  104  254  162
  198  216  394  274  910  715  602  443   50  210  591  312  253   99   73  184  174  290  135  172
  322  152  145  125   99   84   85   64   51   64  102   97   79   44   14   11    2   37   33  111
   71   97    6   88    9   30   62   74   90  126  117   84   37   33   24   42   35   30   26    6
   21   36   26   63   18   17   13    4    4   14    1    4    4    0    3    5   31   21   11   23
   61   30   31   49   54   37   56  114  107  109  106   89   30   67  204   74  125  175   82  145
  226   82   12   15   13   33   52   82   48   34    4   12   24   52   16   25   25   28   60   57
   86   49   56   32   61  113   84  111  115   57   68  151  130  119  125  142  251  313  417  214
   70  123  165  147  208  190  349  198  475   90  186  411  263  428  343  168  211  221  198  146
  198  210  194  132  332  195  205  353  230  145  362  289  209  203  151  135  185  164  192  141
  246  197  185  244  120  150  142  107   89   95  155   78  122  129   80  114  107   89   82   84
  135   43  109   21   74   49   66   85   99   96   60   43   23   52   35   43   51   62   31   26
   59   75   48   46   23   13   14   19    0   13    5    2    0    2    1    9   47   98   36   46
   64   14    9   36   30   17   28   46   54  119   51   90   10   37   51   84   83   37   32   34
   29   24   29    4   16   41   19   29   45   29   12    3   31   17   25   11   56   69   12   35
   38   63   29   47   42   34   24   70   95   54   44   76   38   83  123   51   87  132  164  183
   85  154  170  108  165  103  137   63  109   61  133  125   68  100   94  161  153  131  166  124
  133   95  197  103  227  306  245  223  196  289  234  293  212  300   88  120   69  107   43   88
  148  204  166  148  141  169   43   73   33   70  114  161   67   72   60   64   84   40   29   81
  121   79   44   37   16   61   52   80   93   60   63   80   14   39   32   58   78   35    3    5
   74   39   28   41   20   17    2    4    0    7    0    8    0    0    6   18   25   52   22   38
