    8    1    5    7    2   12    7   12    7    6   16   16    3   10   10   12   17   18    7    7
   10    5    3    6    7   10    0    2    4    7   10    3    1    0    1    0   11    0   22   18
   15    0   10   16   14   21    7   50   46    1   33   21   51   36   81   85  111  102  154  141
   57   48  131   57  122  101  234  232  638  137  214  185  247  180  165  193  157  208  172  152
   51   84  124   56  218  146  211   90   35   39  156   70  170   82   69   16   32   10   16   11
   60   56   42   75   52   38   14   20   23   35   46   28    3   13   15   53   31   24   19    5
   19   10   37    7    6    9    2   14   22   33   42   15    1   16    6   16    4    3    4    3
    5    5    6    7    4    0    0    1    2    0    0    1    0    0    0    9   55   14   29    8
    8   23    8    7    2   18    7   12    5    4   10   19    6    4   15   12   24   22    7   13
   23    3    3    6    7   10    8   11   11    6    4    3   16    5   26   13   11   42    6   13
   29   23   32   16   32   57   68   95   46   58   33  106   51  134   81   98  136  200  154  185
  170   48  131   95  131  101  240  210  253  168  221  185  298  180  191  203  176  241  140  170
   92   87  124  145  144  146  116   90  126   28  187  160  101  148   69   74   46   20   18   13
   60   58   17   88   14    9   12   20   16   27   34    9    3   13    9   26   42   20   19   13
   19    8   37    7    0   42   26   18   31   33   42   15   28   16    6   39   34   13    4    3
    5   20    6    7    3    1    0    0    0    1    5    0    0    0    0    9   18   14   11   11
    8   10    3    7    6    4   19   17   15    6    3    8    5    1    7   14   18   12    3    8
   51   20    7    1   23   10    5    6    4    5    1    3    4   14    1    9   11   10   37   44
   22   11   52   16   53   44   42   48   25   52   20   17   55   71   53   90  153  152  183  143
  118   15  124   48  132  126  174  121  189  187  228  160  266  180  270  192  185  232  157  276
  175   88  141  112  193  170  128  118  123   89  197   71  202   87  120   30  118   52   39   74
   88   71   48  124   54   47   36   20   10   52   59   27   18    6   13   27   68   18   20   27
   19   19   37   15    2   33   16   30   35   30   20   15    2   16    8   13    8    9    2    5
    5   10    3    4    1    0    1    0    1    6   18    2    0    0    0    9   18   20   28   62
    2    5   14    7   12   21    8   32   23   10   22    8   12   23   14    6   24   25    4   27
   19    6    6   14    6    1    2    4    8    0    0    0    5    3    4    1    2    4    2    2
    6    5    3    0    3   14    4   28   31    1   16   38   37   39   22   44   52   31   65   48
   25   29   73   28   58   83  109   67  122   87   80   99   86  114   61   58  100   54   92   68
   69   20   61   55   44   51   58   79   86   95   56   37   30   34   24   28   38   31   25   29
   19   38   37   60   45   31   49   12   12   76   70   27    1    3   24   26   12   13   30   35
   44   39   22   11    1   13    6   17   34   32   35    1    2    2    0    5   16   11   14    2
    6   13    4    0    3   11    2    1    0    3   12    0    0    0    0   13   20    8   32   10
    8    7    8    7   18    1    5   13    9    5   12   12    1    4    5   15   26    6    3   12
   18    6    4   14   23   14    5   12   11   40   12   15    9    4    4    7    9   14    7    1
    3    5    7   13   11   46   22   80   94   51   49  103   88  119  134  132  180  171  187  254
  159   79  202  116  158  124  270   89  128   81  167  248  193  196  169  175  216  187  173  126
  114   24   34    4  103   44   22   90   16   19  104   83  123   89   44   45  103   84   19   32
   96  123   58   87   69   21   41   28   31   46   32   23   10    7   13   33  105   15   20   41
   25   28  108    9    0    9   11   22   23   25   58   16   11   18   16   11   13    3    1    4
    2   12   18    5    1    3    4    0    0    0   24    0    0    0    0   21   15   16   31   23
    6    6    5    7    5    1    5   19   24   22   36   19    8    5   12   29   28    8    2    5
   43   27    5   27   14   20    4   12   12   15    9    2   11    7   33   15   25   42   62   58
   54   21   54   31   50   97   71  130  106   40   39  102  100  139  127  111  240  272  262  203
  187   99  235   69  144  132  210  149  272  139  153  269  234  230  229  178  166  234  242  231
   88   49   78   92  155   96   26   14    6   12  197  129   59   56   64   35   29   26   12   39
  104   88   40   44   23   25   23   15   24   23   73   44   18   10   22   64   72   19   18   12
    5   21   69   11    0   15   23   27   13   44   44   38   32   46   17   23   21    8   11   24
    0    4    7   12    3    2    0    0    1    0    0    0    0    0    2    4   20   11   38   12
    2    8    7    6   10    6    8   24   10   15   15   14    3   13    5    5   26   17   19   22
   20   12    5    6    7    8    5   15    5    0    1    0    7    5    6   14    2    7    6   14
    7   30    2    3    4   23    8   23   14   17   13   35   36   35   35   77  102   63  153  169
   62   21  134   51  115  123  135  113  135  118  163  183  149  248  140  177  110  125  194  135
   61   85  174  112  186  223  191  201   88   99  111  129  152   67  196   28   51   38   33   28
   64   58   32   54   52   22   53   20   24   74   62   55    9   19    2   22   14   14   10   54
   39    7   23    7    1   27   20   17   24   18   36    8    6    5    1    8    7    5    0    0
    2    2    7   15    0    1    0    0    0    0    0    0    0    0    2    3   14   11   38    8
    7   10   12   24   14   15    7   13   13   12    5   10    2    4   11    9   17    2    1    3
   13    2    2    1    0    3    1    1    3    0    0    0    7    3   10   21   17   32   10   23
   27   15   22   37   22   27   29   31   24   38   36   32   34   39   32   60   95   89  130  142
  100   40   87   46   70   76  222  132  313  169  231  245  155  165  147   74   92  108   75   67
   96   57  143  132   89   96   79   95   77   36   48   61   67   23   17   10   39   11   12    5
    9   42   10   53   24   14   29    8   16   34   31    6    0   19   13    6    2    6   15    1
    2   11    3    1    1   20   16    8   21   19   18   29   15   29    3   21   23    4    0    0
    2    2    7    3    3    2    4    0    1    0    0    0    0    0    0   12   29   26   61   36
   11    1    2    3    1    6    1   16    8    2   11    4    7    8   13    7   22   27   19   24
   36   14   10    6   10   12   16   16   28   27   15   11   20    7    7   17   12   23   23   63
   40   15   58   43   50   58   70   60   85   40   75   91   67   61  130   60   70   57   97   70
   88   82  104   97   94   57  113  108  106   75  106   98  112  128  126  163  115  121  177  135
  119   51  107   66  175  184  139  102   50   58  117  146  149  129  106   69   42   24   22   60
   94  101   87   97   37   63   20   16   29   42   61    8    3   15   15   38   80   14   87   63
   26    7   16    1    6   18   17   14   65   45   67   24   14   22   31   21   16   11    4    8
    8    9   12    5    1    5    2    3    0    0    0    0    0    1    4    8   25   12   51   43
    4   18    9   14    9   19   17   14   11   11   12   14    5    7   21   20   19   10    0   14
   29   21    6    7    7    7    7    8    9   21   10   10    6    3    1    5    2    5   28   28
   18    4   33   16   57  122   51   99   91   80   70  156  101  120  144  124  193  180  244  163
  218  125  123  107  148  181  206  233  185  155  237  252  190  197  233  229  158  208  266  242
   75  147  291  103  236  226   68  106   52   38  211  132  156  118  129   56   45   21   18   14
   90  105   64   53   24   28   15   35   28   19   29   18    0    0    4    4   16    4    4   56
   12    2    9    0    0   34   12   13   36   28   81   13   10   16   16   17   17    5    5   24
    2    7    4    7    1    0    0    0    0    0    0    0    0    0    0   23   13   13   27   22
    8   11    3    9   14    0    4   11   13   10   20    9    4    9   18    5   18    9    4    7
    2    8    3    0    1   20    1    8   32   15    5    3   20    1   44    7   15   17    8   12
   14    7   31   25   39   45   21   58   60   26   36  117   74   73   78   70  109  125  230  269
  161  101  223  118  217   98  186  140  210  189  246  173  175  237  178  200  223  139  182  201
   72  130  145   82  189  180   76  108  110  104  115   93   64   43   44   38   72   40   31   48
   39  160   64  128   47   35   33   39   44   81   74   47   25   10   23   55   44   25    8   37
   15   32   89   11    7   37   11   28   29   45   52    7    7    8    7   15   19   22    1    0
   12   34    5    4   12   16    9    0    3   16    0    0    0    0    7    0    4   19   27   14
    9    5   12   11    3    8    6    7    9    2    3    5    0    0    1    6    3    1    2    1
   14    2    0    5    7    9    2    4    1    0    0    0    2    2    0    1    2    0    4    2
    0    0    0    0    3    4    2    9    1    0    0    8   13   25   19   13   32   26  101   82
   17   10   75   26   85   34  134  139  197   75  137  207  148  163  155   52  172  120   94   77
   77   56  110   35   73   82   73   31   15   19   85   44   34   17   13   41   57   17   22   22
   25  111   56   74   47   25   11    4    3   14   21   48    1    8    1   15   13    7   14   14
    0   12   32    9    1    0    0    0    5    7    9    0    0    0    0    0    0    0    0    2
    1    3    0    0    7    0    4    2    0    0    0    0    0    0    0    7   10    2    7    4
    7    2    1    4   12    0    0    1    3    2    0    3    0    0    0    4   10    1    0    0
   12    7    0    0    0    4    8    7   10   16   11    9   12    5   18   13   39   31   24   21
   23   17   34   31   48   71   58   83   80   36   48  109   79   84   94   47   58   93   49   67
   81   57  120   81  112   39   71   56  105   47  106   71   51  142  117  111   84  109  164  112
   48   29   69   22  116   39   38   14  113   53  208  165   82   60   23   43    6   33   13   30
   33   71   30   16   19   21   32   18   13   33   15   22   13    6   10   40   26    6   16   47
   16   14    9    7    2   32    7   12   39   18   80   24    5   15    8    6    4    3    0    4
    5    8    5    5    3    6    3    1    0    0    2    0    0    0    1    1   16   12   27   24
   10    2    5   12    7    1    8   10   10   10   10    7    1    6   10    3   27   34   14   32
   32   16    2    5   14   63    5   10   12   13    4    2   11   11   22   15   12   11   21    6
   12   12   12   21   20   26   20   54   42   21   25   61   50   75   68   37   47   65   87   80
   95   66  116   58  123   53   77   57   89   56  114  115   98  136  111  138  133  122  172  116
  110   36   72   43  104   83  121   61   40   30  167   84  104   51   27   23   33   18   20   19
   66   56   32   98   48   48    8   16   15   13   61   36    4    8    5    9   16   24    6   17
   35   14   39   10    0   27   16   11   26   50   42   15   22   14    7   45   30    9   10    5
   10   19    2    0   10    1    4    0   26    6    0    0    3    1    6   14   26   34   44   45
   10    4    6    8    4    3    4    3    7   10    5   11    0    0    5    3   24    2    0    0
    5    1    0    3    5    0    1    0    0    2    7    3    0    2    9   11    6    3    7    6
    3    5    9    5   10    9    6   10   35    4   57   67   14   39   77   40  100   59  135  118
   41   27  101   14   74   72  149   78  101  111  117  122   95  200  183  129  122  169  150  132
  131   32   75   18  120   63   56   28   20   87  112  107  151   90   64   20   45   64   50   29
   92   28   41   46   29   36   25   29   29   76   57   14    5    8    3   46   36    3    8    5
    2   14   27    0    0   37   11   12   22   17   19   16    8   13    2   10   20    1    6   16
    0    3    6    4    0    0    1    0    0    0    0    0    0    0    0    1    3    0   12    5
    9    4    3    2    3    1    3    8   12    2   12   20    4    8   15   12   25   14    1   16
   25   29    1    1    0    5    1    1   11    6    4    5   18   20   24   16   23   25   33   50
   41   25   61   43   78  127  102  210  122   38   31   71   73  117  100  123  101  101  214  101
   48   32   56   28   26   83  195  122  140   88  147  180  155  143   84  172   53   75   84   67
   41   75  112   75  166  144  131  152   71   49   95   50  101   14   56    5   17    5    9   10
   19   36   22   36   13    5    2   14   26   15   35    7    0    1    1   10   32    1    5    0
   12    2   19    1    0   37   13   16   26   13   12   29   14   13   19   12   13    0    0    5
    0    6    0   13    3    1    4    0    0    4    1    5    0    3    0   15   32   23   65   27
    5    4    8    5    3    4    9    6    6    4   13    2    3    0   12    7   23   18    1   22
   54   27    0    2    7   11    4    5   15    9    7    4    9    4    5    3    6   24   31   22
   34   13   34   64   38   85   35   54   51   63   69   84   55   88   70  111  144  162  185  175
  141   69  147   83  184  131  213  165  189  107  104  251  184  136  143  158  172  186  208  152
   84   54  108   36  146   82   15   11   11   12  179   62   29   35   24   13   33   23   12   17
   62   89  120  108   72   61   30    9   14   48   77   26   23    7   14   46   72   14   47   43
   62   19   35   14    7   53   34   55   86   92   95   32   12   43   10   38   40   20    6   10
   11   37    3    4   13    1    4    2    0    3    0    0    1    0    0    2   12    4    0    8
    9    2    1    7    5    5    5   24   36   15   35   16    4    1   13   18   30   21    2   17
   28   21    0   10    1    8    2   15    4    3    8    0    1    2    0    2    0    1   39   29
   13    1   17    9   23   23   25   35   30    2   30   57   27   50   48   61   64  151  119  117
  123   60  133   56  188   90  178   97  159  121  130  184  198  244  209  107  270  148  181  142
  171  137  202  140  191  165  158  140   97   54  109   56   73   22   66   28   27   24   15   31
   43  119   89  147   65   62   37   27   55   31  137   46    4    3    3   31   38    5   10   23
    4   21   11    2    5   18   18   16   58   61   60   15    0    6   20    6   27    9    3   17
   17   11    9   21    4    2    1    2    0    0   13    0    0    0    0   36   64   10   10   25
   16    2    0   10    9    0    5    1    1    0    0    1    1    2    1    4   17    9    4   14
   11   16    1    7    1    8    2   11    8   17    3    0   17   17   12    8   11    6   27   18
   12   10   21    6   19   21    8   19   22    7   22   44   37   62   55   90  130  118  136  105
  108   49  144   54   70  115  198  154  169  128  242  151  135  141  127  211  131  107  137  137
   90  117  179  124  176  155   78  213  100   70   77   43  126   29  115    7   66   29   25   11
   21   47   46   40   39   39    9   24    7   10   36   26   31   13    4    6   12    3   17    5
    3    7   19    0    4   20   13   14   32   22   24   16    7    9    6   20    8    4    0    0
    3   10   11    4   22   14   12    6    0    0    1    0    1    2    2   10   43   23   46   20
    3    0    1    4    2    0    1    2    2    2   10    4    0    4    3    0    2    7    1    2
    5   19    2    3    4    1    2    2    4    1    0    1   13    5    8    3    1    5    5    1
    1    1    2    4    2    8    6   29   25   10   18   42   33   67   71  140  217  124  195  219
   90   49  163   52  114  202  277  246  275  191  302  326  235  236  179  216  209  208  150  208
  112  139  140  103  171   95   57   52   34   37  144   88   72   66   69   19   39   93   38   49
  144   55   55   46   51   51   40   32   16   62   61   23    6   17   22   84   59   37   12   27
   24   16   97   13    0   13   21   19   45   30   31   14    3   15    2    3   15    6    1    0
    0   13    6   17    0    1    2    2    1    8    9   13    0    0    0    2    5   19    1   15
    7    9    7   14    8    4    4    7    6    5    4    3    0    0    0    2   21   15    6   13
   41   68    8    8   13   10   13   22   22   17    7    3   24   31   12   18   14    3   47   39
   50   13   43   22   36   33   40   47   43   13   16   41   36   41   41   31   94  122  122  112
   82   17  101   21   77   47  116   36   53   45   44  100  113   64   57   40   67   61   56   52
   70   11   44    8   27   11    5    2    5   25   33   43   12   35   17   10   63   61   15   26
   17   36   34   64   38   14    5    9    6   31   32   20    8    4    0    3   19   19   22    7
   18    2   16    7    0    6    6    3   10   40   21    9    9   11    7    7    9   10    2    2
    9   13    8    8    1    4    0    1    3    1    0    0    0    0    2   31   30   10   15   18
   11    2    3    8    5   11    3    4    6    6    7    1    0    4    2    1   20    8    2    6
    8    2    6    7    2    6    7    0    1   16   11    0    0    0    2    3    1    5    7   33
   18    2   38   22   56  108   50  120  123   35   72  157  111  156  151   55   60  140  115  125
  140  123  120  113   88   60  112   45   59   23   51  107  104   68   51   48   85   50   51   89
  122    9    2    6   27    4   14   17   16   31  111   54   57   50   86   31   17   43    8   16
  145  127   90   54   33   22    7   29   20   31   43   14   21    8    3    8   23   18    1   38
   17    8   32    4    1   30   29   18   69   77   86   11    5   17    3   16   27   14   16    1
    7   11    2    6    3    3    2    0    0    4    0    0    0    0    0   14   36   17   20   20
   10    3    7    4    9    1    9   10   12   11    9   12    3   14   33    7   27   29    1   16
   33    5    6   14    3    4    2    5    5   18   12    4    9    2    3    2    1    4    1    7
    6    3    9   10   14   33   21   56   46   16   28   40   53   77   72   84  127   93  169  112
  103   39  124   34  107   94  250   94  172   74   83  195  103  169  122  111  171   68  100   93
   47   91   38   38   87   56   37    9    3   24  199   80   48   35    8   86   58   22   16   75
   22   35   19   69   40   13   35   10   15   65   42    1    7    4    7   18   13   55   31   90
  102    4   37    0    0   12   15   27   29   43   52    5    2   10   10    9   19    8    0    6
    2    8    3   10    0    0    0    0    0    2    8    0    0    0    0    3    8    5   14    3
    3    7    7    4    0    3   13   12   18    6   14    3    5    2    3   11    6    3    1    4
   19   11    2    2    1    5    8   17   13    1    0    0    1    3    0    2    3   14    4   29
   22   10   58   37   35   36   45   56   50   41   29   57   59   46   77   57   65   44   77   72
   51   34   55   52   69   62  148   62   74   57   66   70   69   80   67   67   45   43   60   43
   19   21   44   21   49   53   46   79   40  132   57   64   70   46   57   17   32   26   34   20
   23   73   58   71   51   48   24   23   27   27   61   37   17   22   37   73   69   25   31   37
   52   32   62   17    1   38   18   13   38   45   58   18    2   29    0   14   25   18    1    1
   10   19    6    4   13   10   11   11    0    2    1    1    8    4    0    4   18    9   16   28
   18    2    1    1    3    5    5   10    7    7    8    8    2    0    4    4   17    5    0    1
   13    8    8    2    3   10    2    0    8    6    1    1    2    2    6    0    2    1   16    9
    5    7   24   15   25   29   25   20   31    3   11   35   38   29   32   57   80   89  106  104
   69   59  131   48  114   94  167  130  179  190  323  227  170  290  216  260  158  190  221  195
   54  101  182   61  266  126  172  120   71  142  184  101  118   48   57   12   21   44   16    5
   44   42   15   75   23   11   26   14   26   22   72   24    0    1    9    5   14    3    9    5
    3   21   23    5    0    9   12   12   11    5   13    8    6   10   10   17   21    1    2   12
    4    7    3    5    1    1    1    0    0    0    0    0    0    0    0    6   23    5   15    9
    6    2    4    1    0    6    3    6   11   10   10   17   11   20   22   10   21   14    3    4
    5    1   22    9    2   15    5    6    5    4    0    0    4    0    8   10    9    0    5    9
    1    3    4    8   11   20    3   17   18    9    6   13   29   28   39   89  154  141  201  182
   72   22  154   35  105  125  197  103  156  121  168  230  190  148  135  124  153  127  119   86
   63   75  134   52  100  132  105   48   18   24   78   50   56   23   36   12   29   36   27   30
   44   75   70   72   38   41    9   14   13   26   43   28    7   22   33   67   42   38   49   13
    2    6   81   12    0   13   20   19   18   10   10    4   15    2    2    2    5   13    1    0
    1    6    3   14    0    0    0    0    0    0   10    3    0    0    0    4    4    6    6    7
   20    2    4    7   11    9   13    7   11   10    8   15    0    8    5    3   14   21    7   10
    3    3    8    5    9   25   16   13    7    7    6    0    5    3    3    5    3    3    1    9
    3    5   22   10   24   46   38   51   69    6   55   86   95  118  145   93   51  137   95  137
  130   86  114  111  121   55   97   55   73   76   54   96   75   52   73   22   51   57   34   48
   89   32   30    8   26   44   23   13    3    8   34   46   11   29   13   30   76   44   20   18
   33  130   90  145   35   46   14   19   29   33   67   52   19    1    4    4   12   10    5   11
   16   19   50   10    8   24   14   14   48   66   36    5    1    4    3    4    2    5    0    0
    3    3    5   12    1    0    0    0    0    0    0    0    0    0    1    5   14    9   13    9
   12   14    9    7    6    3    7   10    4    7    7   13    2    8    4    6   13   15    9   11
   13    8    0    1    1    2    2    4   10    8    3    0    7    9    3   11    5   10   13   18
   15   14   27   36   29   33   20   39   33   22   17   54   44   53   54   59   40  110  123  124
   90   53  142   56  152   98  197  170  213  172  302  229  196  244  187  239  123  114  124  178
   26  176  247  170  203  180   71  190  206  105  175   60   86   50  146    7   24   15   16   20
   55   80   36   32   37   23   14   37   24   23   39   18    0    1    8   22    6    3    2   39
    3   27   27    1    1   29   42   37   48   42   34   11    9   11   31   19   19   21   17   14
    8   27    8    6    9   10   15    3    0   10   29    0    0    0    0    2   12   14   20   21
    2    7    5    5    5    3   12   10    5    8    9   12   17    3    7   21   14    4    0    3
   21    7    0    2    3    6    0    7   16    8    8    8   11   10   25   22   29   60   39   33
   42   34   44   44   47   48   61   47   36   48   29   44   30   65   54   61  117  135  233  137
   84   32  100   21   61  108  189  148  241  272  313  206  180  314  217  259  149  153  197  149
   67  158  204   97  222  175   94   96   30   35  140   32   90   37   37    3   46   34   20   19
   28   26   25   30   26   27   24   21   19   32   53   53    0    0   21   73   64   10   14    6
    2   14   47    1    1   68   10   12   20   23   16   29   33   37    9   24   16    6    2    3
    2   12    2    2    2    1    1    0    3    0    0    0    0    0    0    7   10    3   14   19
    3    0    1    4    1    0    6    3    3    2    3    3    2    5    4    3    7    3    2    9
    8    5    6    5    2    8    4    4   21   25   14    4   15   13   33   13   34   25    4   19
   12   17   27   24   31   50   41   70   79   25   44  108   87   97   97  147  239  233  353  232
  188  112  204   89  161  182  337  182  312  141  187  269  289  293  188  207  146  161  133  188
   75  136  113   43  214  114   35   18   16    5  155   78   26   24   10   37   34   18   14   29
   69   68   27   50   16   12   11   20   27   23   55   35   17   22   14   55   51    5    8    3
   24   13   54   11    4   16   18   21   27   21   52   25   30   18   25   15   12    8    7   10
    6    8    8   14    1    1    1    0    1    4    4    0    0    5    2    7   22   18   27   30
    1    8    4    5    2    6    6   19   18   19   18   32    7   40   32   16   28   70   29   23
   38   29   17    7    3    5   34   15   10   40   27    4    3   13    6   12    6   16   29   46
   16   12   12   17   17   14   23   23   18   22   41   35   33   60   53  127  186  209  243  198
  114   58  168   87  197  198  280  224  325  142  179  292  214  267  216  201  189  130  201  255
   43  134  177   89  186  193  157  131   80   30  209  205   88   78   33  120   76    9   25   27
   62   60   39   72   12   19    7   15   13   11   26   35   20    7   30   34   43   23   31   42
   25   29   51   14    1   25   17   28   51   76   82   15    7   13   16   25   18    9    0    1
   19   17    6    8    2    0    0    0    0    0    0    0    0    0    2   16   20    7   38   25
   11    7    9    9    4   10    8   11   12   26   11    7    6    8   28    8    4   15    1   12
    8    3    6    5    0    1    4    8    0    2    2    0    0    3    5    2    5    9    4   17
   10    5   11   14    8   27    7   30   25   39   40   66   46   63   66  103  132  163  240  128
  130  101  213   80  215  139  184  136  208  128  163  223  141  202  142  100  152  108  111   70
   35   87  117   31  120  101   45   43   27   22  112   56   53   56   18   24   15   25   22   18
   43   61   27   28   24   17   22    5    9   25   24    1    0    3    6   12   14    3   11   14
    5    1   34    1    5   37   27   20   14   15   60   22   15   25    3   31   29    5    2    5
    6   36   17   16    9    0    0    0    0    0    1    0    0    0    0   10   23    2   15   10
    7    3    2    4    8    1    5   17    2    0    0    1    0    0    2    4    6    8    6    9
   17   13    0    1    3    7    2   13    4    2    5    2    6   12    6   27   24   31   27   27
   26   46   45   38   38   41   48   27   50   28   32   47   41   46   42   50   68   70  109   67
   34   33   27   41   49   89  186  113  133  262  376  109  111  287  196  373   64  101  292  116
   54  440  506  409  390  511  257  397  126   27  116  119  220  102  142   22   56   37   54   63
   35   56   28   48   26   13   19   17   12   44   47   58   17   16   19   73  105   77   55   55
   33   19   31   17    8   38   24   16   35   24   36   13   10   23   10   20   23    8    7   12
    2   13   14   12    7    3    2    0    0    1   22    1    0    0    0    0    3   11    6    1
    5    1    6    9    3   16    5    8   12   18   22   19    3    1    6   16   16   20    4    8
   20   13    3    3    0    2    2    3    0    0    0    0    2    2    8    5    7    6    9    0
    2   14    4    3   10   15   14   20   13    7    9   21   17   39   21   58  144   43  131  106
   54   34   60   45   60  133  231  169  205   91  125  175  171  143  110   94  190  104  107   69
   65   63   91   29  105  124   75  111   92   72   59   44   44   23   57   10   26   17   20   21
   25   49   36   35   34   11   39    7    8   59   50   48    1    1    0    0    0    1    0    7
    0   15   25   20    0    3    5   15   22   18   22    7   10    7    4   10    5   15    0    0
    5    7    2   11    0    5    2    1    0    1    0    0    0    0    0   12   21   22   29   21
    2    2    7    8    1    1    5   12   20   18    7   14    4    3   14    9   18   11    6   18
   20   20    1    3    2    6    4   11    7    2    2    0    8    3   10    5    6    3   12   18
    3    3   16   10   25   60   27   77   58   16   26   54   77   86   67  141  188  166  237  181
   99   26  134   34  145  158  200  142  170  127  193  218  188  154  147  232  195  127  155  118
   70  114  128  130  168  178  111   76  103   38  106   78  162   69  133   57   43   34   29   37
   48   48   37   64   84   45   70   28   30   42  109  139   28    5   11   15   25   23   11   14
    0   65   75   19    1   11   19   11   18   19   39    9    1    9    1    8    8    4    3    0
    2    7    3    6    5    1    2    0    0    3   11    0    0    0    0    4   10   16   19   21
    8   13    5    6    5    6   11   11    9   14    7   23    5    4   22   13   27   24   10   14
   20    8    8    8    5    8   16   22   13    8   15    4   17   35   19   26   11   11   14   12
    9   13    9   17   17   31   18   36   50   24   26   53   60   45   45  103  115  111  107  117
   78   55   80   49   66  130  168  160  230  326  323  270  152  332  161  187  118  166  150  114
   76  106  108   85   97  163   78   58   16   13  102   16   49   15   47    9   42   20   12   29
   73   47   38   45   22   31   15   47   14   33   30   20    4    0    9   23   18    3    5    0
   16    7   23    6    2   13   22   14   30   30   40   24    9    8   17   22   19    8    0   17
    3   21    8    4    2    0    0    0    0   14    4    0    0    0    1    4   10    5   30   27
   25    2    2    5   10    5    6    8    7    6   11   12    7    9   20    9   40   56   17   30
   25    6    6    9    1    5    7   14    3    6    4    1   13    7    5    4    8   25    9    4
    9    4   14   27   30   74   39  130  103   42   42  111   87  123  106  133  235  180  306  183
  108   64  107   67   95  155  316  122  221  198  329  264  208  228  135  237  111   80  202  112
   49  199  317  413  214  387  161  158   84   37  182   28   64   20   27    6   20   15   12    4
   43   37   55   25   21   55   33    4   33   29   54   27    7    1    2   13   22    0   14   33
   44   13    8   16    0   40   24   12   20   32   71   33   10   29    4   17   24    6    0    5
    4    7   14    8    7    5    6    1    0    0    4    0    0    8    0    8   13    8   47   15
   14    3    2    3    8    3    4    3    2    2    4    7    8    1    7    1    8   10    2    8
    2    2    0    0    2    7    0    4    5    3    3    0    9    9    4    2    6   15    2   11
    2    5   21   28   36   32   51   60   55   27   69   89   68   88   70   84  145   76  157  116
   52   27   62   27   71  155  190  224  256  252  376  230  152  264  188  294  106  154  257  156
   57  134  189   70  311  196  106   57   45   36   97   61  132   20   18    4   12   12   16   17
   50   25   39   24   28   45   18   26   27   35   57   19    2    2   15   72   27    0    1    1
    0   29   72   22    0   54   36   15   57   32   66   13    8   11    9   25   47   21    3    3
    9   28    8    6    5    8    9    0   11   10    1    0    0    0    0    9   10    3   16    3
    7    9    4    8    7   23   23    8    4    9    2    5    8    2    6    9   10    6    4   15
   22   31    3    2    1    2    1    1    5    7   12    0    0    1   12   21   15   26   57   93
   61   45   38   34   41   23   27   27   30   33   33   53   32   53   64  101   85  112  147  136
   90   68   96   78  115   79  148   97  105   63   66  137  124  101   98   71  113   95  110   67
   77   47   55   24   46   79   86  105  108  193  145   80   72   92  189  101   59   54   50   32
   55   53   39   65   38   27   21   30   25   47   71   35   35   15   16   21   50   16   10   59
   38   19    5    1    0   29   19   15   21   16   49   30   60   27    3   11   19    1    3    2
    1   17   11    4    8    1    1    0    0    1    2    0    0    0    0    1    6    8    3    7
   13    0    1    3    3    2    1    7    8    5   23    9    3   15   23   11   27   35   31   25
   14    8    8    9    4   10   27   19   21   16   10    1   41   31   40   32   64   66   18   22
   17   16   27   51   56   63   50   78   75   96   49   97   72   74   76   94   51  107  118  101
   83   70  208   50   85   46   88   46   68   60  130   98  111  123  156  166  109  166  212  199
   79   45   89   16  110   54   27   41   68   28  325  237   74  192   70  152   70   60   43  103
   99   68   47   69   56   24   33   17   17   11   48   28   45   30   23   58   56   36   51   79
   60    4   40    0    6   22   21   18   39   46   35   81   55   70   63   49   38   14   15   28
   21   25   21    8   26    9   22   11    0    1   45    0    2    4    4   12   41    6   37   43
    6    0    2    0    2    0    0    7    3   10   10   16    1    1   22   14   15   12    4   11
   13   16    6   15   10   10    5   11   15   50   32   22   25   10   44   32   39   57   30   36
   30   31   63   74  111  190   96  217  156   65   64  116  212  161  119  145  145  129  222  207
  126   56  183   60  204  125  227  214  226  109  243  299  366  441  297  230  325  320  254  186
  142   50   92  133  206   98   62   25   48   25  128   68   74   52   64   25   45   64   12   43
   63   77   40   97   33   27   35    9   17   30   52   53    9   12   19   60   17   15   15   28
    5   11   33   12    0   56   21   17   59   23   42   31   57   33   34   52   37   13    5   13
    2   15    6    4    8    4    7    6    0    3    1    0    3    6    0   11   16    7   13   18
    8    1    1    5    2    6    1    5    9    2    5    5    1    5    7    3    4    6    2    4
    5   17    3    5   15   15   12    3   17   25   26    9    3    1   10    3   18   16    7    6
    2    6   14   28   34   82   48  113  113   31   62  122  127  189  160  237  293  311  335  346
  225  115  286  111  277  272  380  283  360  274  386  400  390  565  485  490  380  439  360  350
  198  279  475  284  488  607  137   56   11   16  190   60   93   32   13   14   47   39   35   36
   81  107   75   76   68   38   52   18   25   67   66   70   14    3   48   37    9   12    4    2
    0   21   88   12    3   65    9   21   53   58   72   39   25   25   24   21   41   10    8    9
   11   11   12    5    3    2    4    1   10    2   31    4    0    0    4    8   10    3   20   18
    0    2    1    2    2    0    0   13    7    0    3    0    1    4    1    4   11    7    4    6
    4    3    2    1    5    1    1    4   10    8    2    0    0    0    1    4    4   10    5    6
    5    4    5    7   10   32   10   60   50   20   50  117   85  136  138  122  165  155  155  117
  131  118  148   73  163  104  177   85   87  109  120  120  117  132  130  153  172   96  165  107
   72  120  154  142  140  194   55   44   28   31  101   43   68   29   29    1   49   10   40    4
   31   57   52   93   92   53   54   18   27   54   54   15    1    5   10   30   16    0    4   16
    5    4   34    4    8   39   23   12   34   41   53    4    0    0    4   11   39    9   20    6
    5   43   11    3   16   25   19   15    0   11    4   10    4    1    0   10   42   10   38   34
   12    8    7   10    7    6    8   16   24   14   12    9    4    6   15    6   16    9    4    3
   13    7    2    3    3    4    0    7    1    0    0    0    0    1    1    1    3    7   17   24
   17    6   35   11   25   31   26   28   29   17   23   40   24   35   42   34   80   65   91   90
   66   37   70   49   53   68  112  118  182  152  167  167  115  213  177  165  103  147  176  113
   78   82   87   61  145   78   65   43   66   38  128  113   89  113  110   40   72   52   64   88
   67   43   28   53   35   45   42   26   27   34   39   34   94   87   46   78   99   52   48   17
   45   29  167    3    5   24   14    8   28   15   29   12    8    4    0   11   17    6    5    1
    2   10   10   13    7    4   12    1    0    0    0    0    0    0    1    6    9    2   21    9
    7    8    2   10    5   11   13    9    9    5    6    6   12    4   12    8   16   26    8   25
   30   16    6    7    2    1    1    1    6    1    0    2    7    4    3   11    5   12   31   28
   17   13   23   19   23   23   20   25   27   17   22   31   25   65   48  104  167   82  199  122
   42   21   63   18   71  190  190  156  246  150  165  239  183  122  118  119  116   83  115  104
   55  118  158   99  115  188   78  160   37   63  108   81  129   52   29    4   33   30   25   10
   49   29   15   22   21   14   23   16   19   27   61   48    7    5    3   10   13    1    8    1
   12   41   18   24    0   43   26   23    8   23   24   10    3    6    0    3    2    5    0    0
    9   29    6   18    5    2    1    3    0    0    2    0    0    0    1    4   14    7   23   20
    3    8   10   18   14    0    4   26    9    2   13    5    2   16   17    6   24   19    8    6
   27   12    6    8    1    6    6    7   19    6    8    8   11    0    5   12    3    9   22   33
   20   14   32   13   46   71   31   76   52   14   20   70  130  134  137  157  247  215  298  266
  154   90  141  105  118  240  308  293  324  196  218  288  258  245  180  153  180  215  194  228
  126  147  210  129  293  216   78  111   82   43  306  313   91  162   77  123   40    7   29  104
  100  113   97   61   45   81   37   12   21   31   57   36   18   44   63   68  109   39   64   61
   64   14   88   15    1   36   23   11   24   12   15    4    9    7    4    8   12   23    5    4
   12   22   17    5   18    2   12    2    0    4   21   11    1    2    1    2    7   14   16   28
    1    4    2    7    4    3    5   16    7    2    3   10    0    0    6   16   30    7    1    3
   21    5    0    0    3    0    0    1    8   15   28    4   11   16   49   27   52   56   12   15
   18   29   34   28   48   52   51   65  138   42   34  144   93  131  117   41   68   57   77   39
   28   40   38   39   58   93  134  187  212  149  210  151   93  225  207  225  128  210  220  194
   93  126  162  115  214  143   60  165  113  149  131  134  183  153  122   49   34   53   23   71
   71   68   49   46   59   27   25   37   35   31   46   26   15   13   17   24   78   38   24   56
   20   19   77    4    5   26   11   17   41   42   41   37   39   23   25   24   18    7    8   14
   26    6   23   17    4    1    0    0    0    1    0    0    0    0    0    4    9    4   10   13
    0    0    1    1    1    8    8   38   13    5   20    8    7   13   12    8   21   24   11   24
   36   23    7    5    8   10    8    4    5    4    3    2    4    5   18   19   11   17   15   34
   28   19   82   70   82   72  116   93   91   64   68  106  139  135  116  111  234  168  193  198
  124   59  183   89  169  207  307  230  290  193  296  317  267  341  339  307  150  221  225  189
   66  111  139  189  316   79   35   25    6   18  191  164   76   62    5   42   25   20    9   23
   62   62   29   41   12   15   20   21   16   20   55   21   15   14   21  165   79   18   25   53
   54   30  119   12   19   35   13   16   28   43   67   21   16   21   18   30   31    9   19   21
   23   34   16   14    9    7   10    2    2    6    1    9    4    3   15   20   11   10   38   18
    2    5    5    2    3   10    5    8   12   14   23   27   13   19   29   15   58   29    4   26
   20   12    9    3    6    6    9   11    5    0    2    0    5    3    1    5    4   16    4    1
    9   21   27   18   48   53   28   55   56   35   41   70  105   55   72  121  197  272  238  162
   64   26  100   32   83  226  298  198  253  183  187  231  252  178  150  143  116  106   51   88
   70   76   56   17  230   72   77  102  126   34   52   38   79   22   34    8   15   37    8   38
   34   17   55   25   58   39   25   16    4    8   23   14    1    1    4   23   10    2    1    5
   11   45   44    4    1   15   10    8   26   46   44   13    2   15   15   18    8    1    1    0
    5    9    3    4    4    6    4    5    0    0    1    0    0    0    0   22   20   12   19   30
   11    7   19   10    4    6    8   10   15   17    5   14    1    0    4    4   42   25    0   17
   23    2    0    0    0    0    0   12   12    4    2    0    9    4    0    0    0    0    0    2
    0    0    0    0    5   11    0    6    3    0    1    7   23   25   13  102  111   71  144  107
   29   18   88   40   87  107  150  110  124   29   68  183  173  143  159  125  175  188  204  205
  191   35   60   21  144   45   36   52   48   50  179   73   49   37   71   18   43   52   53   58
  110   64   25   50   34   31   26   42   20   35   46   22   19   18    9   97   43   45   44   17
   16   25   16    7    1    5   15   27   10    8    2    0    0    1    5    6    6    5    0    0
    4   15    7    7    0    0    0    0    5    0    0    0    0    0    0    2    6    3   20   14
   15   13    6    6    4    5   17   45   48   32   20   22    1    0    4    7   25   12    0    7
   16    2    2    3    1    0    1    0    0    0    0    0    0    0    2    2    1    1    6    6
    7    8    1    0    3    6    2    9   12    2   15   18    6   11   27   32   48   38   79   73
   43   13  102   29   87   34  107   80  145  115  113  165  115  108   80  139  102   99  114   79
   53  111   95   70  127   92  109   22   33   45   97  133  107  105   94   26   39   27   23   15
  101   64   34   51   30    4    7    0    4   24   21   43   19    0    1    2    2   10   23   16
   32   24   41   15   17    0    1    7    0   11   12    1    3    1    4   11    6    0    0    1
    0    0    6    5    0    0    1    1    0    0    0    0    0    0    0    2    5    1    3    4
    7    1    1    7    1    0    0    9    8    3    1   16    1    0    8    3   32   27   18   23
   25    7    2   10    3   12    7    7    8    9    6    7    6    1    6    4    5    8   15   19
   11    7   20   11   27   50   26   66   11   25   32   75  116  120  120   99  161  204  177  190
  155   57  131   99  134  156  173  107  162   70   82  205  127  156  145  117  142  131  101  108
   94   23   65   25   92   70  119  108   37   87  223   69  119   28   11   40   33   41   53   31
   88  124   47   81   50   68   25   27   13   33   42   41   11    4   13    6   11   16   18   39
   50    6   54    4    2   13   20   30   18   27   32   16    2   18    4   10   13    4    3    7
   10    9    8    1    4    1    2    0    0    2    0    0    0    0    2   30   40    7   13   33
    0    2    3    1    4    0   14    6   11    1    8    3    7    3    5    2   19   19   11    8
   13    1    2    3   12    7   20   35   18   30   14    6   33    8   17   10   20   27   16   28
   16   16   31   28   40  104   78  124  177   33   30  118  105  123  136   99  172  167  186  160
  155   77   87   56  107  124  162  111  132   72  107  117  142  129   78   94  133   92  132   92
   68   76   95   40  120   89   87   50   71   39   89   77   65   45   50   32   36   40   20   53
   64   36   25   33   20   17   20   15   16   20   24   21    5    1    0    8    7    9   10   34
   95    8   14    3    3    9   30   28   16   12   34   23   20   19   12   16   23    6    4    5
   10   12   10    7    5    2    3    2    0    3   26    0    0    0    0   30   40   11   13   12
   42    4   13   36   14    2   10   13    7   12   12   25    1    0   15   20   25    1    0    1
   10    4    1    4    0    0    0    0    0    3    2    0    0    0    0    0    0    0   13    4
    8    0    7    6    7   22   11   56   40    5   30   52   26   45   42   49   51   51   37   38
   40   31   52   24   66   49   80  131  174  147  136  159   99  190  181  133  105  154  169  101
  104   47  129   27   62   55   60   50   46   11  112   60   40   28   32   14   45   26   21   26
   62   35   45   89   90   77   65   38   52   64   77   74    2    0    9    9   11    1    1    4
    9   21   94   24    1   33   65    6   31   41   36    0    7    4    0    7    8    5    0    0
    6   10    1    1    4    1    5    2    1    2    7    9    0    0    4   11   36   15   41    3
    3   11    4   10    0    2    6    9    7   12    3    5    1    0    2    1    1    0    1    0
    0    2    0    1    1    1    2    1    2    0    0    0    0    0    0    0    0    3   13    9
    0    0   14    6   23   33   26   36   35   10   30   51   55   44   52   34   71   69  116   72
   47   33   64   38   69   74  149  116  131   93  131  164  129   97   94  132  117  111  132   88
   66  216  261  124  212  178  108   88   24   23  187  149   88   63   19   38   41   69   27   36
  100   58   58   70   69   39   29   19   45   74   68   29   19   44   44  131  114   39   40   53
   36   40   58    7    1    5   11   32    8   19   20    5    3    1    3    4    9   10    1    0
   19   22   14   25   20    7   28    2    0    1   16    1    0    0    0    1   16   35   35    7
    1   11    5    7    4    9   21   22   23   12    4    9    6    0    4    8   21    6    0    5
   14    6    0    0    0    0    0    0    0    0    0    0    0    0    0    0    0    2    3    3
    1    1    0    0   13    5    0    0    0    5    2    3   14   12    9   36   36   24   51   54
   24   11   44   43   49   49   79   80  141  163  195  142   83  220  201  149  118  137  190  139
   70  138  229  228  170  304  118  108  135   50  101   58   90   37  149   10   35   35   34   37
   35   63   65   56   81   56   49   14   22   25   80   76    2    0    1    7   11   10    4    6
   11   28   38   12    1    5   23    3   26   14   16    1    0    0    0    1    5    0    0    0
    2    4    4   24    0    2    6    1    0    0    0    0    0    0    0   11   15    6   20   10
    2   14   23    5   13   18   18   28   29   39   40   50    4    6   22   42   73   68   32   46
  128   94   17    9   12   21   24   42   41   19   15    4   43   42   55   47   45   60   93   66
   42   47   71   65   59   67   61   61  114   64   65  117   71   90   80   83  171  123  184  117
  109   83  116   61   80  188  152   82  120   82  134  195  157  160  158  151  116  146   89  112
   74   70  114   31  189   97   33   19   21   31   78   87  161   75   68    9   32   19   10    6
  115   77   42   30   39   38   20    8    5   16   22    9    0    0    1    1    0    0    0    0
    2   14   22    6    2   37   17   18   36   30   48   42   27   35   29   41   29   21   12   19
   22   25   18    7   19   16    6    0    0    0    2    6    0    0    1    7   25    4   26    8
    9    7   13   13   16   21   31   27   32   19   22   19   13   15   33   10   33   37    3   14
   19   13   11    7    6    8    7    9   19   20   17    3    9   12   22   13    9    3   26   16
   10   13   13    6   14   21    2   23   21    2   38   52   32   32   37   30   38   50   68   81
   79   61  103   55  125   37   60   84  106   69  104  163  145  224  206  147  160  155  164  140
  118   22   32   26  146   57   81   86   47   14  152   85  111   19   19   53   73   69   18   69
  133   84   62   89   44   28   49   30   33   56   76   31   18   24    4   18   17   16   14   16
   82   29   60   27    4   22   10   15   38   37   52   15   21   10    7   18   15    5    0    0
    8   27    2    2    2    2    2    1    0    0    0    1    0    0    1   10   16    3   15   18
   23   20   15    5   15   13    6   12   25   19   26    7    7    4    7    5    5   13    0    8
   14   10    1    3    6    6    3    5    9   15    7    4    7   13    6   10    6   23   15   32
   32   22   50   31   55   25   31   37   52   17   28   53   41   48   68   56  118   89  135  123
   70   41  128   46  101  117  203  183  269  115  176  261  250  219  194  161  145  153  178  168
  106  136  181  119  133  119  179  105   93  215  153  105  115   38   42   12   47   40   29   73
  137   72   51   53   46   30   10   12   13   28   62   22    4   10    4    8   11   12    6   17
   24    5   34   12    5   36   26   21   29   20   39   19    4   14    7   12   18    2    0    7
   16   19    6   22    1    0    0    1    0    0    2    0    0    0    6    5   23   19   14   35
    1    4    6    4    2    7   31   17   33   15   27   22    9    6   23   24   57   19   11   17
   58   22    5    7    2   12   22   11   31   24    9    1   22    8   16   12    9    8   56   28
   24   16   17   11   18   35   24   53   44   15   40   84   92  118  121  173  300  200  452  244
  151   71  200   63  154  220  341  201  318  166  111  270  277  160  178  111  152  140   73   92
   83   57   49   17  149   72   17   15    3    8   31   10    8    9    2    0   69   23   25    0
   15   87   65   57   47   34   22   20   22   29   60   81    2    0    2   18   19   22   25    8
   43   25  113    7    3   25   31   17   43   57   58    5    7    4   13    9   17    5    1    1
    4   12    4    1    9    6   16   12    0    6   11   17    1    5    1   53   55   49   86   47
    6    6    2    2    3    2   10   12   10    5    6    3    1    0    3    0    5    6    0    1
    2    0    0    0    0    1    1    0    0    0    0    0    0    0    0    0    0    1    0    5
    1    2    6    1   14   19   16   28   28    3   19   37   26   43   44   39   44   61   68   60
   32   39   58   39   44   51   60   73   65   38  109   95   77  104   81   80   91   69  122   69
   23   26   27   29  105   58   55   39   32   45  118  115   68   98   51   83   36   23   15   34
   59   42   52   40   40   23   32   13   40   42   55   54    5    6   13   17   47   19   31   67
   91   53   89   29    1   12   15    4   36   28   11    4    1    5    0    3   13    6    0    0
    2    8    9    1    3    1    4    6    0    0    7    0    1    1    5   17   15   14   24   20
    1    6    5    6    2   11   20   11   25    9   20   15    4   11   39   10   29   23   12   25
   23   19   12   15   10   12   11   10    5   23   16    0    9    6    8    6   15   23   16   31
   11   17   41   38   56   77   67  100   68   17   25   69   87   79   84  120  224  178  280  277
  109   28  151   54  121  207  367  216  321   87  156  310  241  278  115  165  179  137  161  161
  127   39   89   30  168   77   24   29   13   17  160   66  149   33   42   12   41   41   18   22
   70   81   30   73   30   29   25   13   22   17   51   55    3    1    1   51   28   36   36    7
    2   12   68    4    1   15   28   12   10   14   28   18    9   17   12    6   20   11    2    2
    8   18   13   35    3    2    1    0    0    1   15   11    0    0    0    3   19    6   21   26
    5   27    7    7   12   16   12   13   19   12    8   23    9   13   15   16   29   18    6   19
   29   16   11    5    2    2   10   13   17    3    0    0    9   12    2    0    0    0   13    9
   12    4    6    2   33   24   20   37   19    6   18   24   27   45   39   73  115  128  205  126
   91   28  103   43   83  114  194  108  207  111   87  298  230  109  108  110  135  110  171  227
  143   68  104   90  222  172  185  256   52   51  152  175  208   86   73   47   59   39   37   43
  138   66   26  124    3   15    2   12    7   15   17   47   28    4    5   19   25    7   18   17
   34   21   15    2    1    3    5    1    7   18   18    1    0    2    0   10    0    0    0    0
    1    0    0    6    0    0    0    0    0    0    0    0    0    0    0    6   11    0    8   13
    0    0    0    0    0    0    0    0    0    1    0    1    0    1    2    3   10    0    1    0
    0    0    0    0    0    0    1    0    0    0    0    0    0    0    0    0    0    0    5    0
    0    0    0    0    3    2    1    3    3    0    0    1    7   11   26   18   18   56   50   36
   52    1   28    1   22    8   36   31   63   28   16   65   63  106   56   18   22   12   24   45
   15    5    9   33   45  115   99   31    4    2   36  167  103    2    3    1   74   10   14    2
   24   10   16    9   33   25   28    3    0    6    6    2    1    0    0    0    0    0    0    1
    5    0    6    0    0    0    0    0   14    2    1    0    1    0    0   11    6    5    2    0
    0    0    0    2    0    0    0    0    0    2    0    0    0    0    0    0    1    0    0    2
    3    3    3    3    7    1    5    8   17   13    2   29    2    3    7   19   27   18    0    3
    5    0    1    0    0    0    0    5    0    0    0    0    7    1    5    3    1    6    1    2
    3    2   10    6   20   28   50   74   54   16   42   62   60  104   68  100  157   68  165  155
  109   71   77   66   56  115  125  110  187   50  124  236  177  218  235  108  140  137   93   91
   60   32   46   17   72   46   26   36   11    8   62   54   22   42   12    3   36   31   55   25
   25   36   28   57   20    4   25   13    8   30   34   18    8   24    0    6   21   27   14   31
   21    9   11    6    0   36   36   12   22   29   61    5    1    4    0   12   30    2    0    0
    3    7    9    7    0    0    0    0    0    0    0    0    0    0    0    9   23   22   36   14
   10   12    8   14    4    8   13   10    9    8   10   15    4   10   11   14   21    7   11    4
   12    2    0    3    0    0    1    0    2    0    0    2    0    0    0    0    0    0    8    3
    5    0    2    0    9   26    7   26   27    0   33   48   33   40   57   60   52   57   91   65
   66   27   73   48   74   64   87   80  122  169  258  113   90  223  198  350  135  140  266  138
  117  282  334  194  253  289  204  236   54   41  125   52   63   38   48    6  101   90   41   14
   90  122   68  108  121   36   29   32   33   51   80   23   10   14    3    9   12   11   15   17
    0    8   44    6    0    5   11   16   24   23   32    4    3    3   12   12   29    4   23   18
   28   17    7   19   11    2    6    0    0    0    0    0    0    2    0   20   26    4   13   14
    0    6    0    1    1    1    0   11    3   15    4    1    0    0    5    5    0    0    0    0
    0    0    0    5    6    5    0    4    7   23   21   26   12   16   10    9    8    4    2    9
   11   35    7    6   19    9    7   19   19   15   20   47   16   54   68   79  189  172  207  257
  108   62  213   81  181  127  202  171  275  180  209  312  321  269  234  199  244  221  233  228
   78   51  172   22  234  158  166  101   52   35  217  150  182  162   53   64   45   48   31   55
   83   66   75   94   86   72   44   34   33   10   77   36   45   48   30   66   49   66   27   43
   26   23   77   13    2   65   46   40   62   47   67    8    4    5   10   16   38   13    4   14
    9   32   12    6    4    0    1    0    0    0   18    2    0    3    0    1    4    3    7    9
