    3    4    2    4    2    1    4    5    0    0    1    0    1    0    1    4    0    1    2    0
    0    6    1    3    3    4    3    1    2    0    0    1    8    2    7    6    4    9   11    7
    9   22   13    9   18   17   12   24   32    5   14   13   30   20   33   27   26   19   66   34
   13   23   42   22   12   60   94   61   93   72   75   76   14   58   49   46    9   31   58   18
    9   37   45   53   72   45   48   39   43   42   46   39   91   65   30   21    7   11    9   21
   22   42   20   14    8   13    9    5    2    5    6    6    0    7    0    2    4    1   14    8
   24    0   12    2    0    7    3    5    7    5   15    5    1    4    1    3    4    1    1    0
    1    1    3    5    0    0    0    1    1    0    0    0    1    1    4   13    9    6   17    5
    3    3    3    4    3    0    4    5    2    1    5    0    2    0    5    4    8   17    2   11
   21    5    1    3    3    4    5    0    0    0    0    1    0    0    0    1    4    0    1    0
    1    0    0    9    1    6    1    3   32    0   14    2   30   17   33   57   49   76   66   70
   24   23   42   14   57   60   44   19   37   23   47   76   38   58   33   23   31   69   37   89
   50   17   45   24   23   45    9   39    7   17   48   11   10   16   30    9   25   27   20   34
   22   16   14   25   18   14    7    5    1    7    9    8    0    7    0    6    2    1   14    0
   24    0   12    2    3    1    3    1    1    5   15    5    0    4    0    0    0    1    1    0
    1    1    3    5    0    0    0    0    3    0    0    0    1    1    1   13   16    6    6    5
    3    3    5    4    7    5    6    9   11    4    9    5    4    1    4    2    6    5    2   11
   14    2    3    3    6    4    2    4    2    0    0    1    0    2    0    0    4    0   11    6
    4    1    1    9    1    7    0   29   23    5   15   29   23   35   27   54   76   46   67   62
   27   17   63   28   49  114  114  105  128  115  143   99   87   58   94  131   62  115  158  131
   33   70   78   40  132   97   79   35   27   28  129  130   85  138   61  102   39   42   23   42
   22   27   35   19   25   18   10    5    3   34   13    0   12    5   10   44   30    9   13   40
   24    4   12    1    0   20    5    7   12   11   24    5    0    4    0    0    0    0    0    0
    1    3    3   13    0    2    1    0    0    0    0    2    1    1    1   13   34    6   11   14
    2    7    3    4    4    5    4    5    4    4    2    0    2    1    6    2    2    1    1    5
    2    1    2    6    2    2    3    0    0    1    0    0    1    1    5    4    8    6    5    8
    6    3   15   18   21   46   26   67   43   12   37   66   70   95   80  122  219  120  269  168
  107   64  124   57   91  148  160   66   97   40   29  130  183   39   83   24  145  117   53   87
   47   43   25   54   22   28   29   40   28   44   96   41   10   14   11   18   34   43    8   34
   40   21   10   28   17   21   12    6   10   23   14    1    0    1    0    6    3    0    0    0
    5    2   11    0    1   18    4    7    7    3   34    8    6   11    2    8    8    4    3    0
    0    9    2    6    2    2    1    0    8    5    4    2    0    2    0   23   21    6   16    2
    7    6   10    4    9    4   11   13   10    8    7    5    1    5    9    5    7    5    0    3
    4   10    0    8    4    7    1    0    2    1    3    1    0    0    0    0    0    0    5    0
    0    0    0    1    3    8    1   20   11    2    8   17   19   30   24   40   58   24   45   35
   18    8   15    4   16   65   52   27   39   19   20   63   26   42   36   16   16   28   28   58
   26    8    7    7   14    7    8    4    3    7   19   15   17   12   12    3   14   10   12   13
   10    5    4    8    9   11   11    3    4   17    9   27    4    3    1   10    5   12    7    1
    9    9    5    4    0    1    2    1    5    1    6    1    1    1    2    0    2    0    2    0
    0    1    7    5    0    1    0    0    0    0    0    0    0    0    0   32   27    7    3    1
    2   11    8    4    8    5    8    7   12   15    9    9    2    2    4    7   14   11    2   11
   23   14    0    7    3    4    3    1    3    5    2    1    0    2    5    2    7    6    4    1
    4    3    3    9    8   13    4   31   16   22   26   47   27   40   44   27   44   34   35   53
   43   37   50   32   49   42   44   45   37   39   42   56   36   73   43   65   36   43   63   37
   39   80   49   75   55   62   26   58   27   35   39   18   31    1    4    2   37   27   28   12
   18   43   19   40   34   22   19    2    3   42   12   12    0    4    3   20   26    7   14    6
   17   17   11    3    0   17    6    4   10    8   30    4    8   10    5   13    9    8    3    2
    2    7    2    5    4    4    1    1    0    3    2    8    0    3    0    9    6    5   23    5
    3    8    8    5   10    4    9    6    7    6    9    5    1    3    4    7   20   13    4   14
   18   17    0    2    3   11    2    6   12   15    9    2    6    6    7   23   14   14   29   34
   30   14   50   27   44   54   56   67   87   28   46   96   58   55   60   71  106   92  129  117
   56   82   87   65   95   40   86   43   56   40   25  116  122   48   43   21   80   57   31   75
   61   27   12    8   26    7   10    5    4   18   86   56    6   57    5    8   54   41   43   14
   39   70   22   41   21   17   29   13    9   27   17    0    7    8    2   65   51   25   18    2
    7    0   23    0    0   16    4    9   20   11   31   20   10   17   13   11   11    4    3    4
    6    5   11   17    6    6    2    5    1    0    1    7    2    1    2   17   26    1   16    8
    4    7    5    3    3    5    4   23   14   23    5   17    4    8    9   15   23   18    4   16
   39   10    6    8    6   10    3    3    6    5    2    0    4    6    6   19    8    8   32   16
   18    8   14   18   20   40   22   37   28   20   12   31   21   14   21   26   30   19   48   42
   64   27   39   11   55   36   63   38   55   60   94   93   30   80   47   59   49   63   80   67
   25   49   82   62   53   89   98   82   65   62   76   56   29   52   63   46   13   10   13   16
   45   17    7   32   21   15   16    3    1   15   20   16    0    0    0   11    8    4    2   32
   66    9   28   13    0   18    8    9    5    4    3   10    5    4    1    2    3    2    1    2
    2    6    3    7    4    9   10    1    0    2    0    0    0    0   11    8   20   24   16   27
    7    5    2    4    4   10    4    7    8    4    1    4    2    0    3    2   10    8    3    9
    9    9    0    3    2    3    0    0    0    0    0    0    1    0    0    1    0    1   25    7
    2    0   13   10   16   24   12   22   20    4   11   30   30   33   45   25   63   29   51   40
   35   23   59   17   41   50   51   50   71   12   24   48   41   45   68   23   40   77   48   67
   46    8    3    7   24    9    4   10   10    4   53   43   11   41    4   19   13   14   11   18
   32   23   15   21   20    5   11    7    7   14   22   20    3   36   14   54   59   18   47   19
   83    3   19    2    0    9    7    7   17    8   15    0    0    1    0    0    3    1    0    0
    3    5    7    2    2    2    1    2    0    8   12    1    1    4    0    5    9    6   19    4
    2    4    5    4    4    2    6    6    6    4    1    2    1    1    6    3    7    6    0    3
    3    4    1    5    4    3    1    2    5    0    0    0   11    9    2    2    2    1    7    2
    2    2    4    4    9   18    4   26   25   11    4   34   38   33   34   60   82   29   81   71
   26   13   59   11   47   71  112   47   86   15   28  150   91   58   62   30   74   42   31   31
   26   10   17    8   27   22   27   41   47   38   20   14   34   42   22   13   18    7    6   20
   16   10    1   12    5    7    9    1    1    7   11    1    0    0    0   10    4    7    2   40
   45    0    0    0    0    0    0    1    1    0    7    2    0    2    0    1    0    0    0    0
    0    0    1    0    0    0    0    0    7    1    0    0    0    0    2   20   25    9   20   17
    4    6    5    8    3    1    2    3    4    1    1    1    2    1    4    1    5    1    0    4
    5    4    0    2    1    3    0    1    1    1    2    1    4    3    3    0    0    0    7    3
    6    0    7    0   11   20   13   15    9    3   13    7   25   29   32   72   62   31   80   46
   22   11   40   12   26   45   55   54   66   44   41   57   49   41   33   23   25   24   18   26
   13   19    8    9   18   30   13   11    7   23   40   25   11   11    9    2   16   17   14   12
   11   29    9   13   10    8    5    2    2   11   13    2    0    0    0    8    5    4   12    2
    6   13    8    6    0    2    0    0    9    5    9    1    4    1    3    2    2    0    1    2
    0    3    0   14    4    3    5    0    0    1    6    0    1    0    5    6   18    5   14   13
    1    3    1    2    1    1    1    3    2    1    2    1    0    0    0    4    3    1    0    2
    1    1    0    1    4    3    0    0    3    4    1    0    2    2    5    1    0    0    6    0
    1    0    0    0    0    1    0    6    4    2    4   13    5   12   12   15   37   19   25   35
   20    8   26   14   23   23   39   47   32   12    8   32   23    9    7    3   25   16   10   18
   37   10    6    2    3    8   10    7    4   15   11   10   17   11    7   15   18   20   24   32
   19   20   21   33   32   21   16    2    6   24   23    7   11   28    4   17    7   16   15   16
    6    3    8    0    0    7    2    4   11    2   14    0    5    3    4    3    3    0    2    2
    0    1    1    1    0    0    0    0    1    4    1    0    0    0    1    5   13    8   16    9
    3    1    1    3    2    2    3    5    7    3    7    3    1    1    2    0    5    2    0    2
    1    1    0    3    3    2    0    0    2    0    1    0    1    0    0    0    0    0   15    0
    1    0    0    0    0    0    0    0    0    0    0    0    0    0    0    0    0    0    0    0
    1    0    0    0    1    0    0    1    1    1    2    0    0    7    6    4    2   11   12    5
    5    1    3    2    6   12    9   13    7    8    1    2    8    5    9    1    5    6    5    9
    2    4    1    2    4    1    8    0    0    7    3   12    9   10    0    1    1   12    5    2
    2    2    3    0    0    0    0    0    0    0    0    0    0    0    0    0    0    0    0    0
    0    0    0    3    2    2    2    0    0    0    0    0    0    0    0    1    1    0    1    1
    4    6    2    2    4    4    3    6    5   10    6    8    3    3    9   13   34   28   10   31
   60   39    1    2    1    4    3    0    6    6    4    6    8    9   13   13   14   11   27   25
   36   15   55   24   47   32   42   24   46   27   25   59   36   40   28   81  118   51   12   73
   39   53   37   30   46  104  160  116  152  202  184  130  119  170   95  194  114  129  133  134
   45  158  188   54  175  153   92  103   47   38  114   41   63   52   29   36   19   17   13   19
   20   29    9   33   29   27   12   11    7   20   24    3    1    1    1    1   21    3    0    7
    5    0    4    0    0    7   10    5    5   15   23    9   11    6    4   10    7    4    0    6
    3    7    4    8    2    2    2    3    0    1    5    1    0    0    2    2    5    3    5    3
    2    2    2    4    2    1    1    2    4    6    6    7    1    0    4   10   16   13    6   10
   17   10    0    1    1    2    0    1    0    0    0    0    0    1    0    2    2    3    6    1
    1    2    9    3   14   33   12   29   30    4    6   30   30   16   15    6    9    9   19   19
   21   23   11   23   26    6   11  163   19   21   15   10   11   13   15   16   16   18   20   31
   30   22   20    6   20   17   15    6    3    4   36   14   26   15    1   10   42   28   14   28
   19   45   21   27   49   22   26    1    4   18   32    4   15   18    0   14    7   21   26   10
   10    2    2    1    0    0    1    0    3    3    4    2    1    0    0    0    2    0    0    0
    0    0    1    0    0    0    0    0    0    0    0    0    0    0    0    7    7    3   12    5
    9    3    5    6    9    2    1    3    5    7    2    7    1    6    5    2   15   19    6   11
   11    4    0    1    0    2    1    0    1    2    1    0    1    0    2    1    5    0    1    1
    0    0    4    0    7   19    6   15   15    1    9   23   26   54   45   23   72   20   77   39
   20    6   30    4   32   77  109   50   70   17   38  103   73   68   70   35   90   77   81  106
   28    2    3    2   25    4   10    1    5    9   68   50   10   38   16   49   12   14   12   18
   26    7    4   10    8    9    5    3    9   13   25    4    0    1    0    1    2    9    4    6
   10    2   20    1    1    3    3    1   11    0    8    1    1    2    2    1    1    0    0    0
    0    0    1    4    1    5    1    0    0    0    0    0    0    0    2   38   43   17   20   12
    1    1    1    2    1    0    1    1    1    0    0    1    0    0    0    5    7    4    2    5
    7    9    0    4    2    5    1    2    4    8    3    0    4    1    6    3    6    7   19   17
   17    7   13    6    3   15   10    5    6   12    3   21   12   12   21   17   36   34   54   39
   52   21   18    7    8   16   26   17   20   26   56   23   55   54   24   36   25   25   53   34
   10   21   37   15   53   37   36   48   43   56   14   20   63   20   54    3    9    7   10   11
    9   15   16    9   12   19   19    7    6   22   19    3    8    4    2   27   35   10   37   12
   29    0    7    0    0    5    4    2    7    2    0   11    5    8    6    2    4    1    0    0
    1    1    2    2    2    0    2    0    0    0    2    1    0    2    0    2    9    4   15    5
    3    1    2    6    3    3    4    8   11    9    6   10    4    1    6    5    8    4    0    1
    4    0    0    0    1    1    0    0    1    1    0    0    1    3    0    2    0    3    0    0
    1    3    4    5    3   17    4   16   14    7    9   31   33   41   41   44   35   48   37   62
   45   36   73   43   77   40   36   29   30   29   34   39   40   28   29   25   47   39   46   42
   33   29   11   23   29    6    8   10   12    2   72   23   20   30   17   11   17    7   14   15
   13   42   18   16    3   27   14   26    8   25   22    0   22   17    1   25   26   20   21   54
   88    1   22    0    0    9    4    1   14    3   25    3    2    4    0    2    4    2    2    2
    1    1    3    2    1    0    1    0    0    0    0    0    0    0    0   11   11    2   11    1
    2    1    2    3    4    2    2    1    2    5    2    2    2    1    2    5    6    6    0    6
    4    1    1    3    0    1    1    0    0    0    0    0    1    1    1    2    1    3   14   30
   13    5   22   13   33   69   47   91   47   14   27   97   66   50   62  100  106  111  116  139
   67   39   71   32   54  144  148  115  127  187  197  178  107  122   90  176  117  126  114  109
   47   94  182   84  165  203  193  198  109   71   78   59  171   96  105    9   16   13   22   36
   24   18   14   21   29   13    6    1    1   13   14    2    3    2    2   18   11   10    9    2
    6    7   19    3    0   12    8    1    7    5   27    3    2    2    2    9    7    0    2    1
    1    0    4    7    0    1    6    1    0    5    1    7    5    7    0   23   23    4   94    4
    1    2    2    2    1    1    1    3    4    4    4    4    1    1    4    1    8    7    0    1
    3    1    2    4    4    1    0    0    0    0    0    0    0    0    2    0    1    0    2    0
    1    1    0    1    0    1    1    2    3    0    0    7    4    9   13   19   50   22   45   24
   12    6   24   12   39   57   75   55   98   78  128   94   36   92   80  108   61   93  122   76
   44   42   84   19  103   60   46   35    9    8   66   64   75   86   44   23   25   31   22   24
   33   29   24   28   25   27   21   15   12   17   30    4    0    3    1   28   29   13   19    2
    8    4    6    1    0    0    4    5    5    1    3    1    0    0    0    0    0    0    0    0
    2    5    3    2    2    4    3    0    0    2    5    0    0    2    0    7   10    1   22    2
    5    1    2    9    3    1    1    3    3    4    3    1    1    1    2    1    3    2    4    1
    1    0    3    9   10    4    2    0    6   15   14    9    0    1    0    0    0    0    6   22
    2    2   16   15   33   58   16   21   33   10   19   24   32   15   27   27   12   14   18   25
   42   38   76   48   93   18   12   46   27   44   51   16   25   39   38   40   56   40   54   52
   39   32   33   42   41   34   38   30    9   25   38   28   47   16   15    7   20   15   21   28
   26   58   24   59   39   29   41    9   14   50   36    6   16    2    1    9    5   22   11    7
   11   15    4    0    0    7    8    3   17    5   20    9    6   11    6    8    6    1    2    7
    3    3    2    3    0    1    0    0    2    0    0    0    0    0    0   28   43    1   12    7
    3    1    3    4    2    0    0    0    1    3    2    5    3    2    3    6   23   12    6   25
   23   38    5    2    4    6    8   11    8    9    5    1   14    9   11   18   19   12   54   32
   41   21   18   24   24   34   23   29   22   20   18   38   43   29   19   25    5   16   23   19
   31   12   18    8   19   33   36   21    9   30   17   31   10   11   10   11   24    6   40    9
   40   37   30   85   13   37   37   45    6   20   13    4   36    3    9    7   12   14   17   23
   15   10    4    8   10   13   26   12    5   15   19    1    4    0    1    7    0    7   18    5
   22    3   10    0    0   17    6    2   10    6    8   15   12   13   11    9    7    0    0    1
    0    0    0    0    0    0    1    1    2    1    0    0    0    0    3   19   20    5   17   10
    0    0    2    3    1    0    1    2    3    2    0    2    0    0    2    2    4    3    3    9
    3   19    0    3    4   12    8   27   11   10    8    5   21   26   12   17    8   12    6    5
   19   18   20   23   26   36   26   33   20   18   25   31   43   29   26   52   71   42   71   60
   31   21   52   25   61   74   94   71   98   42   58  118   87   88   67   93   94   84  132   95
   40   60   76   75  128  100   75  100   56   15   83   69  110   13   28   30   29   25   20   31
   39   26   14   24   10   14   11   14   15   30   27    6    0    7    4   19   24    6    6    3
    3    8   10    1    1   11    8    0    5    1   23    6    5    6    8    6    9    0    2    3
    0    2    3    5    1    1    1    1    0    0    0    0    2    2    0    6   17    2   19    6
    7    1    0    4    3    1    1    2    2    4    4    2    4    0    0    1    1    0    0    0
    1    3    0    1    1    1    0    0    0    2    2    0    0    0    1    4    3    5    5   14
    6    1    2    0    5   15    5   18   14    6   14   29   28   43   42   58   89   74   69   69
   65   19   88   30   66   76   97   59   83   20   49  110  102   77   82   44  121  107   99  116
   65    2   10    4   48   17   21   15    9   16  106   77   47   51   24   12   27   18   12   18
   69   25   20   22   12   19   14    6    4   21   29    2    0    2    1   36   19    3    0    0
    2    1    6    1    0    9    5    2   14    6   31    9    5    7    1    2    7    2    3    3
    1    2    5    0    1    0    1    0    1    1    0    5    2    0    0    8   12    7   22    6
    5    0    2    3    3    2    3    8    6    1    2    1    0    1    3    1    5   10    0   10
    5    0    0    1    0    0    0    1    0    1    0    0    0    3    0    2    1    1    2    3
    1    1    1    1    5    6    2    5    2    0    0    2   22   20   15   43   26   15   23   17
   13    4   16    8   18   40   55   66   63  111   94   64   36   80   72   90   30   48   99   55
   26   83  125   60   95  134   69   60   63   51   52   61  101   75  112   26   36   30   33   29
   24   12    8   14   21    3   20    8    4   17   38    2    8   11    5   14   16   32   42   39
   62    0    7    3    0    1    4    2    4    0    0    1    1    1    1    1    2    2    0    0
    1    0    9    4    0    0    0    0    0    0    1    0    0    0    0    5   21    0    4    0
    3    1    3    4    2    1    1    1    1    1    4    1    0    0    5    2    6    7    0    3
    4    2    0    1    0    0    0    0    0    0    0    0    0    0    0    0    0    0    3    0
    0    0    0    0    0    0    0    0    0    0    0    4    6    8   10   14   34   19   27   30
   19    3   28    7   38   29   25    8   16    5    5   30   23   13   14    6   44   39   24   40
   65    5    1    8    2    1    3    1    2    1   14   11    3    7    5    7   34   21   30   25
   36   31   12   30   28    8   11    1    1   14   10    4    6   13    0    6   17   25   49   17
   31    0    1    0    0    0    0    1    0    2    1    0    0    0    0    0    0    0    0    0
    0    0    1    3    0    0    0    0    0    0   11    0    0    0    0    1    5    1    3    1
    1    1    4    2    1    1    0    2    1    2    1    1    1    0    1    2    3    4    0    4
    4    5    0    1    1    1    0    0    0    3    0    0    1    1    1    0    2    1   14    1
    1    0    0    0    1   15    1    8   10    0    7   17   19   43   27   67  142   46  108   58
   27   15   46   19   33  118  112   81   99   53   75   91   72  100   86   92   77   96  139  106
   34   60   56   40   57   26   31   29   60   25   61   62   61   65   85   25   21   22   18   27
   22   16    9   16   15   13   21   12   16   36   24    9    7   12    2   22   18    2    6   11
   10    1   16    3    0    9    6    5   10    2   17    2    2    2    2    1    4    3    2    0
    1    3    2    4    4    4    3    1   10    6    5    0    0    4    5   12    9    8   25   10
    3    2    4    4    2    1    1    0    1    2    2    5    1    0    1    4   12    4    0    2
    7    0    1    2    0    1    1    0    0    0    0    0    0    0    3    0    0    0    2    0
    0    0    0    0    0    3    0    7   11    0    2   21   16   26   34   55   81   80   60   62
   35   18   41    8   31   67   59   59   69   39   63   81   67   77   75   64   73   43   75   66
   60   28   48   41   91   58   20   32   11   15   49   31   72   44   18   12   19   15   23   11
   43   33   30   37   33   15   16    1    4   15    9   10   10    4    2   20    5   33   25   27
   52    7    5    0    2    3    0    0    1    2    5    0    0    0    0    0    2    2    0    0
    1    3    3    0    3    1    2    1    5    3    8    7    2    3    2   10    8    4    9   13
    7    3    3    4    3    2    1    2    3    5    1    6    0    0    0    8   12    7    7    4
    8   12    0    1    0    1    0    0    0    0    0    0    1    6    3   10    4    8   18   25
   13    6   22   16   26   34   43   31   69   17   19   43   25   26   39   27   56   29   69   47
   32   44   32    6   23   52   84   49   63   44   58   94   62  100  108   66   86   78   77   87
   39   52   51   58   90   63   44   69   44    9   44   39   48   44   46   27   11    8   13   15
   34   27   30   10   28   27   11   10   10   17   11   11    0    5    9    0    0    3    0    8
   19    3    5    0    0   11    6    2   13   10   17    2    1    0    0    0    2    1    0    0
    0    3    0    0    9    2    0    6    3    3    1    1    0    3   10   29   14   17   25   19
    8    1    3    3    4    1    3    9    5    7    5    8    1    1    4    6    9    2    3    2
    4    3    0    0    0    1    0    2    1    1    0    0    1    3    1    1    2    1    4    9
    1    1    1    9   15   26   17   23   28   10   25   38   56   53   47   66   62   58   62   82
   43   26   85   16  119   64   67   21   52   56   64  110   83   55   79   66  106   85  132  116
   58   16   32   32   40   25    8   13    8    3  136   30   22   20    9    6   19   14   14   16
   50   13   22   57   30   27    8    1    3   29   14    1    0    2    0    7    4   17    1    6
    0    5   14    3    0    7    3    1   15    1   17    3    1    3    2    2    2    0    0    0
    1    6    2    0    1    1    4    1    0    3    7    0    0    1    0    6   14    9   17    9
    0    1    2    1    0    0    0    1    1    2    1    3    2    2    1    8    8    5    1   14
   18    8    1    2    2    1    2    1    0    2    1    1    1    2    2    6    7    7   16    6
   10    9    5    8   12   29   12   27   16   14   13   29   41   40   37   37   65   55   82   78
   55   28   77   26   70   56   83   31   58   16   36   92   59   54   91   34   77   93   56   73
   37    4    9    1   40   15   15    1    2   45   57   17   23   30    0   10   27   11   20   15
   39   19    4   31   11    9   15    3    3   16   12    0   12    9    6   21   15   15    9    3
   17    2   21    0    0    9    7    3   11    6   12    8    1    5    2    2    8    2    3    1
    2    6    2    9    1    3    1    1    0    3    5    3    0    0    3   15   12    8   23    3
   13    1    3    3    1    1    1    6    6    8    3    4    0    0    4    2    7    9    1    7
    4   14    0    1    2    0    0    0    0    1    0    0    2    2    0    0    0    0    9    4
    2    1    2    2    9   11    7   16   17    3   11   30   16   30   27   25   28   23   48   45
   29    7   45   12   31   14   32   26   20    9    3   40   26   11   21   11   38   35   25   28
   32    6    3   12    9    1   10    1    0    1   63   38   11   16   11    9   20   28   19   19
   32   22   10   16    7    4   11    9    7   20   17    1   15    2    0    0    0   11    9   11
   15    0    0    0    0    5    2    1    4    2    6    2    0    1    1    0    2    1    0    0
    0    1    0    1    0    0    2    0    1    1    0    0    0    0    0    2    9    2    4    4
    3    5    5    4    3    1    1    1    1    0    1    0    0    0    1    2   14    0    0    2
   10    2    0    1    2    0    0    0    0    1    1    1    0    0    0    1    0    0    9    7
    3    7    7    3   12   16   13   20   18    1    4   23   31   37   38   28   39   31   45   35
   39   24   93   37   77   43   55  114   97   92  162   85   56  141   90  149  100   85  128   85
   85  106  184   90  155  245  209  131  106   59   61   58  224   78  214   42   61   35   26   39
   63   37   13   56   31   26   30   17   12   19   22   11   24   25    3   43   40   32    6   34
   17    4    9    4    0    3    6    4    4    7    5    2    0    1    1    0    1    5    0    1
    3   11    3    4    5    2    3    0    0    2    1    2    3    2    0    6    5    3   12    5
    6    2    3    8    3    2    3    8    3    3    5    1    1    0    2    1    3    0    0    0
    2    0    0    0    0    0    0    0    0    0    0    0    0    0    0    3    0    0    9    0
    0    1    0    0    0   10    4   18   25    0    9   23   29   47   63   56  138   54   96   55
   36   27   34   27   22  104   98   64   74   23   19   66   58   52   35    2   59   60   70   38
   20   10   20    7   24   20   12   11    5    9   25   28   14   13    8    7   13   15   16   16
   24   21   12   12   18   14   12   10   24   25   34    7    0    1    3   55   37    2    4    0
    1    2    4    1    4    5    9    2    9    8   15    0    1    0    2    1    7    0    0    2
    1    4    3    4    2    1    0    0    0    0    0    0    0    0    0    3    4    2    7    5
    3    2    4    7    5    2    5    5    5    7    8    3    1    1    4    4   12   12    0   13
   13   26    2    2    1    1    0    0    1    6    0    0    2    3    0    1    1    2    7    5
    3    4    8    2    9   14   16   18   24    5    6   21   12   14   22   29   72   16   35   21
   12   13   16    9   12   70   54   53   46   40   36   57   30   44   34   25   33   46   79   45
   16   20   34    9   44   24   24   29   24   14   27   34   53   41   63   15   11   16   13   40
   23   24   13    6   19   20   14   12    6   13   13   23    9    0    0    2    3    0    0   22
    0    3    3    1    2    2    4    1    7    2   10    4    3    0    0    3    3    0    0    0
    2    2    7    2    0    0    0    1    3    3    2    0    0    0    0    9   13    2   12    4
    3    0    1    3    2    1    1    4    0    1    3    4    0    5    5    2    9    7    0    3
    8    3    4    3    0    0    0    0    0    0    0    0    0    0    3    0    0    0    7    1
    0    0    1    0    1    9    6   11    9    1   28   17   16   15   12   13   14   17   32   24
   13    5   20    4   23   12   29    4    9    7   11   26   21   15   23   15   40   45   41   46
   30    2    1    0   10    3    1    0    0    0   26   17    6    8    1    5   13   16    6   19
   19   18   23   17   10   21    9    3    5    8   12    5    0    0    0    3    6    1    2    0
    2    8    1    3    0    1    1    0    5    4   14    0    0    0    0    0    0    0    0    0
    0    1    2    1    0    1    1    0    0    0    0    0    0    0    0    4   17    3    7    6
    5    5    5    6    5    6    4    7   12   13    9   15    5    4    4   12   20   13    4   10
   12   10    7    6    0    2    1    3    3    4    5    0    4    2    6    6    4    9   13   29
   13   14   34    6   55   53   46   42   50    8   11   66   38   39   44   33   62   49   56   51
   58   45   72   35   62   59   69   25   47   31    0   50   60   20   47   10   75   44   29   51
   57   55    0   40    7    2    1    8    1    4   43   16    2    6    3   28   32   25   14   22
   58   38    9   22   13   10   13    4    8   13   30    5    2   11    4   12   11   30   13   16
   16    2    5    8    1    0    0    1    2    5    7    4    2    2    2    2    0    0    0    0
    0    0    2    0    0    0    0    0    1    1    2    0    0    0    4   31   21    3   25   11
    4    1    4    6    3    0    2   12   11    3    4    2    0    2    1    0    6    5    0    4
   11    5    0    1    1    1    1    0    0    1    4    0    1    4    2    4    0    0    7    4
    6    3    3    2    6    2    0    8    5    0    3    6    9   10   15   28   56   21   56   37
   17   16   24   26   27   55   52   60   68   13   27   88   49   48   65   36   64   79   46   52
   43   12   18    6   25   14   19    3   17   10   25   20   14   34   14   15   19   26    8   11
   32   33   22   30   22   18   18    4    6   14   24    8    0    0    0    1    8    5    1    7
    0   14   11    2    0    5    1    1    1    3    4    1    1    0    0    1    2    0    0    0
    0    1    5    2    1    3    1    1    0    0    1    0    0    0    0   15   30    8   39   14
    4    2    5    3    3    1    5    6    3    3    4    6    0    3    7    1    8    8    1   13
    7   24    0    2    0    3    3    4    4    3    2    1    8    2   13    4    7   22   35   41
   21   11   47   38   50   53   73   49   76   54   63   61   44   50   40   66  102   76  131  125
   71   41  104   37   91   50  134  109  130  104  165  219  168  219  126  245  140  150  162  123
   47   66   86   35  166  139  144  120   46   88  129  100  135   81  114   21   12   12   12   12
   56   50   44   24   38   46   27   13   15   23   63    6    0    0    0    2    7    1    0   20
   17   12    4    1    1   31   11    1   32   21   30   15    9   10    8   17   12    4    8    6
    1    4    1    0    3    6    3    2    0    0    0    0    0    1    0   11   21    6   14   12
    1    1    3    1    1    1    0    1    2    2    3    2    4    0    1    2   11   12    6   13
  108   33    2    3    2    5    7    9    6    2    0    1    5   12   12   12   21   24   10   24
   16   23   27   26   27   26   25   32   44   24   30   59   26   29   38   46   71   45   63   60
   50   36   70   17   50   82  111  134  142   88  109  126   77  147  114  107   88  129  175  117
   56   51   76   51  114  107  120   52   44   20  130   98   97   44   62   21   19   21   12   22
   83   34   24   17   29   13   16    4   10   19   16   14    9    3    0    4    0    3    0    3
    0    2   16    2    0    9    8    2   11    7   16   17   10   15    1    7    7    1    0    1
    1    3    5    3    3    2    4    1    0    4    8   11    0    0    0   21   25   15   23   26
    8    1    5    8    4    2    2    3    3    1    3    6    1    0    5    2    1    2    0    3
    0   18    0    0    1    1    1    0    1    2    1    0    0    0    4    0    2    2   10   11
    2    2   20   16   22   44   27   26   17    8   11   10   43   33   30   44   67   58  130   83
   54   31   79   54   96   72  105   74   91   39   61  117  118  120  133   73  173  163  147  156
  123   51   76   32   73   63   57   48   37    4  105   52   50   18    9   18   38   47   34   62
   92   55   20   53   24   21   20   18   18   33   35    5   10   15    7   88   79   25   28   12
    0    3    7    3    2    3    8    7    6    7   14    9    6    5    1    1    8    8    2    0
    2    9    5   11    1    0    0    0    0    2    1    0    0    0    1   18   27    6   27    5
    4    1    2    5    2    1    2    1    1    3    1    1    0    0    1    0   11    1    0    0
    6    2    1    3    2    3    1    0    2    0    0    0    1    2    2    2    1    1    1   15
   16   10   20    3   31   31   20   34   24    1    4   21   39   36   32   50   80   26   64   27
   20   12   14    9   17   74   67   78   89   78   60   79   47   58   62   88   41   55   87   56
   11   54   70   45  158   44   56   87   88   18   70   65  236   83   74   33   18   29   21   63
   56   13    8   25    9   12    4    7    1   13    5    7    8   24    5    6    5   27   18   48
    7    4    9    1    1    0    0    2    2   14    9    0    0    0    0    0    0    0    0    0
    0    0    5    1    0    1    0    1    0    1    0    1    1    2    0    3    9    6    3   10
    5    1    3    7   15    0    2    5    2    0    1    1    0    0    1    0    2    1    2    0
    2    0    0    2    1    1    0    1    2    4    0    2    4    4    6    0    3    9    2    3
    4    3   19   11   33   68   38   98   73   16   20   80   90  116   94   64  108   62   96   69
  101   73   66   62   80   65   68   64   77   52   68   80   50   76  107   51   70  100   70  104
   52   54   35   28   66   57   39   25   17   10   80   74   40   21    6   38   34   29   27   23
   49   53   10   41   27    9   14    8   11    6   20    5    3    9   10   58   53   24   35   28
    3   12   29    0    1   11    6    4   22    8   24   10   12    5    8    8    8    4   11    4
    2    1   10    7    2    2    1    0    0    1    4    5    1    0    2   17   12    1    8    3
    7    3    3    4    4    3    3    4    4    2    4    4    0    3    4    4    9    3    1    2
    3    0    0    2    1    2    2    0    1    0    0    0    0    0    0    2    0    1    2    0
    0    1    3    0    4    8    5    8   14    3    6   19   10   16   16   50   73   45   67   59
   24   12   61   12   46   57   61   37   32   22    5   79   74   23   30   10   69   37   25   41
   18   15    2   13   16    0    2    3    1    2   22   11    7    3    3    2   16   15    9   18
    1   22   24    8   16   11    8    4    6   12    9    0    0    0    1   17    0    0    0    7
   17    2    8    0    0    9   12   20   11    9    1    2    0    0    0    1    3    0    0    0
    1    3   11   10    0    0    0    1    0    4    2    3    2    0    0   18   22    7   18    9
    4    1    1    2    1    2    2    7    2    1    3    3    0    0    3    0    3    0    0    0
    0    3    0    0    0    0    0    0    0    0    0    0    0    0    0   11    0    0    1   34
   21    0   27   25    7    8    0   10   10    0    5   11   29   35   29   52   99   84  113   97
   83   16   63   35   78   88  109   72   72   53   62   90   90   86  113   76   80  114  129  100
   47   25   27   23   67   42   42   42   26   36  120  127   43   53   17   37   27   17   19   27
   50   28   19   35   30   12   20   10    9   17   19    4    2    7    0   28   20   14    7   27
    1    8    6    3    0    4    2    1   12    2    5    0    0    0    0    0    1    3    0    1
    5    8    3    5    1    0    0    1    0    4    1    1    0    1    0    1    3    1    1    4
    2    2    1    2    1    1    0    1    1    2    0    1    1    1    2    0    7    2    2    5
    3   15    1    3    2    0    1    1    0    2    3    0    0    2    3    2    1    1   12   14
    7    0    5    1   11   20    8   19   19    1    5   19   43   54   55   89  106   70  106  119
   58   28  114   29   99  101   98   48   63   15   12  113  129   70   85   48  108  112  122   95
   51    0    6    0   39    9    6    5   31    7   89   31   30   12   14    2   21   13   14   24
   27   27   18   40   28   24   10    8    4   18   17    4    1    0    1    5    1    0    0    0
    0   16    3    0    0    6   11    3    8    4   15    2    1    2    2    5    6    1    0    0
    3    7    5    6    1    1    0    0    0    0    0    2    0    0    0   13   13    7   20   21
   12    3    8    6   10    3    4   20    9    8    5   22    1    5   10    9   24   19    2   18
   18    7    2    2    0    0    2    3    0    0    0    0    5    2    0    0    1    0   12    2
    2    0    2    5    3    8    6   13   11    8   11   21   26   28   33   50   57   40   47   55
   56   19   69   32   84   73   42   39   35   49   63   49   40   79   62   85   55   78  120   85
   47   51   66   55   85   98   66   58   30   14  100   90   48   64   26   20   52   42   12   29
   66   44   22   43   25   20   10   10    3   14   17    6    9    5    1    9   10   15   12   10
    0    0    2    3    1   10    5    4   16    7   16    6    0    3    1    3    7    0    2    1
    1    2    5    1    1    1    0    0    0    0    0    0    0    2    0   24   29    9   41    0
    3    1    3    2    2    1    1    2    1    2    2    4    1    2    3    1    8    4    1    3
    5    2    1    2    2    1    1    1    5    7    4    1    1    1   12    1    7    5    7   15
    3    2   28    6   28   69   42   82   74   10   24   50  126  113   83  196  207  117  226  191
   61   20  166   18  135  214  268  124  230  123  120  266  280  204  198  162  176  196  150  140
   70   62   92   42  143  114   71   33   22   18   90   42   43   56   24    4   17   37   19   37
   56   30    7   24   11   17    0    8    3   19   20    8    2    9    9   84   60   11   18   12
    0    3   12    0    0    9    5    1    1    2   13    3    6    2    4    6    3    2    1    1
    4    3    5    2    1    1    1    2    3    7    3    2    0    0    2    8    9    9   11    7
   10    3    7    5    3    2    4    8    4    7    3    5    1    0    0    2    9    0    0    0
    1    0    0    1    1    0    0    2    0    0    0    0    0    0    0    0    0    0    1    0
    0    0    0    0    7    8    5   12   12    0    0    6   22   18   15   44   51   25   79   46
   26    1   53    2   53   66  121   42   41   87   58   80  102   59   53   75   64   37   71   39
   32   42   39   18   63   44   28   16   20   34   57   29   76   60    9   18   34   16   30   21
   26   11    1   50   13    3   14    9    7   10    7    3    1   24    0    4    4   78   27   25
   36    6    9    1    0    0    5    6    0    0    0    1    0    0    0    0    0    0    0    0
    0    0    1    2    1    3    1    1    0    1    0    2    2    6    1   12   20    0   19   20
   21    7    7    5    9    7   13   14   14   18   13   22    8   10   16   23   39   28    4   34
   25   13    4    8    5    7    7    7    8    8   10   11   12    8   19    4   12   19   17   40
   22   17   38   17   47   45   43   41   55   26   17   46   75   74   70  108  127  136  123  146
  108   58  156   46  144   85   97   72  120   57   99  112  121   92   78   66  109  116   55   64
   38   18  109   62   73   68   11    5   19   17   41   13    3    2    5    7   36   25   29   20
   21   48   22   48   14   10   19   12   17   35   27    5   19   17    8   32    6   35   23   37
   12    3   20    1    4    9    5    1    9    2   14   16   14   10    7    5   10    0    0    4
    2    1    2    1    2    7    6    0    2    1    0    0    0    0    4   20   31    7   51   30
    8    3    8    2    4    7    3    5    6    6    7   10    5    5    9    4   16   12    4   12
   21   20    4    3    2    4    0    6    7    5    1    0   12   11   18   31   18   26   28   40
   27   38   58   35   62   90   74   69   61   42   33   73  104   97   91  122   88  119  125  140
  107   43  106   41   86  100  141   93   90  108  109  106  107  138  102   85  119   77   90   57
   59   70   85   36   81   90   75   19   15   17   65   43   66   43   39   11   20   19    9   13
   28   29   20   17   40   12   16    2    2   13   31    6    2    0    4    0    0    0    4    2
   13    5    2    4    0   14    9    2   14    9   31   14   13   14    6   10   12    3    3    0
    1    3    4   16    0    0    0    0    0    2    0    0    0    0    3   27   34    4   18   26
   12    5   19   14   11    5    8   16   22   31   10   31    4    1    5   47   18    7    2    4
   19    1    0    1    0    0    0    0    0    0    0    0    0    0    1    1    0    8   11   16
    9    4    6    4    0   18    4   31   13   11    2    5   13   31   28   37   90   55   98   63
   35    8   44   15   37   92  113  107   91   86   79  112   84  100   74   70   56   68   69   71
   21   40   35   27   69   38   46   24   11    8   70   49   35   25    9   35   13    7   21   25
   38   27   12   28   27   17   22    7   17   30   29   13    6   23   12   45   24   10   16   21
   27   15   10    5    0    7    3    5    5    2    7    4    0    4    0    4    6    3    2    3
    6    5    3    6    4    2    1    5    0    3    7   10    3    0    0   19   25    9   24   10
    5    4    5    3    2    1    1   11    5   31    2    7    1    0    4   11    5    6    0    4
    2   10    0    2    4    1    0    1    8    1    2    0   10    1    3    0    0    4   14   11
    6    5    6    8    9   24   10   16   16    8    6   19   56   39   40   53   41   41   52   51
   37   11   57   17   53   40   64   52   73   58   47  106   68   70   58   95   68  103   79  104
   71   67   48   43   84   43   34   19   34   31  108   68   47   65   57   72   24   18    8   43
   56   27    7   40   21    5    3    3    2   13    9    4    1   15   12   30   21   51   16   65
   73    1    6    0    1   16   14    5    8    5    2    9   11    7    0    3    7    0    0    1
    0    0    0    3    3    2    1    1    0    1    2    0    0    0    3   43   37    7    8   13
    5    0    1    3    5    1    3    9   11    2    3    1    0    0    1    0    3    2    0    2
    7    1    0    1    0    0    0    0    0    6    6    2    1    0    2    2    0    0   12    1
    4    2    2    2    5   15   12   33   32    2    7   39   35   53   50   92   94   57   77   63
   54   39   58   44   76   83   49   41   51   32   63   64   46   59   71   50   61   49   66   63
   40   15   33   22   75   27   68   28   19   12   75   56   94   58   52   16   29   34   10   18
   31   36   13   49   16   10   20   14   26   20   22    9    2    7    5   20   20   28   16   26
   10    3   13    1    0    0    0    1    1    2   10    1    0    2    2   10    3    0    0    0
    2    2    4    1    3    7    6    0    2    7    7    1    0    1    7    8   12   10   21   10
    2    1    5    3    4    3    7    4   10    3    8    3    2    0    3    1    4   13   15    2
    0    1    0    1    0    0    0    0    0    0    0    0    2    2    2    0    0    0    2    0
    0    0    1    0    5   16    7   14    8    0    2   10   27   26   25   73   78   53   97   74
   33   16   61   18   60   87   98   84  104    8   22  115   92   57   67   32   85  104   80   75
   63    2    1    1   19   17   11   14   17    8   49   39   16   26    6   27   37   26   20   44
   59   16    7   24   10   19   21   16   16   23   21    6    5    2    2   15    6   13    1   27
    0    0    7    0    4    0    2    4    3    0    3    1    0    1    0    0    0    0    0    0
    2    1    4    4    0    0    0    0    0    0    1    1    0    1    0    8   12   10   21   10
    3    4    8    6    7    5   11    6    9    7    6    6    2    2    7    8    7   11    1    7
    7    9    0    2    1    0    0    0    0    6    7    7    1    0    4    0    2    5    5    9
    3    2   11    4   16   29   20   54   42   26   27   48   73  107   97  146  162  100  143  105
   48   28   60   18   45  141  100   53   64   13    8   76   71   29   56   25   97   48   66   53
   40   40   10   29   22    9    6    9    2    6   86   52    8    1    2    1   13   14   15    7
   20   34   17   15   26   18    6    3    1    8   25    1    0    0    0    0    0    0    0    0
    0    0    0    0    0    0    1    0    2    2   22   14    4    7   12   10   13    2    4    4
    2    2    2    1    3    3    4    4    2    8   18    6    1    7    5   53   30    5   19   17
    5    2    9    7    5    5    6    8   24   13    7   10    3    1    5   11   14    6    0    1
   11    5    1    1    1    0    0    0    0    1    0    0    0    2    0    0    0    0    7    6
    1    0    0    0    4    7    0    3    0    0    0    3    8   15   25   45   83   79   73   64
   66   18   86   26   79   81   87   56   56   43   54   54   67   60   59   58  102   92   76   78
   59   44   25   44   36   22   30   32   28   25   89   61   32   10   13   15   35   30   22   30
   48   37   17   50   19   24   20   14   12   17   23    5    7   15   11    4   18   18    7   30
    4    7    1    0    0    2    1    4    3    2    4    0    0    0    1    0    6    0    0    1
    3    2    1    1    0    1    0    0    0    0    1    0    0    0    1    3   14   11   22   17
    0    0    1    2    1    0    0    0    0    0    0    0    0    0    0    0    2    0    0    0
    1    3    0    1    2    1    0    0    4    7    3    4    0    0    8    2    8   10    9   11
    5    7   17   13   29   46   29   67   58   17   24   61   49  110   90   91   92  102   87  130
   72   52   52   40   43   65   85   65   66   70   99   99   76   65   55   89   82   62   61   39
   55   59   57   17   99   84   93   55   37   36   35   44  126   76  106   16    9   16   12   18
   27   37   16   20   16   26   25   12    6   31   18    4   10   21   17   98   55   14   22   18
   29    3   17    1    0   19    9   14   13    4   22   11    4   12   10    9   18    9    7    8
    3   15    8    9    9   12    6    5    0    9   16    7    5    4    2    9    7    6    5    3
    6    4    6    5    6    5    5   12   14   21    7   23    3    0    4    3   12   12    0    2
    6    0    0    0    0    0    0    0    0    0    0    1    0    0    0    0    0    0    1    1
    1    0    0    0    0    7   11    6    3    0    1    7   26   32   29   52   36   23   27   28
   19   12   27   10   26   37   42   48   39   24   38   37   19   32   41   34   20   33   44   32
   30    3   13    1   26    5    7   14   15    4   11   15   19    8    4   19   21   17   13    9
   19   24    9   18   27    1    6    8   12   16   15   12    1    6    0    5    8    7   11    3
    5    5    2    0    0    0    1    1    0    1    2    0    0    0    0    0    2    1    0    0
    5    1    3    1    0    2    2    0    0    0    0    0    5    0    0   29   35    6    9    6
    6    2    1    7    3    2    4    5    9    4    5    5    2    1    7    0    7   12    7    3
    5    4    1    4    8    7    7    6   15    3    1    0   10    5    1    4    1    1   28    1
    3    7    1    0    0    0    2    1    1    0    0    5    9   19   20   41   37   24   76   47
   29    9   47   12   37   51   86   73  110   63   77  108   87  125   94   97   42   86  150   99
    8   34  109   33  216   86   60   36   48   52  113  186  115  151   49   43    7    7    4    2
   35   18   11    8   21    8    1    0    0    3    7    1    0    0    0   12    3    3    2    4
   11    3    0    0    0    0    0    0    0    0    0    0    0    0    0    0    0    0    0    0
    1    2    2    0    2    2    1    0    0    6    0    0    0    0    3   75   83   19   28   16
    2    1    2    6    1    2    3    2    4    2    3    1    0    0    3    0    2    0    0    0
    0    1    0    5    1    0    0    0    0    1    1    0    0    0    0    0    0    0    8    0
    0    0    0    0    0    0    0    1    2    0    0    0    3   11   13   11   68   22   52   38
   16   10   25   13   29   53   68   23   39   20   22   57   40   40   35   32   52   55   66   47
   49    4    6    3   19   18   29   16    8   16   27   24   23   14    4   18   14   25   21   30
   35   23    7   13   21   25   21   20   16   50   40    9   18   20    4   41   55   22   28    9
    6    3   10    2    0    2    6    2    1    0    1    0    2    1    1    2    6    1    1    1
    1    2    2    7    3    1    1    0    0    0    0    0    0    0    1    4    4    4    2   11
    4    0    2    2    1    1    0    1    1    0    0    0    0    0    1    0    2    1    0    0
    8    2    0    2    0    1    0    0    0    0    0    0    0    0    1    0    5    2    5    2
    2    2    1    2    1    0   19   10    6    2    5   11    2   21   15   47  149   53   94   67
   27   14   48   15   36  133  111  139  137  159  171  137   90  166  101  175  113  131  185  115
   57   72   84   48  130   65   78   60   42   55  118  110  108   76   45   84   24   20   26   33
   49   34   28   36   32   37   27   14   14   44   39    1    5    1    2   26   10   16   18   31
   10   20   19    3    0    5   10    9    4    2    5    1    1    3    1    1    7    4    5    2
    3   10   10    4    4    1    3    0    2   12    5    2    0    6    3    3    7    7   18    9
    5    3    4    5    6    4    3    3    6    3    2    4    4    1    9    0    5    1    0    4
    7    7    5    3    1    2    2    3    6    5    2    0    3    4    8    7    6    8   18   14
    9   15    4    2    3   12    6   19   19    5    4   31   12   18   19   23   41   24   25   67
   20   21   31    7   11   34   36   23   33    4    9   31   27   33   21   30   29   29   45   31
   21    0    1    0   10    0    8    9   35    6   26   35   20   17   32   16   12   11    6   17
   18   13    6   23    9   11    5    3    1    6   10    5    0    2    0    0    0   10    2    5
    8    2    1    3    0    0    1    0    3    3    7    4    2    2    5    2    1    2    0    1
    0    1    2    4    0    1    2    5    0    0    0    0    0    1    0   20   36   13   28    7
    3    4    3    4    3    1    4    4    3    0    1    0    0    1    4    0    5    2    2    1
    1    0    0    0    0    0    1    0    7    0    0    0    0    0    0    0    0    0    9    3
    0    0    0    0    6    9    3   11    9    0    0    9   24   20   22   21   30   18   33   48
   37    5   33    1   27   28   26    5   12    4    6   17    8    7   11    6    3   21   15   28
   14    0    2    0    1    0    0    0    0    0   13    6    0    1    0    5   11   15    6   11
   14    8    7    5    5    0    3    3    1    3    8    5    0    0    0    2    0    5    0   14
    0    8    0    2    1    0    0    0    0    0    5    0    0    0    0    0    0    0    0    0
    0    0    1    0    0    0    0    0    0    0    1    0    0    0    0   27   41    5   72    7
    3    0    0    0    0    0    0    1    0    1    0    2    0    2    4    2    9    5    1    6
    6   19    2   10    1    1    0    1    2    2    2    0    0    0    1    2    3    2   18    2
    7    6    4    6    5   11    6    9   16   13    9   28   28   29   29   59   65   30   50   23
   35   26   28   14   13   54   55   68   35   39   58   44   23   61   52   65   15   38   53   47
   23   41   55   56   73   96   83   71   40   23   60   72   58   37   72   62   16   27   15   39
   40   38   30   21   24   19   21    9    3   22   17    1    3   23   10   73   65  107  173   72
  126    0   11    2    5    5    0    4    9    8   14    5    4    7    3   10    5    2    3    0
    1    2    3    9    2    3    0    1    0    6    1    0    0    0    1   25   28    5   20   14
    2    0    1    5    5    0    1    7    9   19    2   16    0    0    0    7    2    0    0    0
    1    2    2    4    2    1    2    1    0    0    0    0    0    1    6    3    0    1   15    0
    1    7    6    0    5    8    8   21   19    4    1   27   43   62   49   72  135   60  120   95
   39   23   47   38   56  148  111  154  138  195  245  147  113  195  133  207   93   97  137   89
   65  183  345  248  291  417  420  467  275  125  100   96  241  129  394   12   37   32   10   14
   34   52   21   44   45   27   33    8   11   26   39   14    0    3    0   19   24   21   29   40
   25   13    2    3    0    4    3    1    4    5    5    1    2    0    0    0    4    0    2    0
    0    4    1    1    7    4   18    0    5    1    6    0    1    5    0   17   18   19   27   12
    5    1    0    0    0    0    4    6    6    1    4    1    0    1    8    0   14    5    4    7
   11    9    0    2    2    7    3    2    3    1    0    0    0    1    1    0    1   14   20   44
   26    6   39   14   63   42   45   49   41   17   20   60   42   59   60   64   71   79   57   56
   48   32   58   12   39   48   34   30   25   32   40   39   26   62   34   48   40   67   65   71
   19    5   20    9   52   20   22   31   12   31   49   76   42   72   27   72   20   22    7   31
   47   17   10   16   14   15    6    3    4    8   19    0    0    3    0    7   31   20   37   23
   60    0    2    0    0    3    2    1    5   18   21   11    2    1    0    1    5    0    0    0
    0    0    2    1    0    1    0    1    0    0   12    2    0    4    0    7   14    8   13    4
