    3    6    2    4    2    3    4    7    5   22   16   13    2   48   23    5   26   26    3   26
   41   13    3    3    5    4    8   11   25   28    6    1   10    8   14    4    7   22   10   12
   10   16   15    8   27   59   27   31   33   21   17   70   36   94   48   79  112   85   99   99
   83   29   76   31   58   76  135   69  402   44   44  125   84  107   97   66   66   67  106   43
   30   74   93   22   71   95   33   66   13   27   42    3   10    1   39    5   23   15   15   18
   39  196   13   43   12    8   16   10    6   24   24   14    4    7    0    0    0    0   12    0
    9    4   19    3    2   33   15    2   21   11   21    7   21    5   27    3   45    6    1   20
    1    4    3    3    0    0    0    8    0    2    1    4    0    1    7   13   17    5   17   12
    3    0    0    4    0    0    4    7    1    0    2    1    2    1    3    5    6    6    3    3
    1    2    3    3    5    4    3   12    3    8    2    1   14    5   15   12    7   13    6    9
   12    7   15    8   28   61   29   45   33    7   17   41   36  107   48  114  157  128   99  162
   78   29   76   30  110   76  219   78  177   81   82  125  180  107  136  139   84   87  125  113
   80   58   93   56  101   95   33   66   28   25  107   47   44   17   39    8   22   29   14   36
   39   26    9   24   21   17   12   10    1   21   14    1    0    7    5   59   30   12   12   19
    9    1   19    3    2   17   22   17    3   11   21    7    7    5    3   18   18    4    1    2
    1    5    3    3    7    1   14    1    0    0    6    0    0    1    2   13    9    5   13    3
    3    4    4    4    4    1    4   11    9    0    2    1    0    0    0    0    0    1    1    0
    5    1    0    1    9    7    3    4    2    3    0    1    4    1    4   12    7    7    5    3
   18   14   23    8   27   48   24   49   44   11   18   62   67   82   65   67  102  117   99   74
   48   18   87   34   73   57   78   58   84  117  145   73   76  107   81  105   56  105  136   95
   32  181  169  103   97  139  122   88   56   55  120   84   55   76   82   34   13   22   11   16
   54   27   12   34   20    8   19   10    5   38   19   24   15    8   17   41   41   32   20   61
    9   12   19   11    0    8    0    0    6    8   21    7    3    5    0    0    0    1    1    0
    1    1    4    1    0    2    3    6    0    0    0    0    0    1    3   13   63    5   43   25
    1    6    6    4    1    3    5   11   12   26    6   23    4    1    7   15   32   24    6   29
   40   27    7   11   11    5    7   20    5    4    2    1    7    8   21   14   22   27   25   34
   19   10   33   22   44   43   45   61   59   38   59   69   60   77   82   84   81  140  143  116
   95   68   84   48   51   58   68   61   92   68   75   55   72   69   48   37   61  106   51  101
   73   48   38   32   48   58   65   35   14   17   59   37   25    6   10   11   31   28   16   17
   37   29   11   13   27   15    7   10   15   11   26    8    7    3    2   33   39    2    0    0
    6   16   51    3    0   21   11    3   22   31   37   21    8   13    3    8    4    4    1    2
    3   13    7    6    3    3    1    3    1    6   14   15    2    2    2   15   15    2   18    3
   11    7    7    4   11    6   21   11   12   11    9   10    7    3   15    9    5    1    0    0
    3    0    8    6    4    3    0    0    0    1    0    0    0    0    3    5    1    5   10    7
   12    6    7    2    7   24   11   31   35    8   23   38   36   65   52   81   98   66  101  101
   57   27   77   28   50  110  157   90  189   47   54  229  145  112  128   45   84  133   71   97
   44    7   16    0   40   14    7   15    2    7   66   21   16   11   10    6   14   14   12    8
   30   24   17   36   15   14   28   17   14   30   32    5    0    0    0    0    0    0    0    0
    3   23    1    2    0   13    5    5   12   23   51    4    1    4    0    3    4    0    0    0
    0    4    8    9    1    2    0    0    0    0    0    0    0    0    0   29   49    5   21    7
    2    3    2    4    5    1    2    9    1    3    2    1    0    8    3    3   15   18    8   31
   32   13    3    3    3    5   12   11    2    0    0    0   12   17    4    3    2    1   27    8
   12    3    1    2    3    4    1    2    2    3    1    4    6    6    9   19   25   14   58   53
   16    5   59   16   59   51   86   90  114   80  132  109   83  125   94  143   90   92  165  114
   53   93  149   96  120  154   90  121   88   49   97   65   87   69   73   39   26   16   17   34
   54   23    5   38    3   12   14   12   12   26   20    2    3    0    0    6    0    0    0    6
   10    9    2    1    0    0    0    2    1    0    1    0    0    0    0    0    1    0    0    0
    0    0    2    0    0    1    1    0    0    4    0    0    0    0    0   11   19    7   24   13
    9    8   12    7    8    3   10   28   11   10    4    7    1    2    0    5    6    3    2    5
    5    6    2    2    2    8    1    4    4    8    6    3    8    5    8    4    7    4    6    8
    9    4   11    4   22   28    8   30   28    7    8   26   52   51   54   80   98   60   90   95
   44   17   75   15   47  103   93  109  107  146  162  134   83  178  158  187   84  128  175  179
   68   97  138   66  165  139  114  106   53   39   98   52   92   46   58   12   29   24   24   21
   20   14   18   33   30   25   28   14   25   68   45   13   11   14   11   36   41   11    4   12
   10   23   31    3    0    3    1    5    7    2    6    4    2    3    2    4    3    2    5    3
    1    5    5    9    1    2    6    2    0    0   15    3    0    0    0   15    9    3   10   11
    1    4    6    2    3   10    4    2    3    5    2   10    2    5   10    8    9   10    1    0
    3    3    7    4    5    9    0    1    4    2    1    0    0    0    0    0    0    0    1    0
    1    0    0    0    0    8    3   20   11    0    0   21   13   29   40   50   78   45   78   78
   51   19   78   26   65   76   77   77   77   91  105   61   69   70   62   83   81   67   77   77
   39  118  124  135  118  126   66   99   81   69   59   75  130   85   85   24   33   25   34   24
   35   35    6   19    9    5   20    2    4   38   26   24   29   16    4   24   18    8    8   20
   20   17   24    4    2    1    0    3    0    0    6    0    0    0    0    0    1    0    0    0
    0    1    4    0    0    0    3    1    0    6    0    0    0    0    0   35   58    6   11   17
    2    0    2    2    0    0    0    2    1    2    1    2    0    0    1    1    4    1    0    0
    7    5    0    7   11    7    2    8   15   31   12    7   31    5   13    5    5    7   22   16
   15    9   20    9   26   30   30   53   53    9   12   66   57   90  112  120  185  145  275  274
  163   62  227   44  227  168  328  313  507  302  301  437  260  315  265  298  203  193  190  269
  120  340  301  215  260  425  171  162   68   54  170  104  135   78   66   59   47   50   39   68
  106   54   13   35   26   18   34   20   24   47   53   33   17   41   34  115   99   42   66   84
   24   24   19    6    1   23    7    3   12   13   31   10   11   20   11   24   16    7    4    6
    6   17    4    6    8    2    4    1    0    7   17    0    0    0    0   16   16   12   26   11
    3   11    5    6    5    1    2    6    6    5    4    5    0    1    6    0   10    3    0    1
    2    0    0    7    5    3    1    0    0    0    0    0    3    1    0    0    0    0   11    0
    0    0    0    0    0    2    0   23   26    1   16   37   14   26   31   18   20   20   22   37
   68   30   50   30   48   26   41    1    6    0    3   79   42    7   14    0   70   53   10   30
   50    3    1   21    1    2    5    5    2   12   13    3    4    4    4    3   39   33   30   34
   54   78   33   38   36   35   18   17   22   38   49   40    5    2    1    4   18    1   24    3
   11    2    9    0    0    2    6    7   28   26   23    0    0    0    0    0   12    0    0    0
    1    2    1    1    1    2    2    2    0    0    0    1    0    0    0   25   33   14   21    7
    0    3    1    2    1    2    1    2    4    1    3    1    0    0    1    1    3    0    0    1
    3    0    1    3    1    5    1    0    2    7    5    1    4   13    2    2    1    1    4   11
    8    0    6    2    5    5    2    5    2    3   10    5   16   18   16   59   86   47  153  109
   30   16   84   20   77  150  250  143  180   76   93  243  202  111  130  117  151  119  124  105
   56   50   80   54   72   91   82   97   76   46   96   77   61   33   30   24   31   20   13   40
   55   20   24   43   35   23   39   15   10   38   24    7   15    6   16   56   73   30   34   16
    4    5   15    0    0    1   10   10   12    5    4    3    1    3    5    3    4    3    0    1
    4    4    4    5    5    0    1    1    0    1    4    0    0    0    0    5   14    3   12    2
    0    2    2    1    1    1    1    1    1    9    1   16    0    9    6   12   50   25   19   31
   38   28   16    6   21   13   13   22    7    5    3    3   18   33   20    9   15   14   12   13
   15   19   10   18    8    2    7   14   12   18    9   35   13   46   49   56   68   28   57   31
   56   41   57   59   50   39   35   39   63   29   24   49   21   62   54   17   62   64   44   48
   21   49   56   56    9   72   54   45   42   38   29    4    7   10    2    3   13    9   11   18
   18   59    8   24   14   11    6    4    5   18   22   14    4    7    1   68   29    5   10    9
   11    2   13    2    0   15    4    6    6   11   31    8   16    4    2    6    2    0    0    0
    0    2    7    0    7    1    0    0    0    0    0    0    0    0    1    2    5    3    3    7
    3    1    0    4    1    3    3    1    2    1    7    2    0    1    2    0    1    2    0    2
    9    1    3    3    2    0    0    0    0    0    0    0    1    0    2    5    0    1    0    0
    0    1    0    1    0    2    0    9    7    0    6    7   13   18   31   26   12   23   23   36
   28    4   29    8   35   20   16   41   40   23   50   32   18   78   59   73   52   90  124  113
   62   10   28    4   80   19   10    8    1    6  129   88   91   64   15   19   37   12   12   30
   67   18    9   39   21   14    9    3    9   19   44   41    2    0    0    2   15    2    0    1
    1    8    6    6    0    3    2    0    2    1    5    0    0    0    0    0    2    1    0    1
    1    1    0    0    5    2    6    0    0    0    2    0    0    0    0    7   15    4    9    4
    0    0    0    0    0    1    0    0    0    1    2    0    0    1    2    1    4    2    2    2
    2    2    1    1    3    3    3    8    6    8    5    2    6    3   11    6   19   12    7   14
   13    8   26   19   47   76   28   90   84   30   16   99   73   78  101   62   87   73   99    7
   92   60   84   38   89   82  113   99  102   83  114  128   66  117   81   98   83  103  107   80
   52   36   57   18   84   45   16   19    9   26   66   43   27   24   16   17   24   31   18   42
   43   36    4   13   12    5    6   17   23   43   34   18    8    3   12   31   31   14   11   16
   28    8   40    6    0    8    8    6    7    4   35    7    8    9   14    5    3    0    0    1
    1    4    7    2    3    2    2    1    0    0    4    1    1    0    0   16    6    7   14    4
    3    2    1    3    5    1    4    4    6    3    1    0    0    0    2    3    6    3    0    9
   30   14    0    0    0    0    0    2    3    0    0    0    6    2    8    4    7   14    8   12
    9    8    9   10    8   19   19   27   41   23   13   60   29   57   63  109  131  119  192  145
   89   47   82   22   42  114  135   69  114   49   44  128   94   48   92   43   90   84   70   72
   30   35   56   22   67   55   67   77   33   70   80   76   64   79   56   17   20   23   17   27
   37   25   10   18   26   11   14    9   10   14   21    1    2    5    3   34   54   12   18   17
    4    0   12    0    0    6    3    9    5    2   10    3    4    2    5    5    4    0    1    0
    0    1    2   10    1    2    1    0    0    1    5    4    0    0    0    1    3    1    7    1
    2    9    7    8   16    2    3    6    8    3    1    3    0    0    0    1    8    3    0    4
    8   16    0    0    0    1    1    5    7    1    0    0   12   10   13    6    7    2   27   16
   11    3   15   11   17   17   22   18   18    9   17   21   16   27   34   38   51   48   94  105
   32   30   46   35   68   47  145   56   98   58   92  124  129   99   81   34  133   79   86   83
   53  111  122   55   41  114   47   53   16   58   73   42   12   10   17    7   28   13   11    5
   14   47   36   39   28   16    4    0    1    7   21   15    4    2    3    2    1    2    0    0
    1    2   28    6    0   12    4    5   11   14   21    6   10    1    6    2    1    1    0    1
    0    2    1    0    2    2    4    0    0    0    6    1    0    2    0   43   23    9   19    3
    1    0    2    3    2    0    0    6    1    3    2    3    0    0    2    6   19    5    2   14
   17   21    2    1    1    2    2    5    2    7    2    0    7    1    8   14   14   16   24   35
   34   18   44   24   22   23   37   25   37   28   47   95   23   55   38   45   77   38  104   55
   66   56   78   49  108   66   96   77  137   72   94  102  100  151  118  110  118   99  157   99
   78   44   77   44   95   95   84   89   52   26   91   82   84   75   75   19   31   47   21   35
   41   67   51   50   41   41   29    8   10   31   40   22   24    8    9   26   24    3    1    5
   16    3   35    2    0   17    4    3   30   31   45   11    3   11    1    6    5    1    0    0
    2    4    5    4    3    1    3    3    0    3    7    8    1    0    0    4   16    1    8    8
    1    3    3    4    6    7    7    9   12   23    9   17    6   11    6    5   11   14    6    9
   11    1    1    1    2    3    5    7    0    0    0    0    0    0    0    1    0    1    4    2
    0    0    1    0    0    0    0    0    2    0    0    0    0    4    1   13   29   11   24   10
    2    0    7    0    5   49   38   82   75  101  131   42   23   68   50   88   35   56   96   56
   17  188  180  134   86  162  111  106  105   80   44   55   76   73   84   16   15    8   22   44
   22    9   15   20   30   27   43   21   30   47   72   25    5    6    4   20   21   18   25   53
   12   12   16    6    0    4    5    3    6    0    0    7    0    0    0    1    1    0    2    0
    1    2    1    1    2    2    1    0    0    1    3    0    0    0    0    0    2    0    1    1
    4    0    0    3    1    0    0    1    1    1    0    2    4    0    1    1    4    2    1    2
    3    3    0    1    2    2    2    2    2    1    1    2    4    3    4   11    6   10   35   24
   33   11   28   20   31   46   50   50   43   28   16   43   43   45   57   81  110   59   85   61
   45    9   32    7   28   98  146  154  159  113  156  144   70  150   61   94   34   54   56   31
    7   73   69   45   94   72   34   42   20   35   14   17   28   16   25    5   10    5    5    6
    1   24    6    3    1    4    5    5    4   19   18    1    0    0    0    0    0    2    0    1
    0    2    3    0    0    5    4    2    3    9   20    7    3    3    5    6   11    1    3    3
    0    1    0    0    3    4    3    4    0    4    4    1    1   15    2    8   18    3   46    6
    6    3    2    8    5    2    2    2    1    7    4    5    1    0    2   10   18    7    6   10
   13   17    1    3    3    7    9    6    4    9    5    0    7    9   10    5    6    5   17   26
   14    5   35    7   37   60   45   66   42   10   21   59   84   84   72   59   83   93   78  101
   69   35   88   31   91   59   84   43   68   18   42   74   59   58   65   54  107   90   76   78
   76   10    7    2   22    7    8   17   21   18   67   35   25   58   23   16   33   16    8   18
   38   37   10   43   25   13   17   10    2   24   23    8    2    2    5   30   19    2    2    4
    0    7   24    1    0   14   11    6   14   16   18   11    9    6    4   11    8    4    3    4
    1    5    2    1    6    3    7    1    0    0    0    0    0    0    0    9   14    2    9    5
    7    2    7    8    3    1    4    9   11   23    8   18    8    9    9   14   23   17    5   25
   17   12    2    2    6    7    9    4    3    2    0    0    3    5    3    2    4   10   11    9
   15    3   13   14   15   34   18   34   30   23   19   49   57   40   51   68   67   94  103  129
   55   29  104   32   95   75   62   25   39   42   76   63   79   99   56   57   93   62   64  104
   76   20   44   27   45   17   13   31   12   10   64   37   28   27   32   19   33   31   19   14
   13   37   15   39   15   13   12   12   16   29   26    4    3    5    0    6   15   16    3   17
   16    9    8    0    0   13    7    4    7    5   23    8    1    8    1    4    9    2    0    0
    2    2    2    4    1    0    0    1    5    3    0    1    0    0    1    5   19   20   19    9
    1    1    2    3    2    1    3   10    7    9    8    9    2    4    6   12   14    9    1    9
   11    1    3    0    0    2    0    2    4    2    1    0    9    4    7    5    8    6    3    3
    4    5    4    5   14   27   11   41   29    8   12   60   53   66   59  105  160  123  222  170
   59   33  105   45  113  137  235  148  186   88   89  216  199  167  131  124  155  175  142  115
   43   34   38   34  102   64   56   31   28   51   82   38   41   22   21    4   18   15   13   22
   31   41   15   34   32   22   17   22   17   28   23    8    1    1    3   28   48    7   12   15
    1   13   23    1    0   18   17   10    8    2   21   11    3   13    5   10   16    8    4    2
    4   10    9   13    3    1    3    2    0    0   17   12    3    3    1    2    6    2    7    7
    4    3    7    9    5    2    7    4    6    3   16    3    4   10    3    5   15   15    6    4
    8    1    0    3    1    1    4    5    7    3    0    0    3    2    6    6    4    4    5   16
    7    6   23    8   28   49   28   44   33   13   12   52   62   49   59  119  270  225  297  193
   92   60   91   37   71  133  257   49   76   71   63  126   92   93   75   44   87   71   66   64
   69   16   25   18   37   12   26   10    3    3   52   32    3    9    1   13   21   23    1   13
   25   46   10   46    9    8    7    3    4   21   11   10    7    5    7    6   13    7    7   12
    1    0   42    4    1    1    1    2    6    2   12    4    1    4    0    1    1    0    0    0
    1    0    3    7    0    1    2    4    0    8    0    4    0    0    0   28   22   26   39   23
    4    2    0    4    2    1    2    3    4    4    6    5    1    0    2    2    7    9    0    5
    9    8    0    1    1    0    0    1    0    7    3    0    2    0    9    3    8    6   10    6
    5    3   16    3   19   47   25   57   34   13   19   55   63   59   72   51   87   65   91   79
   50   42   76   20   68   87  140   72   88   72   87  107  117  102   93   97   97   84   73   65
   23   99   58   54   78   86   25   49   12   14   83   37   38   10    7    3    7   10   13    6
   50   24    7   15   16   13   24    6   11   34   21    0    0    0    0    0    0    1    0    0
    0    2    1    0    0    9    2    1    3    1   31    2    3    3    4    5    7    9    4    4
    3    9    3    0    4    0    0    1    0    2   22   11    3    2    8   24   10    5   17   10
    4    2    3    4    2    2    0    0    2    6    0    6    0    3    4    4    8    5    1    3
    7    4    2    1    0    2    1    1    4    1    2    0    0    0    3    3    0    3   10   19
   14    3   23    8   28   52   23   36   40    7   15   45   63   56   54  108  149   82  204   94
   51   29   87   31   79  130  137   96  129   82  114  162  124  137  125  121   94   62  107   62
   31   47  106   39  137   94   99   58   48   29   66   46   90   19   44    8   16   14   25   36
   43   14   10   23   24   14   29   11   14   43   33   11    7    8    5   11   19   10   10   10
    8   11   21    2    5    8    8    4    4   13   19    3    4    2    0    3    5    2    0    0
    2    9    4    7    0    0    0    0    1    0    2    0    0    0    4   11   18    8   24   12
    6    3    2    2    3    2    5   12    8    4   10    5    3    0    2    2    4    4    0    2
    9   11    1    0    1    6    3    1    3   21   11    0   11    6   36   39   35   43   51   33
   46   38   43   37   72   95   57   72   79   24   45   87  100   64   87   64   68   99  103  119
  121   84   80   50   52   63  121   91  117   72  133  142  117  127   83  125   72   71   77  112
   26   40   49   45  125   43   20   37    7    5   75   34   45   22   27   30   21   13   13   12
   26   57   33   31   15   12   12   14    8   30   34   14    3    1    1   19   38   23   19   57
   60    3   15    1    0   32    5    6   39   26   35   29   31   20   14   28   15    4    1    5
   13    6    4   11    3    1    1    0    0   16   62    6    0    0    0   18   22    4   32    7
    4    3    2    6    1    0    1    6    4    2    0    2    0    0    1    0    2    0    0    0
    0    0    0    1    0    0    0    0    0    1    1    0    2    0    0    0    0    0    1    0
    0    0    0    0    0    0    0    1    0    0    0    0    8   16   13   31   43   18   51   41
   18    3   32   12   34   60   61   40   83   47   36   57   44   82   41   42   46   43   74   47
   41   35   27   12   21   19    7    3    3    5   40   28    7   20    8   18   16   19   21   27
   22   31   19   34   30   10   21    2    5   22   35   21    9   20   15   66   40   48   27   15
   16   16   26   21    0    1    3    3    0    0    0    0    0    0    1    1    3    3    0    1
    0    4    1   13    1    1    1    0    0    3    0    0    0    0    0   15   24    5   13   16
    5    0    1    3    1    0    2    4    3    2    4    4    0    1    1    0   11    7    0    5
    8    4    6    2    0    1    2    7    2    4    4    0    6    7   19    5   16   12   14    4
   13    5   11   13   18   32   22   43   46   12   18   38   44   49   51   30   50   47   71   50
   57   14   21    9   11   65   80   78   96   65   61   94   33   65   29   32   24   24   45   21
    1   22   33   27   52   28   31   31   33   17   26   19   68   44   49   25    4    2    9   22
   10    8    8    5    9    9    6    5    6    9   14    2    8    4   16   20   11   24   18   44
   29    5   15    0    1    8    6    4    2    6   18    9   10   12   14   10   10    2    6    5
    2    1    4    6    2    1    2    4    6    0    5    6    2    4    2    7    9    1    7    5
   11    8    6    8   10    1    6    3    9   15    8    5    2    1   11   14   23   10    3   13
   23   15    2    4    7    7    9   21   26   16    3    2   22   25   17   16   21   24   22   21
   27   19   13   16   39   14   19    9   14   13   41   49    8   26   19    8   23   29   59   29
   22   10   21    4   32   22   59   53   56   48   46   80   59   65   61   52   91   67   61   79
   54   28   48   22   68   52   64   43   29    6  100   72   92   47   52   16   10   31    8    7
   37   10   10   41   19   13   14   22    7   17   24   13    0    1    2   13    8    3   19   13
    1   14    4   14    3   22    7    7   25   19   34    9   18   13   13   11    9    0    0    0
    1    3    5    3    1    0    1    0    0    2    0    1    0    0    0   11   23    5   18    9
    1    0    1    2    1    0    0    4    4    3    6    4    0    5    8    2    4   10    1    4
    4    0    0    1    3    3    1    2   10   11    7    0    9    9    0    1    0    1    0    3
    1    1    3    0    4    6    2    5    4    0    0   12   14   21   26   36   56   48   71   70
   39   16   49   14   54   67  116  114  129  105  122  130  114  170  162  113  132  184  179  147
   57   53   82   72   91  109   44   67   41   17  145   47   73   39   44   20   15   19   18   23
   65   22   15   14   13    7    7    9   13   29   29    5    0    2    7    9   37    2    2    1
   16    8   10    8    0    2    1    2    2    3    5    0    2    2    3    0    2    5    0    0
    3    6    4    5    1    1    3    2    0    0    6    0    0    0    0    4    4    5   20    9
    0    5    7    4    3    3    2    2    4    3    6    3    2    1    6    5   14    9    3   14
    8    4    1    4    2    5    2    2    5    1    0    0    2    5    0    3    0    0   10    4
    6    5    7    1   28   29   31   55   51    2   30   67   49   47   71   44   60   65  134   76
   35   54   32   31   21   55   99   52   80   65   29  111  117   79   94   72   57  117   84  107
   42   41   51   11  102   57   25   29   17   15  112   61   31   30   13    7   11   20   18   31
   17   37   27   28   20   14    9    9    5   30   18    5    1    9    6   39   36   12   11   18
   21   13   32    5    0   18    0    0    5   28   37    1    1    1    0    0    4    3    0    0
    0    1    3    0    1    0    3    4    0    7    0    0    0    0    0    6   10    3    9    7
    1    3    1    2    3    1    8    6    7    3   14    5    1    0    6    1    1    0    2    0
    0    1    0    1    1    0    0    1    3    2    1    0    4    0   13    7   12   16    2   11
   17   12   19   14   21   28   21   36   28   12    6   41   43   44   36   41   86   72  123  105
   77   33  106   44  102   86  177   91  158   58  125  216  212  204  193  182  177  194  185  209
  106   82  145   63  159  149   75   32   40   43  152  102  122  107   68   23   26   59   23   80
   84   33   16   35   22   14   20    7   12   40   35   14    9    7    7   44   50   39   26   17
   51    7    8    2    2   13    6    8   10    4    9   17   21    4    6    5   10    3    3    2
    6    3    5    3    3    1    0    0    0    0    1    1    0    0    0    5    7    0   13    0
    0    0    0    1    0    0    1    1    1    7    5    7    0    1    5   12   20   23    0   20
   16   14    1    1    1    2    2    3    5    2    2    2    1    0    0    2    2    1   11   18
   11    5    7    1   12   18    7   20    6    2    3    6   28   24   17   38   47   32   67   67
   16    6   45    7   50   48  117   95  144  178  242  209  129  208  186  217  132  170  264  162
   83  265  432  303  357  457  313  276  140  103  178  156  270  125  104   63   26   34   51   59
   72   24   12   27   30   13   24   11   18   40   68   31    8    9    9   43   61   44   92   46
   16    3   16    7    2    6    4    2   11   10    6    3    1    1    1    0    3    0    0    0
    1    3    6    1    1    3    0    1    0    0    0    0    0    0    3    6   14    0   15    5
    5    4    4    3    1    3    3    8    4    7    5    7    0    1    3    6    8    7    0    4
    9    7    0    1    1    1    1    2    3    9    7    2    0    0    1    2    1    0    6    4
    4    3    2    0    2   11    2   10    7    3    2    8   16   25   27   21   66   22   71   28
   21    3   23    5   16   59   80   62   55   47   65   57   32   60   60   45   26   33   62   32
    8   21   24    9   37   20   10   15   24   20   35   50   35   36   42   18   13   17   19   17
   10    4    4    5   10    5   10    3    5   20   28    2    0    0    0   13    3    1    4    1
   13    0    1    0    0    0    2    4    3    2    9    2    2    1    1    0    2    0    0    1
    0    2    1    0    0    0    0    1    0    1    4    0    0    0    0    5    5    1    6   15
   10    3    4    5    6    4    4   15   24   22    7    8    5    5    3    6   19    9    2    9
   15    2   19    9    9    8    9    7    6    8    4    0    8    3    5    2    5    8    2    7
   10    3   15    3   21   36   15   31   23    7   11   35   52   46   51  116  142   90  175  140
   51   26  115   28  126  148  157  150  181  194  216  184  149  260  238  270  176  259  223  182
   52  269  264  320  225  247  257  222  128   97  206  133  214  127   96   43   24   21   12   32
   52   38   19   54   18   17   27   11   12   10   42   23    0    6    4   30   31    9   10   11
   19    5    6    2    2    5    9    2    8    1   18   12    1    6    1    4    2    0    0    0
    0    0    2    3    0    1    3    0    0    0    0    0    0    0    9    5    9   13   34   15
    1    3    2    4    0    6    1    3    3    4    4    5    5    2    2    7    7    2    1    6
    6    2    0    2    3    3    2    2    5    8    5    1    6    2   13    1    0    0    4    9
    6    4    3    0    4    7    5    4    4    0    2    7    7    4    4   14   42   21   55   50
   10    7   42   15   53   34   68   75   81   90   98   80   44  103   58  117   64   62  184   75
   46   99  146   61  111  106   58   13  144   63   76   45  126   42   61    8   16   18   19    2
   20   31   38   31   36   56   32   20   20   27   49   21    0    0    0   10    9    0    1    0
    0    4    4    1    0    3    3    3    9    2   12    2    4    1    4    3    1    0    0    1
    2    3    3    2    2    0    0    0    0    1    0    0    0    0    0    8    4    9   11    4
    2    1    2    0    2    2    3    8    7    6    5    5    1    0    2    2    6    6   10   14
    8    6    0    2    3    2    2    3    0    0    0    0    2    6    5    1    7    7    9   23
    8    0   37   23   32   46   30   39   58   16   16   73   51   87   73   23   56   28   77   36
   53   26   15   21   26   38   80   70   67   63   90   73   68   83   69   63   88   65   69   62
   37   27   27   18   64   39   24   40   14    3   95   31   42   21   13   13   14   19   10   13
   29   14    3   12   14    5   10    1    1   26   18    9    7    9    9   50   45   11   21    3
    6    4   19    0    0    8    2    5    7   14   15   10    2   11    3    5    8    1    1    0
    1    3    2    7    4    1    0    0    0    2   13    0    0    0    0    0   22    7   34   17
    3    2    2    3    2    2    3    4    4    1    4    2    2    1    3    0    7    8    1    2
    1    1    3    1    4    4    0   12    3    3    4    4    1    1    0    0    0    1    2    0
    0    0    1    2    2   23    1   39   38    8   13   49   43   70   74   74  154  101  166  124
   96   38   85   53  100  129  203  107  181   64   98  188  169  183  160  130  164  119  195  119
   58   38   61   30   89   61   35   24   20   36  100   82   70   64   33   43   14   36   19   28
   63   28    8   33   16    9   23   16   10   55   29   10    3    5   14   54   37   20   12   31
   19    4   32    6    1   17   17   11    8    9   23    8    1    5    3    4   12    4    3   10
    7   12    6    1    8    7    4    1    0    5    0    8    0    0   10   14   16   25   43   17
    4    0    0    1    0    0    0    0    3   10    0    1    2    7   17    1    4    4    1    2
    5    0    2    4    1    1    2    0    1    5    8    3    0    0    4    0    4    2    1    1
    3    0    9    7   22   68   28   82  100   26   56   89   70   90   91   91  110   79  126  114
  107   60  124   71  128   54   89   52  123   25   34  126  142   83  101   68  131  116   91  107
   60   11   11    3   59   13    5    3    3    1   72   58   15   26   13   18   45   25   16   24
   40   56   32   55   27   28   25    7   13   22   20   17    2    4    3   23   21    2    7    6
    0    5   88    2    0   35   13   11    2   23   78    8    8    8    7   12   21    8   10   10
    1   15   10    6    5    0    1    0    0    1    0    0    0    0    0    3    7    7   19   12
    7    2    6    5    7    7    6   20   12   16   11   16    4    7   17   28   18   31    8   25
   41   29    4    3    1    7   11   14    7    9    7    5   22   19   41   32   49   43   29   33
   28   40   47   46   49   68   58   86   70   65   56  107  100  131  142  139  161  174  192  178
  183  102  130   67  132  147  158  135  113  135  138  176  227  157  160  171  132  125  135  144
   54  128  156   89  232  205  167  359  174   88  122  145  241   97  208   28   23   18    7   18
   39   51   34   50   21   39   14   16   15   29   23    3    1    4    9   23   22   10   32   28
   34   15   23    3    0   19    6    7   24   11   39   22   15   22    9   17   16    5    7   12
    1   10    8    6    5    1    0    1    0    0    0    2    0    4    0    0   11    1    9    8
    2    2    3    3    1    1    1    2    4    2    3    3    0    1    1    2    8    3    4    3
   21    0    0    2    2    2    2    3    3    5    6    4    1    0    0    0    2    0    4   16
   16    0   13   13   18   64   21   71   60   12   15   70   65   95   93  104   78  142  113  105
  115   82  111   42  113   58   58   51   59   19   34   90   84   45   49   31   76   64   67   69
   55   22   31   22   37   24    4   11   10    8  136   17    5    3    5    4   13    9   19    9
   51   56   16   25   10   18   20    6    8   23   24    2    0    3    7   24   10    7    0   10
    0    6    6    3    2    5   12   12    4    6   14    3    2    2    4    2    1    4    2    3
    1    4    3    3    0    0    0    0    0   13    6    1    0    0    1    6    5    5   13    0
    7    1    2    4    2    1    4    2    4    2    3    1    0    1    4    0    3    1    0    0
    2    8    1    1    1    1    1    1    0    1    1    0    0    0    0    0    0    0   17   10
   27   50    0   21    9    3   13    9    5    3    0    6   14   15   18   18   17   17   57   28
   30   16   29   19   39   30  111  147  146  200  200  130   93  194  158  241   67  144  222  174
   54  163  222  149  219  239  227  164   59  104  153  103  162   74   75   59   43   29   30   53
   62   40   12   38   41   26   43   36   30   30   60   10    9   26   30   48   52   34   60   51
   41   15   11    3    1    0    0    3    0    1    1    0    0    0    0    0    0    2    1    0
    0    5    5    7    3    3    5    0    0    8    5    0    0    0    0    1   12   12   18    8
   11    1    6    4    3    9    4    4    4    5    8   12    3    2    7    5    6    2    1    0
    2    1    7    4    2    7    3    6   10    8   10    3    2    2    4    1    2    8   10   50
   12    5   27   12   41   55   51   56   68   18   30   81   59   74   82   60   68   85  103  122
   89   92  129  124  126   73   96   85   80   88  114  100  115   91   87   91  116  101  126  112
   87   17   39   14  120   14   16   14   20   22  125  120   40   67   43   66   59   36   24   53
   92  111   67   69   50   32   16   21   16   25   39   15   29   31   80   47   96   33   59   50
    3    4   34    5    1   15   10   12   26   35   39   13    1    3    2    2    7    5    2    2
    7   14   11    3    5    3    5    0    0    3   17    6    1    0    1   27   35    5   30   22
    5    0    4    6    1    1    0    3    1    1    1    0    1    0    0    0    2    0    0    2
    1    1    0    1    2    1    0    0    6    6    5    1    5    1    7    2    3    2    2    6
    7    4   22    8   32   32   30   47   29    7   10   41   51   55   52   63  125   96  148  126
   92   39   71   34   56  137  128  120  135  121  157  138  118  205  118  218  117  107  265   98
   54  173  153  105  140  138   89   43   22   18  114   39   66   50   32    6   17    8   14    9
   50   14    6   16   10    7    6    3   10   15   28    5    2   21    4   58   67   39   38    6
    0    0   16    1    0    6    8    6   11    1   16    7    2    3    7    8   13    1    2    1
    0    5    8    6    1    0    0    0    0    0    0    0    1    0    0    8   14    1   19    9
    3    1    3    3    1    0    1    9    3    2    0    1    0    0    0    7   16    6    2   12
   23    3    0    1    0    0    1    3    0    0    0    1    2    0    4    1    2    2    2    2
    4    8    9    0   14   16   10   15    8    0    3   10   20   21   27   20   33   29   43   45
   43   27   88   38   95   38   74   68   87   63  132   77   56  121  112  122  120  129  201  135
   91   64  127   40  140   87   71   55   24   14  107   60   94   40   14   22   36   37   20  336
  102   50   16   60   30   20   25   37   24   20   54   18   10    9    9   56   13   24   14   22
   14   30   17    0   10    1   15   10   10    2    3    1    1    0    0    1    2    3    1    9
    2   13    7    5   10    5    5    3    1    2    0    1    3    0    1    5   14    1    9   16
    5    0    8    4    1    0    0    0    0    1    0    1    0    0    1    1    5    2    0    2
    5    0    0    1    0    0    0    0    0    0    0    0    0    0    0    0    1    4    2    0
    0    0    6   13    6   19   18   29   21   18    5   12   18   18   24   15   42   17   23   17
   16   11   13    8   20   35   32   44   52   62   90   35   26   69   35   73   42   27   84   25
   16   71   83   23   85   63   50   93   76   63   20   15   46   19   44    1    1    7   15   15
    5   18   13   11   17   13   18    4    8   14   20   14   15   10   10   35   18    3   20   12
   20   12   41    4    0    6    6    4    3    3    6    9    1    9    0    5    7    2    1    0
    1    3    8    9    0    1    0    0    1    3   12    0    0    0    0    8   20    2   30    6
    1    3    2    3    1    2    0    4    1    9    0   12    2    1    5    3   20    4    1    5
   22   20    1    4    1    0    1    0    1    5    7    1    0    6    9   22   16   14   28   15
   24   16    8   21   12   16   12   26   27   14   27   46   22   34   43   11   50   55   53   71
   86   39   91   31   91   55   64   76  120  110  114   74   67  135  106  138   92  117  140  120
   61   90   93  116   97  104   89  168  115  137   63   35   84   20   52   12   37   34   28   60
   60   42   35   64   32   29   35   17   25   43   39   16   13    4    4   32    9   22   13   23
    0   21    5    0    0   14    1    2   29   17   21   21    7   12    3    9   11    0    0    2
    1    3    5    8    0    0    0    0    0    8    0    0    0    0    0    6   15    0   12    4
    6    4    3    3    2    0    5    7    3    4    3    6    4    1    5   14    7    3    1    1
    4   16    0    4   13    4    6    6   13   15   14    3   26   11   17   26    7   14   37   36
   32   21   31   19   34   28   36   32   38   24   12   38   22   32   53   62   99   88  103   80
   41   16   40   11   68   74  115  141  166  211  265  177  105  271  173  247  102  136  174  145
   63  234  276  245  166  215  100   82   35   27  106   34  105   17   29   20   16   11   19   37
   56   66   17   25   21   27   15   12   17   10   27   26    1    0    3   19   19    4   13   17
   19   15    5   12    0    0    1    2    1   22    4   11    6    0    5    3    2    0    0    0
    1    2    7    3    3    4    1    0    0    0    0    0    0    0    4    7   35    6   21   11
    1    1    1    4    4    1    4    4    5    4    3    2    2    0    2    0    1    5    0    1
    0    0    1    2    1    0    0    0    0    0    0    0    0    0    0    0    0    0    0    1
    0    1    3    0   11   19    3   15    5    0    0   13   21   23   22   32   31   38   33   23
    8    1    6    7    7   22   35   14   25   17    7   40   18   10    9    4   18   17   22   12
   17    0    1    2    5    0    0    2    0    2   23   16    1    7    0   23    6   10   11   12
    8   14    4   10   13    3    5    1    1    4    7    7    0    0    0    0    0    0    0    0
    0    0    3   14    6    0    0    0    0    0    1    0    0    0    0    0    0    0    0    0
    0    1    2    5    2    0    1    0    0    0    0    0    0    0    0    8   15    1   11   24
    0    1    3    3    0    1    0    0    2    2    5    1    1    0    1    1    5    4    0    0
    4    1    0    0    1    0    0    0    0    1    0    0    0    1    0   13    1    2    5    7
    3   17   10    1   21   23   11   23   15    2   11   19   28   34   24   53   91   66  137   78
   29   12   61    8   52   91  113   81   79   97  127   94   76   86   70   86   66   66   78   60
   38  183  123   32   46   68   27   24   21   24   52   40   26   48   22   13   23   25   19   33
   31   13    8   18    6    1    9   12   21   21   48   14   13   13    1   21   28   23   21   28
    9    7   13    1    0    5    5    2    3    2   11    5    0    0    3    2    7    6    3    0
    4    8    5    7    3    1    0    0    6    0    0    0    0    0    0    1    6    3    7   21
    2    1    1    1    1    1    3    4    4    2    2    1    0    0    2    1    2    0    0    2
    5    7    1    2    0    1    3    1    4    2    1    0    4    3   16   17   13   26    8   17
   25   24   32   21   36   40   41   42   47   20   15   52   48   64   62   65  106   50   96   68
   57   35   40   26   35   99   97   99   68   48  101  102   98   93   73  106   73   63   72   56
   40   13   48    5   79   81   82   49   67   53   51   63   67   67   92   75   14   13   20   24
   24   23   18   19    8    6    6   11    5   21   32    9    3    4    3   24   39   18    9   36
   17    1    6    1    1    5    9    5    6    9   15   22    1   10    8    7   14    2    0    0
    1    6    6    3    0    0    0    0    1    1    0    0    0    0    3   12   15    2   12    7
    3    0    1    4    0    0    2    4    6    0    2    2    0    0    1    0    4    1    0    5
    8    0    0    1    0    0    0    0    0    3    3    0    1    0    0    0    0    0    1    0
    0    0    3    0    8   15    6   27   19    0    8   36   32   41   49   35   56   51   69   54
   93   81   88  102  109   31   42   27   48   21   50   56   61   52   57   68   44   41   60   63
   43   14   12    3   61   18    9   12    9    0   85   20   33   22   23    8   23   66   14   29
   38  104   11   62   19    7   16    2    1   20   24    2    0    0    1   12    2    3    0    5
    4    3    5    2    1    4    9    5    8    9    9    2    0    0    1    3    6    1    0    0
    0    3    3    5    0    0    0    0    0    0    0    0    0    0    0   20    9    7    2   17
    3    1    7    4    1    1    2    4    4    0    1    0    2    0    0    3    3    3    0    5
    6   10    0    1    1    1    0    0    3    7   12    0    3    2    3    2    4   14   16   32
   12    9   29   12   40   42   36   74   46   25   33   74   46   68   67   71  138  124  186  184
   98   68  171   73  118   96  150   85   86   24   52  150  149   64   63   41  114  119   64  114
   72    9   29    7   28   18    9    2    2    5   79   60    6   26   12    9   14    6    3    3
   17   51    8   48   10   10    5    1    2    7    4    7    0    1    6   28   41    9   20    5
   24    0   20    4    3   21    8    3   13   23   30    7    1    1    4    3    5    0    1    0
    0    0    2    4    2    3    1    0    5   11    0    1    1    0    4    5   21   14    0    8
    3    6    9    8   11    4   11   34   25    5    5   11    2    3    5   22   42   17    0   14
   49    9    3    5    0    9    9   13    2    0    0    0    9   11   14    6    7   13   12   25
    8   18   26    6   23    4   12   10   23   18   21   26    7   29   32   72   85   55  103   47
   72   30   59   13  124   59  127   76   93   74   89  144  114   95   71   87  126   97   96   98
   77   67   61   62   60    4   58   72   60   76   43   32   46   17   68   18   45   53   13   40
   43   37   26   61   31   23   25    4    2   18   26   13    6    0    2    2    1   19    2    9
    0    3   15    1    2   29    1    1   35   19   14   10   12   11   24    7    8    1    0    0
    5    5    2    1    0    1    0    0    0    1    1    0    0    0    0    6   22   14   21   14
    0    2    2    1    0    2    0    7    7    3    1    6    1    0    2    5    9    6    3    9
   21   13    2    3    5    7    3    7    8    9    3    0   10    6   16   19   15   14   23   29
   26   21   26    9   29   34   32   47   30    8   11   39   63   71   72  105  155  118  171  196
  111   34  171   51  181  161  235  123  168  138  165  255  226  162  164  170  217  177  117  164
  114   90   95  106   74   88   33   30   18    9  119   42   20   35    7   14   21   13   11    4
   12   40   13   49   28   19   53   13   13   26   27   21    0    7    3   61   25    0    2    0
    0   26   33    9    0    9    6    5    7    3    8    8    5    2    4    4   12    4    2    2
    6    7    7    8    2    2    2    0    0   12   16    2    0    0    1    9    8   13   15    4
    2    3   12    5    3    3    5    4    2    4    1    4    0    2    4   10   24   28    5   10
   12   21    1    3    2    1    2    5    4    2    1    1    6    4    0    1    5    7   14    8
    8    5   13   13   23   32   16   33   25   18   22   45   44   61   56   76  101   83  118  121
   89   39  133   68  143   93  110   93  106   74  102  127   93  128  129  126  148  144  187  143
  108  116  133   73   94  127  103   52   41   47  124   86  126   64   53   19   52   44   15   39
   70   90   59   69   52   55   37   17   22   39   48   46   16   10    5   39   35    3    1    0
    7   16   55    9    0   18   13    5   33   27   37   14    8    7    4    9   17   15    2    1
    6   13    4    6    8    3    5    0    0    0    9    8    3    0    1   19   46   13   25   43
   15    0    2    4    5    5   11   17   14   17   16   11    2    0    7    8   18   11    2    3
   24    7    0    1    6    4    6    3    1   16   12   12    0    0    4    5    5    6    1   11
    2    9   27   12   22   32   27   49   58   14   31   80   29   41   58   63   49   93   74   80
  114  103  109   89   85   57   82   61   94   81   88  109  115  105  120   88   74  123   64   86
   43   26   37   26  122   38   27   34   22    5  125   46   78   27   31   15   19   10   12   14
   60   99   32   52   32    8    4    2    3    7   29    2    2   15   18   62   58   35   53   30
   13    1   11    0    1    2    2    1   19   34   26   11   12    5   11   14   11    0    1    1
    2    0    7    6    0    0    0    0    0    0    0    0    0    0    0    6   19    3    5   11
    2    1    4    2    1    1    3    2    4    0    0    0    0    0    1    0    2    1    0    0
    0    1    0    0    0    0    3    0    1    3    1    0    0    1    0    2    4    7    2    7
    2    6    4    3    3    6    3    7    5    3    3    6    8   19   13   32   61   29   53   59
   21   10   26   11   25   60   63   84   68   47   55   71   48  116  105   90   57   82   87   87
   35   47   61   44   74   68   43   23   15   28  118  101   61   70   20   47   21   14   13   16
   77   22   28   45   43   26   21    9   17   40   43   13   15   14    3    9    3   13    6   28
   29    5   10    3    8    8    9    4    9    5    4   10    3    8    4    5    8    3    1    1
    3    5    6   16    0    1    0    0    0    6   11   17    0    0    0    3   24    4   18   12
   12    4    6   10    7    2    2    6    6   10    4   13    1    1   10   14   62   37   17   30
   38   11    0    0    1    0    6   20    3    0    0    0   18   15   10   16   12   16    8   14
    5   14   17   26   20   31   15   41   46   30   20   57   69  113   84  125  191  168  260  175
  122   44  114   71   82  127  157   22   61   12    2   84   85    9   14   10  119   51   15   25
   66   14    1    6    2    0    0    3    1   15   23   13    0    2    1    0   30   29    6    3
   21   38   17   45   14    8    5    2    3    5   13    3    0    1    2   20    9    0    0    3
    0    5   51    4    1   18    9    2   20    7   25   27   10   22    2    9   13   12    1    0
    0    8    2    3    1    0    0    0    0    0    0    1    0    0    5   28   27    9   25   12
    5    8   11    3    4    4    2   11   22   13   18   15    1    0   10    6   22   24    0    5
   20    7    0    2    1    4    0    3    1    2    1    0    3    4   12    6   15   18   12   32
   12   21   30   20   51   86   30   84   64   13   14   47  106  116   84   80  151  137  234  160
   50   27   50   16   37  167  276  142  161  139  104  160  109   66  109   54   52   27   34    9
    3  115  149   77  110  120   82  106   14   22    4    5   30    4    6    3    7    6    9    1
    3   17    7    2   13   14   10    5    3   18   19    4    0    0    2    0    5    0    3    6
    1   13    1    1    0   15    2    0    8    5    5   12   10   10    9   14   16    2    4   10
    1    3    1    0    2    1    2    2    0    8   19   11    0    1    0   27   21   50   65   10
    9    1    1    4    1    4    1    0    2    2    4    0    4    3    5    1    3    2    0    0
    5    7    6    7    1    5    2    7    9   16   14    0   12   10   14    8   14   20   17   26
   23   16   23   21   29   46   36   41   54   27   32   52   16   17   18   18   20   24   20   14
   19   27   18   24   11   40   28   59   49   52   87   39   60   79   80   87   19   67   99   64
   13   29   45   17   70   37   54   47   34   28   58   33   69   32   29    7    7    7   11   10
   24   20   13   18   10   24   10   12    8   19   21   16    0    0    0    2    6    0    0    1
    0    6    6    6    0   13    4    2   11    6   20   25    7   16    8   10   14    3    3    0
    0    5    8    1    1    2    1    0    0    0   21    1    0    0    0   16   14   14   19   17
    2    0    1    4    2    0    1    3    5    5    2    5    0    4   15    3    8   11    4    7
    6    0    1    2    1    1    3    1    0    0    0    0    0    0    0    0    0    0    2    3
    1    1    5    1    9   14    9   13   10    0    1    9   33   73   52   92  126  104  187  103
   42    3  110    5   46   82  117  116  179  165  170  114  103   85   75   84   86   74  107   54
   34  116   94   77  167   89   51   67    6   23   84   40   42   19   21    5   18   24   12   16
   16    9   12   11   15   25   18   10    6   36   44   16    0    0    1    2    0    0    0    0
    0   10   24    6    0    0    1    6    1    0    1    0    0    1    0    1    5    1    0    0
    2    8    5    8    0    1    1    0    0    0   23    3    0    0    0    2    3   15   24   18
    8    4    4    6   10    6    9    6    9    3   17   13   11    7   31    7   13   25    1   13
   24   17    2    3    1    2    0    1    0    0    0    0    3    6    5   18   12   16   17   11
   13   19   15   12   30   43   18   68   29    8    8   28   61   70   67   82   94   93  106   93
   44   25   62   22   36   89  128   98  166   44   47  144  110   91   54   33   90   47   65   43
   36   24   22    1   40   15    8    3    7   19   58   46   11   26    4    5   35   17   11    6
   12   20   14   20   29   10   13    1    5   15   14    0    0    2    6   22    4    1    1   15
   29   10    2    5    0    8    2    5   19    6   10   12    2    5    0    6   10    4    0    0
    1    8    1    4    0    1    1    0    0    0    4    0    0    0    4    9   10    2   25   12
    2    7    7    3   11    2    7    3    2    0    1    0    0    0    2    1    4    6    0    3
    1    7    0    1    7    5    1    1    3    6    3    0    4    3    5   12   11   12   10   17
   12   19   28   22   19   55   27   31   42   24    4   64   99   98   95  133  146  125  133  136
   88   58  103   34   90  130  117  110   94  119   78  151  131   86   50   64  113   97   80   68
   34   96   41   38   64   45   38   36    0   31   64   41   28   15   10   11   27   32   19   33
   49   23    7   17   16   20   22    6    5   21   31    6    1   17    4   52   17   16   13   12
    0    3    6    0    0   18    6   16    6    8   13   20    4   19    7   18   16    4    2    3
    2   10    3    0    8    0    0    0    0    1    8    0    0    0    0   86   11   24   23   19
   11    3    2    2   21   14   10    8   13    7    9   17   13    7   18   13   25   21    6   14
   45   26    5    3    3    4    0    6    3    8   10    0   11   15    7   10    3    1    7   10
    9   10   19   21   16   19    6   26   27    1   10   27   14   58   65   84  147  136  207  162
  100   46  183   52  137  109  155   66  106   12   43  137  163   56   62   44   66   39   65   57
   33   23   17    2   44   19   39   58    7    2  101   38    9   22   30   37   23   10    9   15
   33   37   21   75    7    7    5    4    2   21   16    2    0    0    0    2    1    9    5   18
    1    2   12    2   18    1    3    6   10    7   16   10   12    7    5    6    2    2    0    0
    0    2    0    0    3    1    0    2    0    0    6    0    0    0    0   20   23    2   13   15
    0    1    2    4    0    2    2    2    3    3    2    4    0    1    5   17   36   10    5    5
   54   15    0    9    4   14    2   10    1    3    2    1    8   17   13   20   13   21   39   24
   25   32   17   15   30   20   14   13   17   21   18   28   11   31   17   22   30   29   33   47
   23   21   30    9   18   41   45   74   56   85   53   68   47  102   92   79   59   53   68   29
   42   42   55   41   77   74   52   51   23   28   20   31   30   19   18    9   20   10    5   19
   16   42   23   14   37   14   28    2   25   16   46   52    8    5   24   29   20    6   43   41
   30    9   27    8    0    2    9    1   17   19   14   15    4    2    6    7    6    3    2    8
    2    4    0    0    2    0    1    0    0    0    3    1    0    2    2    3   13    6    9    6
    0    6    4    5    3    2    6   11   10    6    5    8    7    2   15    9   27   18    9   10
   23    3    0    2    3    6    0    5    8   14   17    8    5    5    6    3    8    6    9   11
    4    5   17    9   28   32   26   28   22    8   19   41   20   38   40   18   27   62   25   71
   66   35   66   37   63   18   48   25   31   55   40   41   42   58   70   45   51   71   61   85
   78   97   62   27   46   37   24   42   40   34   57   18   21    7   40    6   25   24    8   17
   36   61   43   63   28   42    2   20   20   13   25   25    7    7   14   26   18    1    0    7
    7   19   13    2    0    6    9    9   10   10   15   12   10    7   19   16   15    6    6    8
    2    8    0    5    0    0    0    0    0    7   15   10    3    9    2   14   17   12   30   32
