   67   79   55   53  100   65   81   82  146  143   91  118   59   18   36   71  118   61   47  193
  170  131   29   28   22   42   13   38   17   41   47   14   26   41   17   30   45   82   56   55
   41   67   39   83   22   24   18   42   71   20   88   39  121   36   85  146  182  156  104  138
  127   72   70   89   87  218  135  214  216  189   69  104  186   89   66   79  126   64   44  117
   86  105  158   60  134  143  163  256  229  136  157  187  149   70  242  214   42   68   81  167
   58  163   32   77   80   41   64  147  158  231  431  117  254  195   87   38  153  106  124   45
  139   92   54   73   57  124  156   99  114  134  109   63   45   77   63   90   89   38   38   47
   61   57   43   80   27   17   10    2    6    0    1    0    1    1    2   16    7   13    9   32
   67   45   85   53   91  100   60   51   56   38   59   75   51   84   67   71   84   98   34   48
   92   16   29   27   27   71   37   38   62   23   19   14   65   32   13   48   45   50   73   97
   14   44  104   83  118  104   98   96   71   64  118  157  121   80  194  195  267  117  104  137
  144  123   92  252  155  218  202  421  131  120   62  153  192   89  169  171   54  100   92   98
  116  142  231  214   93  219  289  415  443  365   34  113   55  149  184  112   84   62  127  143
   58  190  329  149  135  348  133  147   49  100  141  122  252  161  144  249  114   55  124  127
  139  115   54   73   70  122   39   58  192  134  184   63   41   77   43   22   25   83   38    5
   61   52   43   80   16   18   13    1    0    4    0    1    1    1    5   16   24   13    4    9
   67   43   17   53   29   10   39   69   54   55   25   53   10   25   70    6   38   55   34   13
   29   44   19    1   30   35   31   59   24   38   32   14   26   34   25   23   45    3  120    3
   22   16    3   83   11   27   20   29   13    4    6   16  124  128  100   93  158   71  175   78
   89   49   86   55   78  238  122  239  193  168  101  143  140   89  115   72  195   90  136  128
   70  106  147  306  130  182  438  396  367  477  127  114  199  155  338   77  108   91  128   91
   94   88  112   71  141   74  110  147   93  158  248  178  226  123  259  270  260   78  141   32
  250  101  107  106   40   34   63  107   90   31   20   63   19   77   24   36   44   79   89   43
   61  134   30   68   20   11    0    0    0    0   13    0    0    0    0   16    9    0    5    7
   34  105   65   53   81   53  111  104  136  155  112  116   42  106  114   76  150  137   62   69
   29   43    5   21    9   13   64   65   10   16   14    5   14   50   77   15   51   33  104   45
   19   26   81   90   36   15   16   16    4   33   23   23   46   68   57   17  142   39   11   60
    6   35   13  135   44   56    1   58   50   40   34   76   99   38   86   54    7   15   44   26
   44   53  119   79   80  115  269  189  240  542   46    3   74  129  265   49   39   87   75  111
   54   76  145   46   83  153  139   76  109   81  290  188  218  275  187  120  102  185   96  101
  160   92   29   62   63   51  117  104   84  144   77   29  101   64   68   51   48   12   13    6
   41   92   59   90   13   27   12    8    2    0   23   23    3    0    7   10   50   27    8   27
   60   99   66   53  138  105  179   98   74  106  111   74   58   40   94   67   83  104   82  158
  181  128   20   24   32   45   40   66   78   56   24   19  144  141  168  137  163  228  134   78
   60  149   83  159  175   78  112   84   32   62   78   45   16   34   30   11   36   14   64    6
   30   45    1  110   15   92   43   34   20   42   12   66   24   45   20   66   44   10   41   35
    8    1   52    6   24   33   99  261  176  305   43  121  122  135  267  165   22   58   53  119
   61  151  116  234   27   85   22  206  133   19  248   79  143  141   86   64   88   90  252  113
  154  132   29   44   60  190  121  115  252  250  103  138  152  131   63  131  124  100  111   73
  108  154   79   76   52   33    1    7    1    9   13    0    0    0    3   23   17    9   12   15
  193   92   48   53   99   45   86  159  131  111   80   90   14   51   81   74  136  185   64  100
  273  225    8   24   26   34   42   86   25   37   12    3  129   54    4   47    3   12  241  317
  203  102  165   17  167  234   30  138   74    2    4    4  314  202  103  217  259   56  217   50
    6   10   24   14   43  471  205  658  258  354  161  109   81   92   17   19   22    9   63   16
   51  296   95   47   31  121   34  108  202  514   11   24   39   13  100  115   56   42   79  115
   55   48   49   93  157  157  273   64   71  156  138  132  173  163  164  140   62   48   71   47
   49  117   67   84   33   48   41   66   45   42   19    1   15    6    7   14   19    9    1   22
   27   20   29   79    0    0    0    0    0    3    1    0    0    0    0    6    8   12    7   21
   44   32   39   30   52   46   94  108   89   73   76   76   46   26   45   45   89   66   26   76
   80   32   28   11    6   29   37   28   17    9   13    0   39    3    3    0    0    0    2    0
    0    0    0    1    0    0    0   12   17    0   18   13   32   18   43  168  217   65  257   90
   18   20   48   24   29  242  149  169   71  180   71  104   90   58   70  117  103  137  129   79
   54   22  257  312  190  392  247  167  109  177   12   57  142  149   43  109   38  117   84  157
   73   57  189   51  138  151  130   37   63  142  216  268  241  272   86  192  199  306  161  184
  233  145   21  101   97   31   32   24   73   81   55    3    9    2   51   19   33   28   11   40
   81   94   54  107   36    3    4    0    0    3    4    0    0    0    0   47    1    3   15   22
   67  116   37   34   87   48  171   70   68   37   93   57   63   69  113   21   71   80   52   54
  104   28   85   38   34  109   60   75  101   61   81   12  131   16   20    6    3    5  131   81
   43    4   33    9   24   59   99   35   90   20   53   32  320  168   31  147  325   60   49   86
  116   62   65   88   76  256   66  457   93  147   68   48    9  105  102   58   14   13   40   69
   64   91  107  163   75  165  139  264  472  664   79  106  178  209  217  323  175  158   92  149
  109   64  105  147   56   73   60   99   94   50  133   75  138   98   51   60   53   89   48   66
  152   73   68   41   31  109   74   89  103   78   72    9   37   12   70   62   55   79   35   12
   52  122   74   50   17   15    0    3    0    0    0    1    0    0   11   18   14   40   24   43
   65  150   47   58   93  101  101  122   95   48   87  103  123   67   74   79  141  186   50   84
  285   70   86   72   20   90   59   63   93   82   42   37  149   85   90   49   49   42  105  115
   87   41   47   66  170  134   87   75   61   34   77   66  181   32   74  172  247   27  114   51
   62   62   25   58   42  302  167  452  130  258  239   64    2  189   90  107    9    1   37   25
   35  183  397  191  188  275  216  465  218  213   43  220   95  147  416  187  185  173   98  133
   84  157  116  116  188  128  244   88  104  160  162  127  135  309  123  238  167  176  123  133
  218   64   75   77   31   65  129   93   88   45   79   71   65   29   49   98   96   27    7   13
   20   44   29   18    9    4    7    0    0    2    0    0    0    0    0    3    3   20    2   27
   63   57   21  106  100  122   61  178  130  142  137   89  108   81   73   25  121   75   79  133
   88   75   34   43   17   49   42   95   78   74   69   41   52   52   99   38   27   23   72   72
   44   26  221   66  164  167  173   74   96   79  284   71  166  123   83  229  149  171  142   89
  105   75   58   98   27  210   83  356   94  163  169   35  131   39   68  140   82   37   84   27
   25   77  113  152  106  148  131  340  308  396  151   20  102  150  231  119   47   71   61  110
   14  174  115   68  144  195  205  221   69  139  163  139  174  204  140   64  112  105  102  101
  125  149   61   89   48   87   43   54  146  288  350   43   91   15  106   40   35   69   43   67
   32   81   33   81   49   42   15    1    0    1    0    1    0    0    6   12    9   23   10   16
   91   40   35  107   89   11   40   21   37   65   34   97   24   59   86  114  212   57   67  108
  106  124   79   58   54   84   81   44  109   86   80   42  119   43   64   68   59  135  141  402
   84   75  277   99  214  125  250  181  120  156   26  140  224  253  147  156  117   81  141  185
  158  179  108  109  142  236   78  218  114  282  215  237  195  330  202  255  135  102  289  169
   22  295  450  550  222  468  532  492  190  185   44   35  263  206  110  145  137   73   86  164
   53  122  191  124  134  156  113  104   79   97  137   49  118  167  106  144  182  159  100  109
  203   84   65   53   60   44   82  128   59   96   63   86   49   50   92   91  126   92   56   32
   97  132   23   75   28   11    7    2    0    4    0    0    0    0    1   12   10   27   36    8
   55   34   34   64   63   69  127  115   70   62   59   93   18   13   54  101  155   32   43   20
  118   62    6    7   14   19   19   74   22   18   15   10   18   20   54   53   52   86  117  206
   62   54  122   46  258  463  241  147   90   86   77   98  382  260  157  225  350  149   96   15
  110  102   60   75  121  309  100  327  153  268  111  125  107   59   59   27   98   30   57  177
   41   59   93  265   99  150  183  230  326  382  125   52  183  112  101   67   95   78   59   60
   45  120   85  160   73   98   93  112  113   60  162  120   93  159   97  128   62   63   92   44
   97   75   73   91   74   46  121  101   61   55   77  159   69  178   50  158  161   58   58   62
   56   75   17   46   29   13   18   12   11    7   15   22    5    4   10    4   15   19   20   29
   12   53   50   49  109   72  120   67  171  102  112  106   75   11   64  139   58   87   20   81
  195   30   30   50   28   34   38   40   53   50   30    1    8   21   27    5   23   72   18   13
   10   11   21   43   56   68   50   67   86   68  116  145   58   49   60  299  354   54   78   20
   35   35   36   45   31  464   64  255   52  131  140  128   28   48   33   80   65   23   49  157
   63  146  169   99   64   97  130  261  141  457   52   50   78   34  208  107   21   62  170   84
   53  150  205   41   32  285  102  344  190   40  305   53   37   68  218   73  101   73  119   23
   77   85   35   31   38  110   83   99  360  144  153  115   46  227   27  196  151   51   12    3
   47   75   62  121    8   21    7    0    2    1    1    0    0    0    1    4   18    5   15    6
   57   20   10   31   33   26   53   61   13   18   34   19   17    1   36   34   27   66   29  107
   47   88    7   38   17   23   29   89   43   19   56    9   81   96  177  134   67   43  121  131
  186  157  150  155  137  112  134  108   74  102  225   79   78   27   24  138  253   14   80    8
   74   69    8  122   32   51   37  276   92   56  101  149   63   21   16   83   13   15   61   28
   13   77   82  108   94  143  438  447  189  234  119  265  170   56  357   27   78   22  120   55
   91  175  311   87  107  348  227  116  205  280  310  102  156  172  125  242  131   57  137   68
  153  126   32   67  109  202  149  124  273  290  246   70  187  103   89  210  179   55   50   24
   76  117   67   85   48   11   43    0    2    7    1    1    0    0    1   38   20    7   16   20
  103   38    8   57   19   29   52   56   72   69   85   47    6   21   24   21   55   37   21  112
   63    5   22    7    6   21    6   82   11   13    0    0   30    7   23    3   12    9   16   18
   28   13   17    6   16   11   27   55   22   54   22   22   24    8   48   12  109   72  134   86
   52   67   99   74  142   74   43   85   90   13   12   56   93   61   65   25  113   30   31   19
   38   17   79  165   46  192  426  414  307  106   24   66  137   95  209  100  104   60  122  118
   29  276  126  239  251  133   51   61   68  115  133  164  195  230  196  147  136  134  110   41
   78  124  105   78   35   57   45   46  103   61   24   49    6   34   14   35   25   12   20    1
   21   35   17   88   23    1    0    0    0    0    0    0    0    0    0   10    7    1   14    4
   17    4    3    5   39   14   26   19   20   12   29   18   16    6   13   28   35   11    0    2
   46   26    0    1    2   31    5    7   15    8    5   11    1   12   11   14   16   17   94   19
   53    7   10    4   41   56   32   17    2    2    3   13  210   79   18  174  123   15   35    6
   22    4    5    5    2  381  103  118   48  209   90   21    2  105   28   34    1    0    5    0
    8   13   44   66   14   84   15   28   75   54    1    2   13    8   24   29   51   34   51   82
    4   43   57   39   47   67   93  229  183  102  212   91  151  388  129  194  120  177  138   95
  116  131   35   68   85  106  180  120  110   92   33   39   25   50   23   87  177   56   20    7
   32  103   46  112   18   17   11    1    0   10    7    2    1    2    3   10    4    2    9   17
   35   20   34   48   68   65   93   21  104   25   20    7   19    7   41   14   35   49   32   33
   39   32    6    2   11   13   16   24   30   31   23   10   26   23   83   54   59  101   50   52
   41   29  108  228   73   59   81   53  107  153  221  132   64  172  107   42   68   23   16   39
  148  121   31  291  109   82   11    8    6   29   55   58   44   68  101   59   31  132  125  108
  136   17   87   57   58   59   82   78  154  768  104   38  125   99  158   69  125  172  177  166
  141  214  140  356  153   89  136  384  233  200  618  150  242  251  110  135  136  117  139   59
  290  111   62   67   57  152  179  182  118  107  195  125  146  168  159  119  141   72   25   18
   67  108   58   75    9    6    2    0    0    5    5    0    0    0    1    7    2    1   11    8
   27   63   22   55   38   62   91   81   25   56   80   95   50   59   62   85   76   60   49   50
   55   16   26   52   25   20   85   82   31   49   52   33   76   30   55    7   39   78    8   32
   13    6   37   71   37   62   55   48   52   84  146   70   63   59   55   91   64   52   59   75
   83  153   45  167   67  185   31  110   75   11   28  180   57   19   10   19   66    7   63    8
   91   10    8   32    5   82   21   21  250  299   48    6   11   39  121   87   60   32  171  107
   48  349  309  238  288  173  162  170   94  107  137  108  172  285  295  239  187  233  195   71
  125  126   65   51   34  210  165  141  251  215  131   96   43   98   28   77  105   41   17   31
   60   68   41  120   40    2    5    0    0    0    0    0    0    0    5   16   14   13    7   20
   38   19   16   32   18   20   49    9   15   23   44   33   13   22   60    5   24   88   46  119
   36   38   21   35   50   53   38   38   41   75   55    5  123   49   76   84  122  189   97  155
   90  101  301  230  240  175  230  245  246  240  182  182  148   75  117  125  106   98   63   65
   30   82   32   50   17  135   87  312   92  308   94   39   77   62   37   64   15   14   96    9
    0   58  182   64   69   50   29   85  111  242   42    5   59   37   24   29   41   17   87   36
    2  221  164  109  177  268  394   73  113  250  123  129  135  105  135   94   55  110   99   57
   52   86   45  107   37   88   71   91  345  213  119  114  128  113  103  145  153   60   38   32
   64   57   51   78   29   17   15    5    0    0    0    0    0    9    3   38   10   11   22   24
  185   98   94  111   85   66   80  138   99   51   87   62   62   42   69   54   82  188   49   67
   60   44   36   21    8   47   44   54   21   24   11   12   25   33   61   14   26   28  120  276
  102   35  190   80  169  211  126  173  106   82  122  186  173  155  183  262  136  181  139  127
  197  150  154  149  218  143   87  325   59  138  145  228   84  190  122  132  195  107  171   88
   84  188  362  396   95  252  209  363  586  230   51  101  108  201  242   54  238  177  125  157
   63  289  179  181  234  193  104   58   50  119  181   98  233   96   73  109   58   99  117  109
   74  158   46   92   50  129   98   98  176  183  160   40   41   32   51  104  115   29   15    7
   54   87   11   52   27   31    7    1    0    0   22    1    0    0    2   20    9    3    5    7
   56  106   31   62   75   42   92   65   66   98  145  113   37   37   96  128  131  118   30  129
  178   90   42   20   78   12   16   41   45   41   28   14   72   43   58   89  126   35  142   92
   63   36   64   64  162  243   37  177   77   28   49  127  148   98  144  207  237   82  149   59
   33  115   18  143   22  309  137  317  107  249  144  107   47   74   53   81   19    6   46   23
   20  157   67   34  111   62   79  138  188  122   75   98   64   15  176   88  115   78   87  362
   42  286  271  199  179   89   96   70   94   99  173   83  133  244  118  174  172  112  160   77
   89  128   14    7   22   34   49   85   76  112   79   54   69   35   74   85   34   79   87   38
  137   94   68   61   70   50   28    2    1   27    4    7    2    0    5    7    3    4   11   19
   86   50   37   32   73   30   90   99   81  110   43   81   11   36   30   44  119   53   35   50
  117   78   37   33   47   52   16   38   61   69   47    9   79   35   26   33   34   53   69   56
  145   51  129  140   53  144   72   27   26  113  104   50   72   37   51   78   55  103  109  119
   77   68   57   98   71   91   58  129   61   58  122   63   86   58   82   30  164   92   67   72
  149   61  211   72   29  230  226  264  138   76  127   89  100   61  165   86  232  285  196  197
  156  144  215  280  185  199  110   30   44   54  108  182  169  158   85  112   55  140  111  155
  184  124   42   95   62   70   36   38   51  108   93   52   20   57   39   28   33    9    2    1
   25    8   21   68    7    5    0    0    0    1    8    0    0    0    0   11   18   22   13   37
   12   22   15   25   16    4   26   52   39   39   14   41   12    6   21   74   85   74   56   83
   76  139   10   27   53   75   18   99   37   67   92   56   67   93  105   24   64   68  166   71
   60   26   50   33   57   85   36   99   94   85  111  197   67  149  129  282  410  298  360  250
  220  310  197  356  254  345  185  289  207  111   94   71  178   44  151   92   96   22  145   94
  114   15   65  177  168  131  184  500  527  446   66   72   25  303  259  189  105  149  172  189
  109  348  337  208  304  269  271  171   99  276  132  113  277  152  141  228  171  147  200  111
  150  125   72   61   57   88   47   61  303  179  188   52   71   65  106   67   85   44   64   58
   51   64   18   62   29   17    6    0    2    3    1    0    0    0    1    6    8    8   22   10
   38   80   54   49  105   49  133  155  118  126   49   71   61   47  157   94   91  122   72  104
   66   55   50    8    4   50   44   83   48   28   11    1   41   56   33   64   86   70   51   29
   46   94   49   87   45   44   39   61   88  125   96   80   20   66   38   43   38    5   34   10
   54   92   54  114   61   70   57   91   90   27   35   17    9    5    0    5   16    8   12    5
   21   20   32   62    1   83   51  155  261  112    4    3   30  250  322  134  127   93  110  152
   34  259  158  115  217  141  111  125  155  148  170  144  170  183   95   45   61   62   94  100
  100  144   39   72   56  154  144  115  254  249   97   89   64   81   53   82  132   49   37   22
   36   82   61   90   20    7    1    0    0    1    3    0    0    0    1   16    4   15    2   10
   29    6   67   65   47   12   39   45   71   45   55   34   21   11   56   61   45   84   33  106
  150   65   28   15   54   68   31   23   43   96   53    9   14   44   57   63   52   94   75   72
   53   77  188  104  114  117  151   55  108  183   79  209  149  133  222  208  155  134   87  132
   87  159   41  142   40  225  163  157   82  111  240  161   69  172   92   94   53   42  150   67
   88  227  225  131  114  101  115  125   35  106   88   45   49  104  102   36   67   77  185  154
   81  207  186   75  125  350  131  361  191  191  414   58  145   51  128  112   62   41  166   41
  187  101   48   62  109  211  162  124  306  167   88  101   80  128   74  136  249   36   11   28
   75  120   92   57   27   24   16    1    3   10    8    0    0    1    4   18   13   13    9   17
   26   24   10   25   16   18    6   28   36   58   25   65   20   14   25   58   71   64   58   68
  149   64   16   33   20   36   48   38   48   54   40   12   40   31  114  123  122   32  180   90
   99  120   43   39   39   59   74   26   99   57   38  109   61   70   70  253  190   37  132   53
   21    5   49   75   69  280  148  116   71   69   74   77   85   81   53   48   24   44  139  104
   65   44  131  198   80  105  108  525  569  267   24   34  152  128  233   60   78  117  214  205
   70  104   43  145  111  121  132   87  141  192  223  173  168  231  108  200  159  138  165  148
   70  120   60   82   15   79   61   63   85   47   19   36  108   60   52   65   59   64   47   19
   56  100   58   65   32    6    0    0    1    3    2    0    0    0    2   26   49    4   47   28
   73   15   21   28   34   22   25   13   42   14   14   12    6   36   22   23   57   60   32   93
   53    6   11    8   24   21   14   19   29   50   51   45    7   19    2   65   81    6    2   31
   17   13   18   45   61   89   47   52   60   22   10   60  225  108  161  233  227   94   81  120
   77   38   54   16   47  179  216  153   50   47  103   66   13   31   17   81   28   30   81   42
   35  130  116  148  116  135  247  183  335  217   26   53   49   87   99  167   88   92  105   68
   86   26   37  109   69   34   67  180  191   88  397   74  115  128  161  193  167  163  138   75
  188   58  108   61   53   24   65   63   28   36   21   33    7   52   37  104  109   19   50   41
   46   34   47   40   59   41   46    1    0    3   21    0    1    0    4   22   15    7    7    9
   61   63   66   77   77   82   64   39   26   16   30   25   60   55   35   24   58   89   77   54
   72  102   33   18   10   76   55   54   67   72   47    8   81   58   82   41   57   12  101   71
   84   34   23   29   44   61   62   28   10   19   22   21   50   47    9   95  138   67   41   53
   10   52   42   96   20  218   87   60   30    7   46   37   18   28   87    6   44   24   12   26
  119    5   56   61   28   51   80  203  545  353   58   91   69  112  241  134  111   61   41   92
   90  178   66   95   57   86   78  256  198  106  391  149  105  206  224  239  214  117  175  195
  283    7  107   80   57  104   67  115   59   70   27   85   98   53   96   90   70   71   49   39
   61  116   43   56    8   25   10    9    0   29    3    4    1    0    2    3   12    4    4   19
  102   46   49   46   55   24   96   34   35   20   81   52   26   47   83   27   58   46   30   61
   89   68   17   23    7   22   22   77   34   37   20    5    4    6    6   85   17   46   47   58
   80   84  225   77  205   97  158  146  258   96  168  349  180  103  105   54  138   51  135   92
   50  201   68  209   35  105  105  185  162  108  145   69   44  132  128  265   40   69   75   66
   91  167  217  162   80  390  212  197  289  279   67   92  186  154  163  129  135  153  137  203
   87  409  331  229  196  237  238   61   37  157  168  161  196  111  132  284  153  130  171  117
  124  147   85   98   55   98   87   86  130  201  193   60   24   50   22   43   53   58   25   15
   66   81   14   98   24   50   29    0    2    7    0    0    1    0    0   20   31   10   21   66
   58  123   43   65  108   81   66  105   71   68   68   22   56   22   41   25   50   33    8   43
   74   24   66   30    8   20   29   25   48   55   33   11   27   76   34   83   17   49  107   87
   31  142   15   77   30   41   20   41   50   60   72   84   82   41   55  145   86   70   87   23
   46   50   26   55   28   66   60   56  116   50  107   32   26   38   56  100   12   34  159   16
   11   75   88   22   31   48   43  320  643  360   62   61   22  160  156   59   88   56   71  102
   39   95  185   74   77  138   80   78  120   99  143  117  147  241  189  196   67   77  214   30
  102  155   44   60   53   84   78   61  158  113   92   73   72   36   41   50   50   23   19   16
   49   61   56  112   26   13    2    0    3    4   21    1    0    1   13   12    7    8   11   34
   14    5    5   12    8    7   21   46   58   80   32   34   38   49   22   11   51  107   43   37
   58   39   29   46   46   65   45   44   26   76   44   36   48   23    9    6   13   26   20   13
    4    1   12   24   88  120   43   70   69   48   54   68   75   43   48   95  106   95   95   88
   64   25   52   39   32  273   80  320   27  115  128   74   24   98  143  169   95   97   48   34
   62   76  228  117  111  280  154  476  387  235   75   44   58   92  336   46   65  106  128  168
   56   70  208   70   37  130  141  180   90   52  121   86  123  127  109   45   58  283  161  155
   64   86   28   51   36  180  116   92  253  196  105   63   24   65   20  130  126   37   26    6
   67   80  123  101   19   40   20    7    0   17   16    0    2    1    5   44   28   17   22   18
   82   82   58   65   71  103   64   36   96   23   89   30   16    8   15   36   30   13   21   26
   17    5    1    5   11   24    2    3   22   36   55    4    7   12   73   47   53   31   12    6
   69   98   39   25   55   65   66   52   66   39   74   63   55   31   41   71   97   62   47   49
  140   93  118  165  173   81   89   84  115  118  130  157   73   50   99  124  123  208  118  118
  133   15   38  143   58   45  145  259  255  422   76   85  138  236  282  140  201  113  128  211
  233  206  223  229  126  257  284  208  229  168  309  181  150  189  147   91  195  150  191  119
  145  117   74   73   18   96   80   72  177  137  144   42   65   54   43   87   58   66   11   19
   54  107   77   97   31   29    3    0    1    6    2   12    2    0    8    3    8    5   10   16
   65   44   71   90   62   28   42   19   60   73  104   48   48   29   80   30   61   82   25   82
  182   20   52   55   22   42   16   32   42   71   22   60   34   77   80   76   75  122   79  139
   82   79   87  134   50   54   68   68   94  201  226  151   56  162  135  273  174  176  142  145
  153  222  110  167   53  174  289  178  110  104  131  128   71  175  104  186   39   72  114  183
   48   60   95  111  130  132  144  147  210  216  257  312  145  175  291  100  124  151  176  145
   70  286  305  169  139  233  392  120   59  128  162   92  135  283  110  133  156  157  231   50
  136  101   26   48   54  205  135   98  198  194  200   85  118   88   60  132  120   40   56   44
   57   65   43   93   18   19    3    3    0    8    8    2    0    0    4   11   12   40   20   35
   26   47   28   40   52   65  100  117   65   28   43   34   19   30   37   52   36   93   34   73
  175   29   15   21   19   17   25   18   30   27   38   28   37   27   26   37   43   52  125  109
   62  111   94  155  152  166  209  220  367  217  220  189  227  173  116   74   92  193  171  137
   45   77   18   80   24   81   97  173  114  292   98   65  155  119  182  206   19   40   93   12
   61  236  208   99  157  224  174  142  309  300  104   86   40  219  252   57  148   64   53   73
   72  240  208  128   81  131   99  109   59   49   75   71   92  129  144  189   37   89  127   62
  126   70  123   73   48  223  104   88  304  357  281  111   56   73   37   50  105   54    5   12
   48  121   60   21   28   11    3    0   12   11   11    2    0    3    7   32   17   27   20   56
   71   44   12   72   44   70   60   69   43   77   62   30   79   32   19   35  100   42   30   63
  116  112   13   12    4   21   10   47   35   27   15   14   38   64   91   69  125  159  126  106
   91  105  116  154  107  105  128  151   93  156   61   95  166   81  117  270  111  110  110  149
   97  113   29  183   25  154  114  289  196  148  344  161  157  204  101  160   79  103  144   31
    9  159   99  100  261  168  255  450  449  541  105   68  275  303  259  119   52   94   77  137
   30   84  252   74   93  221  137  196  344  149  223  169  131  133  216  177  164  119  153  137
  231  124   69   82  136  108  111  141  200  146  123  144  146  130  125  181  139   62   47   15
   48   76   73   83    7    0    3    1    0    5    0    0    1    0    0    3    4    5    4    2
   15   33    3   16   37   49   55   41   73  107   58   72   36   82   53   25  105   94  107  106
  109   70  142   67   33   43  134   94   44   43   18    5  114   25   35   33   10   20   16   28
   19   24   90   37   45   86   81   87   97   61  132  125   36   35   50  167  188   90  107   98
  130   88   69  100   75  210   64  126   47   79    7   44   59   37   88   36   57   48   37   34
   29   32   34   94   24   50   44  174  103  177   27   55   55  110  146  302   39   74   82  127
   68  131  178   48  126   82  157   93  101  102  245  219  208  190  174  167  100   90  146   90
   81  114   41   94   81  122   42   50   82  164  114   53   21   55   18   15   30    9    2   19
   21   16   27   71    4    1    1    0    2    1    1    0    0    0    8   14    3   10    3   46
   41  112   52   41  108   86   94   91   83   62  144   75   30   38  117   79   96   94   23   44
   84  151   40   59   28   40   45   46   42   42   64   20   46   29   27   13   38   27  183   74
   55   17  108   60   95   20   37   14   36   33   25   90   37    6    8  124  230    9   93   54
    3   87   30  179   64  250  141  604  102  213  134  118   78  102   72   58   49   73   85  111
  116  173   73   39  132   85  242  189  320  116  102   63   79  146  132   64  115   92  125   54
   50  107   75   90  133   92   67   91   97   76  224  233  204  303  315  305  275  137  265  142
  217  112   89  157   74   11   34   49   80   95   90   21   30   37   33   26   38   52   21   36
   52   55   44   98    8    1    1    2    0    8    2    0    0    0    0   15   14   46   34   29
   64   71   44   52   50   50   56   43   29   73   71  102   44   49   35   37   55  131   66  102
   87   70  114   11    4   65   27   73   45   21   34    0   49  103   68   23   21    4   58   31
   12   33   30   10   36   86   43  130  166   37  104  180   65  164   80  170  237  189  138  150
  163  146  298  102  132   98  115  238  254  374  151  221  108  170  124   85   80   68   48   66
   97  285  347  333   81  177   54   40   55   79   58   21   71   32  124   78  196  144  102  259
   86  200  151  125  355  140  251  131  198  208  145  203  227  297  143  144   81  101  105  123
  125  110   24  110   60   78   51   75  123   96  131   20   19   53   17   90   69   49    9    5
   59   86   18  103    8    8    4    0    0    0    3    2    1    0    1   10   21    9   25   39
   42   29   18    8   78   14   36   53   57   41   45   65   23   35   84  118   76   82   34   65
   82   49   34   33   44   35   37   47   84   60   31   37   89    0   27   35   33    8   35   31
   15   51   35   30   42   37   18   30   16   35   35   71  153  104   33  107  347  104  135   98
  120   80  180  401  183  286  172  276  109  172  101  116   89   50   78   19  103   36   73   34
  122  363   88  152   59  173   32  123  291   93    5  144   77   68  184   69  149  189   70   57
  154  243  125  167  113  132   94  117   45   97   97  100   69   46  159  150   90   77  123   69
  155  133  120   69   48   79   49   53  215  138  127   28   43  100   55  121   52   28  235   49
   67   51   46   91   19   20   19    1    6   26   10    0    0    0    9   23   29   27   17   62
   71   78   63   78   98   85   82   71   62   54   56   59   37   46   31  127  148  141  135  166
  107   58   17   16   37   39   50   78   66   55   43   14   63   68   49   41   28   47  105  126
  109   58  103   47  119  110   56   46   73   55    7   43  228   67   36  193  209  135  145   63
   38   25   80    2   19  193   75  564   99  510  112  157  119  150   91  169   30   65  223   82
  104  295  277  287  101  189  111  220  232  230   45   39  116   97  219  173   96   74   92  118
   87   22   76   95  110   73   71  180  141   89  241  168  111  169  221  210  160  101  168  142
  128  112  112  140   90   38  132  157   51   33   49   61   51   65   16   66  124   16   20    6
   29   55   52   53    4   14    4    0    0    0    1    0    0    0    2    6    0    1    4   13
   58   76   50   89   91   52  100   60   62   30   62   27   77   73  108   26  111   38   29   70
   23   26   64   37    8   56   36   65   81   27   25   10   72  118   40   46   52   58   59   26
   34   86   79   48   50  158   49  184   98   40   62   81  158   64   77  150  179  115   89   63
   36   38   63   44   37  196   61   73   52  290   73  106   68   42   59  116   78   62  184   60
   33  145   80  202  135  199  109  115   94   82    5    1   16    3   54   38   44  102   50  113
   45  147   86  146  138   58   39   76   79   36  229  166  227  386  192  218  150  220  165   98
  167  134   73   78   77  104   90   38   38  110   55   34   45   55   54   45   27   14    5    8
   13   19   19   78    2    2    0    0    2    0    0    0    0    0    0    5   10    4    0   10
   50   52   50   52   87   64   90   64   54   50   43   79   55   20   36  125  100  109   30   71
  280  277   27   11   10   36   35   49   35   27   30   16   55   16   24   38   67   52  130  112
  152   47  101   80   85   98  204  149   75  153   75  181  150   45  100  126  169   60   72   57
   62   23   21   35   70  228  139  228   66  116    7   20   13   14    3   46   31   34   55   30
   32  221  102   74   91  172  211  294  266  252   30   60   55   53  251   60   31   32   32   57
   60   79  168   51   67  137  117   88   39   98  106   65   42   92   66   63  117   82  194   56
  123   88   50   25   43  125   72   77  167  129  114   62   44   40   41   64   84   63   30   13
  107  111   50  112   35   18    1    0    0   10    5    2    1    1    6   55   41   18   31   37
   40  117   56   86   76   46  112  106   84   99   52   66   20   10   67   62   63   49   20   39
  128   32   22   16   12   40   11   46   37   33   18    6   18   34   59   33   44   27   21   28
  110   53   23   77   29   25   56   20   14   33   67   64   22   82   80  164  167    7  111   39
  204  149   69  167  112  189   78  300   40  118   77   60   13   43   56   79   53   48   54  147
   48   12  234  280  117  464  540  340   84  185  368   28   62   91  190  292   71  151   66  389
  162  201  194  115  146  124   53   38  102   34  208  176  149  201  170  187  172  101  160  124
   72   92   55   90  147   26   57   52   84   61   59   17   15    5   16   17   31   36   10   17
   53   60   31   74   14    8    2    0    0    1    0    0    0    0    0    1   22    4   24   25
   65   72   34   95  106  123  126  175  150   98   84  143   38   20   89  204   86   99   86  127
   73   80   38   16   36   24   15   22   23   28   23    7   15   64    6   59    4    9   16   26
   15   19  111    6   28   23   65   78  128    5   34   37   72   16  119   12   37   90   43   55
  120   49  101  117  185   35   69   38   56  178   90   75  194   59   95   52   91   56   52   32
  185   48  100  303   21   97  138  163  199  408   41   57   75  183   83   77  154  118   98  191
   65  127  112   82  126  181  152  137   98  188  184   92  131  290  187  103  112  122  138  135
  110   97   13   23  112   34   34   40   93   75   61    4   39    5   20   37   45   14   12   12
   63   80   45   91   34   19    8    0    3    5    3    0    0    0    0    4    3   14    5   20
   77   70   65   65   86   58   61   62   73   83   68   78   34   21   24   76   30   54   83   40
   76   57   14   17   12   65   40  109  115  114   66   59  116   51  126   28   18    4   25   78
   71   59   43    8    9   57   32   22   21   11   12   16   28    1    4   14   33    3   30    7
    3    8   20   17   17   73    6   94   62   10   82   69   58   14   59   53   30   52   44   85
   41   38   38   16   17   62  168  123  183  190   81   89  134  184   72  111   80   90  149  205
  118  109   88   47   77   98   50  132  105   63  344  133  182  166  148  217  169  169  144  101
  214  125  130   78   65   24   35   42  106   94   34   11   60    8   28   10   10   86   35   19
  101   57   49   73   72   27   39   14    4   26    3   21    8    5    7   11    5    3    6    3
   35   14    6   31   21   12   20   63   53   45   24   54   10   11   21   54   54   65   36   20
   61   39   21   10    4   61   20   55   38   39   11    8   33   36   19    9   17   17   13   20
    7    8   40  105  145   82  125   79   65  127  115  116   71   34   26   18   34    9   23   25
   41   69   18  159   16   57    6  157   25   69   90   11   19    6   15   13  216   60   92   11
   14   58  111   33   68  152  253  427  266  782    3   13   90  184  399   60   19   17   62   87
   21  208   53   95   65   45   36  112  188   82  154  119  109  157  190  126  226   83  123   52
  110  139   54  115   72  124   36   31  148  161  136   82   10   73   18   40   65   19   50   17
   35   55   19   61   20    4    1    0    0    1    0    0    0    0    0   23   10    7   12   20
   32   46    8   33   14    7   42   28   28   29   27   20   14   30   81   29   50   49   48   29
   51   16   47   35   15   39   44   42   48   23   17    4   44  103   47   90   90   65    5    8
   32  102    6   88   15    9    7  109   38   78   51   85   15   15   41   18   26   17   36   28
   21   41   76   34   61   89   41  174   97  238  197  109   33  138  154   56  161  172  180  106
  125   99   84  140  123  257  207  183  202  462   80   41   80   72  319  145  140  156  171  181
   94   42   99  123  110   30  112   84   33  136  129  147  205  320  226  254  199  157  217  123
  167   71  163   85   89   84   87   47  105   49   63   69   30   71   16   59   62   27   15    5
   41   25   13   60   21    3    2    0    0    0    0    0    0    0    0    4    0    1    1    1
   32   44   78   38   89   69   93  101   43   84   91  110   56   21   26   36   94   52   26   18
  140   93   14    1    4   92   30    3   14   34   31    8    5    7    4    8    1    0   60   36
   14    9    0    2    0    7    1    1   10    1    3   22  135   24    5  132  185   24   20   86
   26   23   50   49   33  321   65   65  125   92   48  100   85   92   54   69   87   43   68   13
   17  124   69  168   18  179  127  129  162  155   20   14   18   29  277   90   38   24   61  107
   32  139   35   87  117   10   98  134  111   76  203  133  147  108   71   77   68   35  128   83
   85   91   75   46   63   32   29   24   77   30    9    2   10   28   43   35   23    9   18   21
   26   28   35   46   29   20    1    2    6    2   14    0    0    1   11   19   14   14   27   19
   72   36   34   65   34    7    7   13   24   53    6   36   18    5   17   38   25   71   12   33
  248   18   14   15   76   61   22   54   50   71   90   17   37   15   21    3   19   25   69  130
  166   25  122  154  111  224   89   20   20  103   38   54  170   60   44   54   27   28   61   72
   51   45   72  105   83  118   47  511   28  261   36  114   34  173   65  141   87   59  133   90
   28  236  121  299  175  131  248  295  106   46   44   72   80  131   81   54   47   47   86   81
   34   28   24  120   76   64   68  107  135  249  258   91  142  240  236  233  281  123  209  113
  140   59   88   72   97   49   69   68   88   40   20   56   37   35  115   46   33   22   20   46
   51   26   57   51   22    5    1    2    0    3    0    0    0    0    1   13    7   49   28   33
   40   25   15   33   38   17   44   32  101  124   31  107    9    7   32  165   71   24   32   17
   24   20    6   14   35   21   24   23   16   30   15   58   22   14   92   45  151  112   70  100
   48   40   34   80   58   51   60  156  203  113  133  221   69  104   97  114   47   48   44   79
  202  174  103  242  169  285   34  102   27   20   12   60   38   56   39   63  268  108   67   92
   75   73   87   96  157  154   38   75  116  190  201   35   23   70   31   52  181   91  207  137
   26  261  171   84  175  189   55  115   76   98  212  133  186  170  221  194  338   55  172   57
  173  101   76   89   71   63   69   93  145   66  111   71   62   49   55   40   75   66   42   32
   88  104   50   92   25   13   12    0    1    5   10    0    2    0    2    6    8    3   21   16
   18   14   14   50   20   12   13   23   15   27   36   26   17   18   22   26  161   50    3   90
  144   27   17    9   24   39    4   32   35  105   66   29    9   10   23   27   17   31   32   22
   34   57    1    7   10    1    9    0    1   15    4    2   19    0    3   19   45    0    3    0
    1    8    7    7    9  147   31  125   19  131  163    1    1    6    4  116    4    8   32    9
   12  320   70  178   97  115  208  393  314  262    2   22  128  166  154  120   15    7   19  114
   10    1   43    8   43  103  105  529  203  118  216  125  282  243  194  186  237  133  129   32
  154   89   25   74   40   74  152  123  141   37   17   87   61   93   81  129  196   82   57   75
  119   77   63   76   63   52   19    8    1    4    9    0    3    0    3   12    5   24   84   36
   42   15    8   27   22    4    7   12    6   10    4    6    2    5    9   18   16    0   18    7
   25   35    3    6   20   55   20   49   70   29   15    7   51   34   68   40   36   49   25   36
   16   54   33   43   36   48   37   32   37   46   57   40   87   35   29   95   85   10   10   51
   21   29   34  144   76  150   96  397   80  208  120   34   75  149  171  136   52   80   81   80
   25  137   99  252  111  115  317  842  587  370   10   23   74  115  569   57   55   26   22   27
   42   58   63   58   72   34   77   62   39   36   76   79   51  124  107  216  190   82   82   57
   38   85   79   99   94   68   64   67   86   98  102   71  102   98   78   61   98   23   47   52
   59   57   68   45   60   11   15    5    0    0   17   18    0    0    5    2    6   23    9   16
   72   64   51   60   94   45   82   32  100   29   64   14   55   14   17   26   52   58   40   41
   86   88   35   55   48   94   80   76   82  132  109   35   88   39   38   40  141  120   43  104
   85  127   82  101  100   47   41   67   25  111  101   38   46  191   54   26   44   14   56   24
   48   40   19  141   40   53  116  237   60   62   54   18   14    9   29   84   38   66   54   15
   42  129  130  291  116  139  387  334  199  468  145  104  113  236  128   92  120   41   51   86
   70  106  274   62   69  156  158   63   31  174  101  159  109  167  128  145   99  100   58  108
  134   84   79   92   95  203  147   87  232  225  185  132  117  133   90  183  151   29   16   29
   55   74   20   61   16    7    5    4   11   13    6    7    0   15    2   25   13   45   13   52
   35   44   42   27   49   20   43   15   15   39   46   70   19   27   25   50   96   51   44   45
  144   47   34   55   15   62   67   86   74   48   33   80   74   92   39   33   72   41   14   19
  109   72  119   64  102   36  155   65   70  100   86   77   82   38   69  141   94   43  144   11
   54   32    7  121   16  239  129  200  185  195  115  106   35   39   86   45  109   11   59   17
   46  296   76  205   12  206   14   43  229   78    6   28   15  236  131   31  148   57  155   93
  158  169  420  111  142  150  131  105   40   58  161  106  140  256  217  145  225  190  175   90
  231  113   46   65   32  102   91   82  150  173  244   45   21   39   90   43   98   28    6   22
   95   64   69  101   20    2    2   14   11   13    6    7    0   15    5   18   13   45   10   52
   23   40    9   56   13   14  128   12   55   20   45   29   33   30   73    7   23   49   27   11
  119   91    9   18   11   35   18   24   32   32   40    9   25   29   84   70   97  212   69  291
  108  287  263  273  239  130  155   90  260  133  133  116  154   86  135  102   60   88   41  192
  150   58   81  118    9  169   38  175   22  261   71   25  217   70  121   93   49   11  133   16
   10  204  144   80   47   60  212  200  371  212   71   20   42  146  159   82   35   63   84  123
   18   56  120   46   62  116   66   44   33   76  156   83  170  283  117  169  131  106   70   42
  181   59   24   48   76  104   63  136  146   80  124  202   68  166   45  116  104   39   10   20
   67  151   61   73   21   35    1    0    0    9    4    6    0    0    0    3    2    9    5    2
   21   33   39   33   41   33   56   43   36   39   68   28   20   24   40   32   27   50   29   16
   21   10   33   37   34   34   15   16   31   32   61   20    1    1   15   10   15   57    8    2
    5   16   11   25   43   95   30   95   85   50   81  214   70   72   88  101  102   43  112   50
   49   91   14  192   46  155  119  241   56   51   42   62   12   97    6   94   28   45   59   85
   15   31   80   99   66   67  203   78   87   79   18   36   21    8   49   84   60   56   72   33
   37  168   82   38   83  116  198   65   48  163  129  106  190  170  145   92  113   55  133   48
   85   53  106   79   49  130   67   59  207  129  155   50   46   73   62   82   74   39   18   12
   79   96   50   52   13   10   19    1    0    0    2    0    0    0    0    1   15   17   12    7
   29    3    1    8    8   11   29   48   44   58   63  105    9   33   18  148  123   34   24   27
  178   87   23   10    6   17   18   33   47   35   34   11   50   45   64   38  106   35  204  258
   60   64  158    5  185  184   81  145   25    5   73   14   87  127  119  180  216   51  168   71
   15   22   45   72   77  268  190  421  216   24   72  102  108  156  170   26   97   86   60   87
   60   49   60   90  166   90  157  202  352  233   75  101   56  143  105  197  116  107  125  182
  102  163   69  146  149   54  107  246   75  141  126  117  189  170  145  225  129   65  179   81
  120   85   70   56   51   54   66   67   75   23   55   70   69   66   56  100  114   39   42   22
   54  109   47   31   50   40   35   15    1    1    3    9    6    4    3    3    1    6   20   27
   53   21   29   49   44    6   44   42   57   27   80   42    6   28   63   38   10   70   16   43
   24   15   31    8   21   28   16   81   48   55   59   11  119   68  116   31   64   33   34   30
   49   74   47   61   86   27   46   33   27   64   45   42   17   42    6  109   44   15   46   51
   41   12  108   60   35  218   51   91   83   41  114   41   31   39  124   20  130   44   50   46
   29   30   92   81  111  124  315  290  188  338   97  116  123  188  312  217   81   99  115  127
   56  115  106   64   54  176  176  212  267   71  117   89   51   45  170   50  128   75   97  120
  142   63   25   19   49   80  111   86  130  145  132   82   57   70  141   96   93   62   48   44
   63   94   62   77   34   48   14    1    1    3    5    0    0    0    4   15   18   14    4   17
   52   68   30   90   43   45   34   50   42   28   37   44   23    2   14   47   64   26   10   30
   24   54   17    7   22   18    3   63   52   49   76   21   23   50  119  195   62  112    2   20
   13   29   21   51   35   85   29  148   31   80    7   61   88  103   19   86  114   39   75   66
   42   26   68  103  112  117   52  214   73   24   50   34   23   73   60   69    2    5   18    8
    2    9   87  120   31   40  105  260  390  567   67   96   79   43  385  106   52   35   30   26
   29  148  106  112   49  105   43  188  155   60  225   99  151  133  127  185   58   28   82   48
  109   52   46   18   18   81   35   47  172   90   52   71  131   46   62  106   36   34   21   18
   87   59   63   67   18   53   45    4    1   18    7    9    0    0    1   25   42   13   27   35
   13   16   15   26   17   17   24   35   59    3   16    5   15    5    8   54  113   56  118   82
   93   84   10   45  106  107   87  111  135  126   67   52   81   44  110   40   82  149   97  114
   65   65  105  195  174  248  137  186   51  141  177  109  105  181  186  121  213  138   63   89
   91  144  133  124  129  108  111  259   40  132   95   84  105   60  163   46  143   45  147  125
  103  309  242  255  184  359  499  593  306  109  124  215  250  162  391  153   93  157   82  154
   95  131  175  135   57  207  119   74  150  113  160  103  254  184  124  130  124   99  206   92
  122   95   75   80   70   98   64  107  107  113  117   45  105   34   64   32   79   73   22   39
   73   64   50   50   33   45   42   14    0    7   49   13    8    3    8    4    2   11   13    5
   13   19    7   26   11   13   35  107   53   17   29    3   14    4   10    4   38   15    3   51
   97   92   10    4   29   16    6   39   23   15   30    3   64   61  113   98   95  116  233   99
  163  120   58  263   42   69   46   46   33  253  125   44   17   13   27   27   60   28   67   50
   59   48   41   65   24   75   34  132  100   41   74  126    4   45   49   48   44   34   67   57
   44   25   72   79   86   91  111  231  278  310   63  108   96  186  163   96   31   56   37   33
   41   66  322  103   53  159   76  157  152   30  183  140   76  189  171  110   76  213  211   66
  185  121    8   46   11  311  167  115  322  390  218  120  100  135   70  100  184   53   61   37
   93   62   83  124   41    6    7    0    0    5   12    1    0    1    0    4   13    0   20    2
   94   82   38   36  175  106   92  158  185  137   82   86  106   81   61  103  106   56   74   87
  210   74   62   58   33   62   46   40   82   59   54   32   81   68   98  168   41   30   16   26
   16   41  112   82  117  122  114   86   77  105  140  208   48   69  101   78  108  129  101  157
  108   54  143  132   93  209  131  283  102  164   99  131  118  103  180   96   96   91  113   91
  148   59  106   60   83   81  208  123  133  285  130   94   20   56  150   83   74  136  124  107
   51  224  217  190  278  208  139  102   77  288  148  151  254  179  116  204   79  132   88   97
  154  124  105   69   25   84   68   93  151  148  133   45   83   62   87  130  101   42   48   34
   57   89   42   50   37    8    1    1    1    3    9    0    0    0    2   16    6    4    4   34
   84   64   54   49   53   43   41   75   50   26   32   26   57   17   33   48   43  107    7   92
   64    8   17    8   21   50   29   51   47   96   59   16   93   88  112   37   41   10   58  101
    7   12   50    6  170  169   95  185  258    9   69  128   67   72  121  121   52   54   87   60
  208  193  122  222  375   39   41   68   50   52   19   65   27   28   30   46  115   49   36   75
  214  105  112  117   53  113  174  373  255  458  100   88  247  139  377   56  105   83   52   64
  123  214  168  245  196   95  128  164  201  156  212  250  138  229  125   93  183   72  161  108
  199  157   57  109   66   60   66   90  166   16   44    8  106   38  105   93  148   43   22   34
   59   95   36   72   16    4    4    2    0   10    0    0    0    0    5   21    4   10    7   13
   59   66   30   40   92   58  105  130  100   91   32   63   40   32   59   28   28   27   72   22
   52   28   55   11   18   36   49   51   76   81   54   27  127   30   65   71  106  193   43   82
   76   80  111  193  139  150  142  178  265  228  170  199  100   89   91  161  170   80  156   32
  113   84   65  203   74  198   47  438   99   42   14   55  118   33   17    8   79   20   14   34
  119   28   25   58   64  125  144  202  212  353   76   15   47  329  317  146   62  101   83  272
  139  203  422   86  233  195  181   32   51  173  140  127  110  135  108   90  117  149  158   99
   86   91   35   74   75  245  141  154  267  201  178  159   83  181   99  172  216   84   44   14
   71  103   73  129   12    7    0    0    0   22    5    0    0    0    1   10   30   26   23   29
   29   72   23   25   69   38   27   17   40   27   24   16   33    9   57   39   10   10   11   48
   30   28   26   39   92   88   33   66  123  106  102   39   87  147  101   16   66   28   37   70
   41   64   46   18   74   74   86   30   29   19   36   32   52   63   46  122  121   52   82  128
   75   71  121  127  109  317   98  206  135  273  274   76   92  183  121   69  144   55   87   86
   91  138  213  171   93  166  125  352  196  394  134  117  163  112  424  223   67   57   76  269
  167  184  157   86  340  152  252  291  205  118  166  210  149  170  223  146  110   69  173   97
  140  222   36   77   37   83   64   58  153  105   49   33   76   37   99   81   78   75   55   98
   45   69   42   62   49   28   21    1   12   13    2    9    4    4    2   44  102   22   14   36
   89  161  106  104  150   79  138   70  101   72   70   88   94   40  194   47   85   37   29   42
   21   20   62   25   12   43   46   49   30   74   49   10   59   30   24    4   52    6   49   37
   17    2   74   43   33   51   40   36   55   62   79   38  237  187  129  234  247  191  154  281
    7    0   53    2   69  495  191  460  222  654  206  179  114  158  126  166  147   91  158   84
    3  475  131  207  180  161  389  134  267   92   62  238   62   47  124   86   40   27  115   52
   64  158   74   73  139   75  133   83  126  250  221  219  202  275  170  276   98  274  100   68
   92  165   47  155   96   60   74   94   90  105   86   19   21   11   38   48   64   34   22   10
   81   89   47   77   12    2    1    0    0    6   28   21    2    0    5   16   15    0   16    0
   35   41   23   19   30   67   62   54   42   36   37   53   32   14   16    9   72   57   24   42
   34    4   48   11    5   54   14    7  103   20   23    1    2    1    1    9    9   14   10   82
   12    5   63   45  115  192  101  241  263   76  204  238  202  176  100  279  168   97  141   86
  107  156   62  184  120  167   15   95   92   45   98   73   55   17   32   58   41   18   50    3
  132   41   76   59   46   99  171  191  220   95   15  156  124   81  264   85  109   70  138  227
  196  281  305  232  177  108   49   74   38   49  107  112  179  184   47  137  114  214  130   75
  146   81    9   43   27  104   55  108  141  296  233   28    1   15   12   23   14   18    8    7
   90   59   67  117    5   11    2    2    0    1    4    0    3    0    1   43   38    5   21    8
