   12    5    0    9    1    2    8   15    1    0    4    1    0    1    6   16   22   37    8   36
   44   37    5    4    3    6    0    5    9   12    7    2    5    8   10   11   20   24   22   13
   14   30   41   27   51   66   35   35   35   29   27   36   39   56   47   50   63   73   66   95
   50   40   89   23   62   66  101  101   96   47  138   70  118   64   71  179   85  131  152  166
  108   30   25  104  168   32  139   49  134  250  173  129  113   90   46   84  148  101   56   97
   57   71   76   77   45   67   25   19   17   22   80   10    5   17   21   18   33   33   35   27
   41   10   14    3    5   49   25   15   40   33   42   13   11   19   27   27   24   10    4    0
    3    8    3    2   14    5    2    5    6   18    9    1    1    0    1   17   30    8   39   23
   12    6    7    9    4    4    6    7   11    4    9    7    7    1    4   16   22    7    1   10
   26   48    5    8    5   13    2    2    6   10    8    2    7   15   44   50   20   56   47   35
   48   51   64   27   56   54   97   56   35   89  114   67   39   53   54   29   54   18   66   26
   21   23   32   39   34   66   11  112    2    2    4    5    6   64    0    1   25    5    7    2
   59    0    0    1    0    0    1    1    8    4    0    1    3    6    1    4   63   47    7   36
   57   79   64   60   48   31   22   19    2   34   49    3    0    0    3   11    5   11   35   16
   41    0   14    2    3   32    4    2   36   37  120   13   29   19   25   41   23    7    4   13
    3    3    3    1    1    2    5    3    5    3    2    0    1    0   19   17   36    8   26   26
   12    5   10    9    4    4    4    3    4    7    3    9    5   12   29   11   16   20    3   24
   13    8    5    4    2    5    1    1    1    1    1    2    6    0   21   20   20   18   18   34
   22   19   27   27   18   28   16   14   33   40   29   64   22   29   29   99  132   69  159  143
   46   39  109   38   83  159  268  125  145   28   33  177  193   64   94   60  124  143   97  110
   46   17   22   45   45   34   32   67  152  339   62   42   36   44   26    5   27   14   10   10
   18   43   26   38   13   12   13   19   11   52   29    3   16   10   13   27   16   17   44    3
    7   10    0    1    0   24   11    1   21   24   28   13   20   19   28   17   18    4    5   15
    3    7    0    0    2    4    8    0    0    0    2    1    0    2    0   17   45   18   37   37
   13   13   13    9   11    3    1    5    1    6    1    5    3    2   13    9   25   25   12   29
   30    4    5    8    7    8    3   20   11   20    3    1   16   15   36   34   24   36   25   29
   31   30   50   49   39   42   71   41   69   70   68   62   35   14   20   31   64   13   65   20
   37   47   33   52   25   91   27  127   22   58   29   13   23    9   13    1   10    6   20   21
   15   39   13  113   16    8   67   35    5   16   10    9    3    6    2    2   10    8    5    4
   10   57   63   34   39   55   20    7    7   25   41    2    2    0    0    0    2    1    2    0
   16    0    0    0    0   77   11    2   71   57   46   13   21   15   10    9   30   11    0    3
    5   13    6    2    0    2    2    1    2   17    1    0    8    2    0   20   30   13   25   17
    6    5    2    9    4    4    8   32   31   10   14   10    3    7   22   13   33   11    5   29
   60   30   14    4    0    1    1    3    3    1    0    0   12    7    2    1    2    2   22   31
    7    0    2    1    7    5    4    2    1    3    2    2   24   28    8   35   41   14   67   49
    5    1   18    6   23   38   58   45   40   51   52   46   28   69   63   64   35   72  127  115
   89   21   29   48   39   31   22   25   71  142   56   39   19   21   20   25   99  130  106  142
  101   48   24   49   40   38   29   14   27   80   60   59   85  119   67  276  103  182  120   46
   47    5   64    0    0   10   11    5   14   13    9    2    1    0    0    1    0    0    0    1
    1    1    0    0    2    3    0    1    0    0    0    0    0    0    2    5   20    3   31   22
   21    8   11    9    8    3    8   19   13    8    6   12    2    4   21   17   57   20    9   12
   17    9    2    6    5   11    7   10    5    3    2    0   16    8   16    0    3    0   12    2
    5    1    3    1    9    0    3    1    0    1    0    0   12    2    0   10   13    1   10    3
    4    1    3    8    2   35   15   21   21   18   35   15    8   33   34   57   14   93   72   83
   77   53   41   54  100   59   53   42   58  160   46   36   43    5   68    6   67   52   47   37
   28   24   28   26   55   43   52   16   19  100   63   27   68   32    7   10   25   46   20   11
   11   10   22   21    0    1    3    1   27   13    5    0    4    5    7    8    6    0    4    4
    1    0    2    0    0    0    0    0    0    0    0    0    0    0    0    6   22    1    7    3
   12    7    7   11    5    4   16   21   17   13   12   15    3    4   21    6   29   34   22   15
   39    9   20   21    9   21   27   35   45   22    0    0   13    1   13    7    5    5   39   27
   31   25   37   18   25   46   29   58   49   19   37   99   42   80   73   39   38   63   27   65
  144   87   60   85   84   40   48   30    7   18   37   39   38   15   26   26   68   42   54   60
  105    1    8    0   32   12    9    1    3   89  104   39   58   51   12   15  132   64   60   33
   68  105   44   84   64   32   27   31   27   37   38    5    2    0    1    2    2    4    0    1
    5    3    3    1    0   27   15    8   27   31   59    3    9    6   11   26   18    1    2    1
    2    2    1    0    2    1    0    0    1    0    0    0    0    0    0   30   55    0   22   10
   12    0    1    3    1    0    1    0    2    0    1    0    0    0    2    2    3    5    0    6
   11    5    0    0    0    2    0    1    8    0    0    0    5    3   17   20   29   47   17   59
   43   29   61   63   75   40   71   45   42   63   36   48   38   19   32   11   13   30   22   18
   15   32   40   33   21   10   12   18   23   10    6   21   10   11   11    1   27   25   10   20
    1    0    0    5    1    0    0    1    0   15   42   46    0    1    0   13    9    9   11   19
    6   53   60   17   27   49   12   25   24   38   55    1   12    1    0    0    1   11    2    6
   15    0    0    1    0   89   25    7   82   37   53   30    8   49    4   15   24    1    0    2
    2    1    0    1    0    0    0    0    0    0    1    0    0    0    0    7   15    8   33    9
   31   10   10   25    9    7    8   23    6   41   12   23    5    5   13   36   57   47   11   72
   59   61    6    4    4    6    2    8    2    3    4    0    3    2    2   30    6   24   67   67
   54   35   64   40   69   57   64   70   49   21   11   89   92   80  103   79   95   97   99   91
  104   67  151   49   79   86   51   29   81    8   25   99   64   85   64   47   72   69   81   68
   73    0    3    2   10    3    5    2    6   37   90   52    4    8   62   16   41   18   25    7
   70   81   56   81   43   50   24    6   12   19   58    8    2    1    0    0    0    0    0    1
    5    0    4    0    0   26   14    3   56   28   34   11    2    7    1    0   15    1    0    0
    2    1    4    0    0    1    0    3    0    0    0    0    0    0    0   22   17   27   45   20
   32    7    1   15   12    2   11   31   13   19    9   17    4    3    4   35   32   17    0   11
   43   14    2    3    2    2    0    1    2    2    1    0    6   11   29    5   15    8   19   29
   13    1   29   13   55   91   51  107   80   12   10  116  113   96   85  113  147   79  100  107
   66   68  110   75  113   78  108   39   30   27   46   93   88   82  128   73  116  163  117  126
   76   37   36   63   35   43   48   42   53  143  167  152   59   87   60   73   59   42   16   36
   75   89   46   87   40   35   19   17   16   23   38   24   15   13   22   33   17   25   39   58
   59   12   13    5    0   16   23   12   27   24   40   11   17   22    0   11   10    2    2    1
    2    7    1    0    0    1    5    1    0    0    0    2    0    0    0   23   34   10   11   10
   10    3    3    5    1    1    1   12   10   29    2   36    1    3   11    9   54   25    3   22
   29   47    2    2    4    6    1    0    6    9    9    8   11   35   55   46   55   32   72  132
   66   32   36   34   60   44   34   55   62   41   70   99   28   39   73  105   71   69   60  105
  102   98   95   94  110   77   46   68   81  106  162   73   56  137   78  138   90  103  103  149
  135  126   94   79  108  144  110   93   57  109  119   95  128   61  223   80  100  111   61  100
   70   87   74  142   51   42   34   59   29   50  144   25   36   30    8   21   49   80   72   48
   76   16   22    6    0   48   24   10   42   53   65   31   24   42   16   28   33    6    5   11
    9   11    5    4    3    4    0    0    1    0    0    0    0    3    0   10   16    5   15   16
    5    0    0    3    0    2    4   12    9   10    7    8    2    2    9   19   34    1    1    0
   39    4    0    3    6    4    3    3    2    7   21    1    2   10   42   31   52   64   52   84
   64   51  107   73   70   62  101   75   75   84   83  118   86   73   85   56   71   70   49   92
   74   72   89   60   64   72   75   47  124   29   53   94   82  142  143   76   82   71   96   72
   52   39   29   24   83   42   76  113   39   86   46   25   56   24   23   27   43   21   20   16
   21   73   24   40   34   22   21   11    8   37   33    2    4    0    0    0    0    1    2    1
    7    0    0    0    0   56   37    9   36   50   78   48   38   49   19   64   43   16   23   14
    3   15    1    1   14    5    6    3    0   13    8    8    0    0    0   15   30   10   31   18
    9    1    0    6    8    2    3    6    7   20   13   15    3    5   13   16   36   19    5   36
   30   16    4    2    7    7   11    5    7    4    0    0    4   24    2   15    6   12   20    3
   11    2    5    8   12   16   12   16    7   13   10   22   28   46   32   95   93   92   86   83
   77   37  110   55  119  119  101   80  120   52   95  111  130  110  123  131  186  149  186  166
  249   40   80   25  135   64   79   16   22   94  153  125   57   49   55  111  142  176   34  144
  173  145   68  151   96   46   56   79   27   46   76    8   36   11    7    7    1   31   21   69
   73    3   15    1    3   56   41   22   48   32   36   18   13   17   23   34   48    7    7    1
    6    7    4    0    5    3    0    0    0   29    1    0    0    0    0   10   20    6   23   16
   11    7    2   10   12    6    7    6   13   52   12   17    4    5    7   79   24    4    0    3
    7   35    0    0    1    1    0    0    0    1    1    0    0    1    1    8    3    5   22   17
   15   16   14   15   11    3    6    3    5   10   13    7    7   10    7    6    5   13    4    6
   10   10    3   15    4    5    0    6    2    0    1    1    1    2    1    0    7    4   24    5
   19    0    0    1    0    0    1    2    4    7    0    0    0    1    1    9   28   37   27   29
   19   37   22   30   37   52   21    3   18   27   39    5   26    5    3    8   10   13   23   44
   86    4    6    0    0   14    5    2   20   18    5    4    0    3    2    3    6    0    0    1
    0    0    0    0    0    0    0    0    0    0    0    0    0    0    0    3   11    2    7    4
    9    8    9   12    4    2    3    6    9   14    6   21    1    1   14   10   25   16    0    4
   45   21    5    0    2   13    3    2   10    6    5    0    8   10   39   33   36   47   67   38
   14   65   21   41   27   10   39   36   27   78   28   54   58  132   27   24   41   79   88   80
   57   40  112   29   87   72  113   97   99   30   63  146   90  119  129   54   94  163  169  196
  113   42   70   51   76  117  136  310  150  340  174  181   77   60   46  149   44   64   16   44
   72   69   35   57   23    9    9    8   20   18   35   11   52   10    9    8    5   12   28   72
   51   13   31    1    2   14    4    5   10   33   25   29   26   13    0   15   13    6   11   10
    3    3    7    2    2    5    0    0    0    1    0    0    0    0    0   25   61   17   41   20
    6    5    2    5    9    4    4    6    7    5    2    7    0    0    1   14   62   16    0   15
   27   26    0    0    0    0    0    0    0    0    0    0    0   16    8   12   10    6   56   19
   25   16    7   23   19   33   14   36   31   19   13   37   32   64   76   55   56   65   84   28
   54   49   18   34   15   87   77   65   49    9   21   64   34   53   70   25   46   37   42   33
   25    6    3    3   38    3    4   18    7   26   51   80   25   26   10   18   35   12   11   22
    5   79   20   17   36    9   29    3    8   29   46    8    1    2    1    1    5   14    3    4
   19   15    6    8    0    8    9    8   15   16   16    9    7    6   13   17   10    5    2    0
    3    4    1    8    1    0    0    0    0    1    0    0    0    0    0   24   67    9   27   25
    8    4    0   10    3    2    3    8   16   13    5   22    4    8   11    8   22   16    8   28
   16   24    8    7    8    4    0    2    3   17   15   22    2   14   35   30   45   54   45   37
   44   46   45   45   77  128   47  116  105   71  103  157  157  177  158  117   94  212   94  200
  167  116  188  149  149   92   85  168   48   22   27   64   93   57   77   29  119  134   80  111
   92    8    6    4   21    3   45   59   65   83  153  110   41  180   25   71   74   66   50   88
   99  153  106   77  109   64   35   19    7   48   53    6    2   26    4   24   31   94   59   86
  140    9   17    3    3   25   16   14   70   78  110   45   31   42   25   14   27   14   16   25
    5   15    9    7    7   10   12    3    0    0    0    0    5    3    1    8    9    7    6   13
    7    5    6   10    7    1    8   29   20   43   14   54    1    1   14   51   29   21   18   10
   61   49    1    0    2    5    6   14    4    1    1    0   15   12   32   33   26   22   26   17
   23   21   16   21    7   18    3   13    6   20   13   15   12   16   29   48   13   18   36   38
   34   35   20   48   28    7   24   62   14    1    4   10   38   89   59   39   67  131   64  106
  138    0    1    2    3    6   14   53   17   65  132   55   41   51   10   64   71   56   13   59
   78   68   66   52   62   57   44   19   17   48   75   16    4    0    0    0    2    3   16    6
   29    2    0    2    0   50    9   13   60   32   26   37   31   27   20   24   33    7    4    0
    2    5    3    2    6    0    0    0    0    0    1    0    0    0    1   47   74    5   30   10
    8    1    1    9    3    7   14    7   16   11   11   11    1    6   16   13   26   22   15   14
    4   32   10    7    1    3   13   20    0    0    0    0   18   20   14   13   21    6   11    4
    2    6    3    0    4    8    5   19   15    1   30   46   24   33   27   24   35   22   43   35
   38   45   59   45   59   41   57   28   40   44   25   86   29   30   29   40   48   50   68   56
   61    9    7    1   25    6    3    4   10    5   34   81   19   40    2   13  118   49   43   42
   64   83   84   81   90   49   49   13   29   82   56   18   13   13    7    3    6   21   27   31
   24    6   15    3    0   40   18    5   53   42   46   26    3   12    2    8   10    2    3    0
    1    3    0    2    8    0    1    0    0    0    1    0    0    0    0    7   35    0   15    5
    3    8    5    6    5    4   11   14    9   11    5    8   18    3   34    6   31   18    0   15
   43    6    0    3    0    1    0    0    0    0    0    0    0    1    3    6    3    5   21   29
   12    6    8    7    8    6    4    5    3    5   16    9   13   14   35   45   83   48   93   69
   28    7   74   20   82   82  116   35   44   18   30  108  115   54   50   29   84   68   71   46
   47    0    3    2   53    6    5   55   32  100   50   61   16   60   50   13   39   40   25   33
   14   38   50   57   66   42   46    8   17   54   42   27   32   26   38  105  126   74  143   28
   28    9   15    7    4   21   12    3   32    6   20    2    2    0    0    0    2    0    0    0
    2    1    3    3    0    0    0    0    0    0    0    0    0    0    0   25   42    5   30   26
    3    4    2    5    1    3    1    5   10    8    4    4    2    1    4    1    3   13   10   17
   11    6   19    5    6    2    6    2    8   16   18    0    4    8   58   11   37   38    3    1
    6    8    1   16    1   18   10   29   31   66   74   74   16   22   35    4    5   34    9   16
   34   47   41   41   31    4    6    2    7    0    0   12   11   10   17    2   16   12   26   11
   13    0    0    0    2    0    0    0    1    8   11    9    0    2    0    9   27   31   14   31
   12   41   76   36   34   31    8   14   15   20   49    7    6   20   21   31   10   13   10   43
   28    7   46    5    4   67   26   13   56   54   89   40   38   80   28   40   37    9   21   22
    9   10    2    9    5    1    4    1    0    0    5    0    0    0    0    2   30    8    2   10
   14    4    4   13    7    6   14   21   30   27    6   37    2    5   16   14   40   21   10   32
   45   21    1    6    5   11    4   15   17    9    6    4    9   10   16   10   14   39   31   24
   10   11   53    7   64   78   54   89   72   33   30   77   95   95   96   67   84  122  104  145
  133   69   96   58   95   81  102   49   74   71   72  131  137  152  108  122  145  175  194  143
  104   52   50   56  189   73  158  145  196  543  228  141   96  127   91   62   73   70   70  108
  114   90   65  132   50   22   24   16   20   22   69    4   10   38    6   70   75  148  161  103
  206    3    2    1    0   38   20    9   25   39   56   14   22   14   19   32   30    4   12   11
   18    9    2    5    4    1    0    4   13    0    0    0    0    4    3   20   46   30   48   20
   45    3    4   11   20   14    6   13   10    6    5    8    2   10    5    2   21   18   17   25
   25    4    0    0    0    5    5   15    6    0    0    0    9   16    8    4    3    1    5    0
    1    0    0    1    0    0    1    1    3    1    6    0    2    3    2    4    4    5    7    8
    1    1    2    4    2   11    9   28   10   76   84   14   20   51   55   70   10   61  115   77
   21   68   62   77   61   68   27    4   31   64   91   53   34   14   40   12   45   47   58   40
   29   23   26   33   32   29   32   12   27   18   46   17   35   76   64  167  253   99  151   25
   63   11   39    9    2    7    7    4    9   12   11    2    2    0    3    2    5    1    0    1
    2   10    1    8    0    1    0    0    0    0    0    0    0    0    0    3   11    5   16   13
   17    5    1   12    3    4   11   10   17   10    2    9    0    2    3    4   13   10    0    0
   38    8    1    4    0    0    0    0    1    0    0    0    4    4   11   16   33   36   20   10
   33   43   16   38   15   24    6   16   25   46   18   51   35   40   44   71   99   55   38   56
   47   51   43   85   36  114   77  150   77   75  102   46   19   91   40   48   24   20   55   16
    9   46  159  147   22   67   51   23    6   23    2    0    2    6   18   16   31   18   16   36
   11   47   28   17   13   17   29   35   24   28   46    4    2   22    1   20   42   38   77   19
   90    1   21    1    0   14   14    8   21   15   44   38    9   43   10   20   31    8    2    1
    1   12    5    1    2    1    0    0    0    0    0    0    0    0    0   25   43    4   46    5
    6    7    9   13    6    0    5    0    0    0    7    0    7    4    5    2    8   17    4   33
    7   45    4    9   15    6    6    2    7   46   26   23    7    0    2    1    4    2   63  131
   46    0   31    2   80   43   17   23    1    3    3   13   54   34   43   28   53   37   97   57
   22   15   41   21   78   70   76   28   47   32   53   96   62  107   97  119   86  118  170  124
  110   25   48   15   64   24   11    4   16   16   68   42   20   30   26   12  103   78   50   90
   66   38   32  102   63   34   47   15   19   67   89    4   38   59   17   69   94  106   82   23
   11    3    4    0    0   29   12    4   16   26   16    8    0    2   14    5   30   17   11   11
    9   12    6    3   22   13    0    0    0    1   10    0    0    0    0    4    8    9   10   10
    4    0    2    5    3    3    9    2    3   18    7   17    0   15   17   25   63   74   20   56
   61   32   12    2    0    6    5    8    5    3    0    0    4   13    5   33    0   24   31   14
   22   31   12   16   29   30   23   24   21   28   29   39   24   30   30   38   43   37   54   60
   23   23   43   25   48   60   48   29   21    4   11   45   43   38   44   15   68   69   57   41
   62    4    5    3    8    0    0    1    2   17   27   36   10   12   12   21   45   47   23   27
   72   74   39   96   39   42   25   14   19   44   64   36   15   50   17   60   88   21   39   13
   31   13   29    1    1   39   10    1   37   34   18   31    5   10    0    1    7    0    0    0
    3    1    1    0    0    0    0    0    0    0    0    0    0    0    1   37   35    1   41   22
    7    3    5    8    4    3    6   14   16   21   10   20    1   10   17    3   35   21    8   32
   37   19    4    6    1    1    5    7    3    4    0    0    3    5   16   15   25   13   51   23
   13    5   10   21   24   29   30   42   44   18   36   54   39   57   58   61   20   86   23   97
   46   32   77   39   66   34   57   35   14   14   16    8   17   11   10    8   19   23   23   26
   51   20    1   34   10    8    4    0    0    1   19    3    0   34    1   13   64   46   42   30
   53   57    2   82   56   17   31   15   17   43   45   16   32   53   27   14    6   45   48   16
  132    6   33    2    0   27   27   14   29   37   42   11    9    8    8   10   30   21    4    3
   11   30    6    2   12    5    5    3    0   19    3    1    1    0    2    7    8    5    7   11
    2   11    4    8    1    4    9   12    4    4    3    4    0    0    1    3    7    1    0    1
    4    4    0    1    1    0    0    0    3   11    1    1    2    5    4    5    5   17    3    4
    8    8   19   18   20   39   22   42   48   28   54  102   36   51   63   43   39   45   26   55
   50   64   75   73   82   26   29   93   22   57   21   13   20   18   18   43   88   95   33   80
  105   59   57   84   32   31   54   40   16   34  110   77   11   26    3   69   92   85   62   90
  174   66   65  137   87   61   65   36   41   70   82   48   25   14    6    7    8    8   14   16
    4   45   36   22   22   19    9    6   17   43   54    8    5    5   10    7    7    3    2    0
    4    9    9    6    3    2    1    0    2    0    0    0    0    0    3    6   13    7   18   12
   15    6    8   13    4    2    4    7    2   10    4    9    1   11    7    6   37   36    7   49
   31   14    3    5    6    6    3    5   13    0    1    0    1    6    6    2    2    5    9    4
    8    4    8    2    3    4    8    5   12    3    3   12    6   15   15   47   46   24   21   15
   10    3   13    9   12   59   19   42   19   32   18   20    4    8    3   20    5    2   17    3
    9   22    4   24   19    6    1    1    5   87    6   12   23    2   21    0   14    9   17   12
    5   17   27   11   30   27   17   14   18   43  162   12   10   13   19   34   22   10   14    2
    4    0    0    1    0   14    6    4   34   32   13    2    3    1   10    7    3    2    1    0
    0   16    2    0   14    3    4    5    0    0    0    0    0    0   13   16   34   14   21   37
   16   10    4    9    2    2    3    9    5    1    9   11    1    0    4    8   39    4    0    7
   24    9    3    4    2    1    4    1    6    5    1    0    0    1    5    4    2    4   14    9
   19   15    5    2   26   11    5    7    4    2    8    7   22   31   10   33   25   16   14   25
   18   32   47   34   47   26   21   35   37   61   72   28   11   35   20   10   31   16   14   28
   18   74   81   82    0   50    2    3    8   26   23   16    0   10    0    4   36   60   12   30
   20   38   27   46   76   70   48   11   20   35   86    2    8   26    0    3    2    0    3   10
    9    5    1    0    0   15   10    0   83   29   30    0    7    2    1   19    8    0    0    0
    0    0    0    0    0    0    0    0    0    0    0    0    0    0    0   66   94    0   36    6
    3    3    6    7    4    0    4    6    4    1    7    6    5   17   18    5   21    6   10    8
   10   13    9    5    6   13    6   11   10   18    4    0    5   10    3    4    7    7   18    6
    8    2   14   16   33   44   38   65   56   29   42   86   75   98  104  119  246  148  178  141
   94   56  130   60  137  196  155   71  115   26   50  155  147  114  145   79  190  177  157  155
   91   39   56   38   64   89   74   94  102   85   84   89  111   67   39   99   41   71   23  111
   92   51   25   62   35   29   38   12   17   38   61    4    0    2    5   11   58   88  128  151
  213   11    2   12    0   27   22   18    8   19   60   12    4    8    4    6   21    0    0    0
    3   10    1   16    9    3    3    2    0    0    0    0    0    0    0    9   13    4   12   16
   12    7    2    6    7    4    4    8    7    9    4   13    5    1    8   20   30   31    6   25
   53   43    2    2    2    5    2    4    4    5    4    1    6   22    7   16   10   15   78   81
   61   34   71   29  100   83   39   70   53   24   24   74  156  145  115  110  140  121  166  186
  137  112  165   83  178  135   96  421  103   68  125  113  104  150  140  143  142  149  210  189
  128  114  136   80  212  185  102   95  140  366  246  172  175   58  218   76   73  106   40   85
  113   94  107   74   59   27   46   10    5   53   31   27   20   10   19   39   81   49   58   87
   81    5   15    2    2   23    6    2   45   27   31   26    9   26    8   28   14    3    4    3
    8   11    6    2    2    2    0    1    0    1    3    0    0    8    1   22   24    6   22   20
   22   12   14    8   15   16   12   24   22   23   15   23   15    5   11    3   20   19    2   13
   17    6    3    0    1    2    0    3    5    0    2    0    2    2    5    2    1    1   26    1
    1    1    3    1    4    3    4    3    2    4   12   11    3   10    5    9   12   25   22   44
   35   23   28   50   31   11   10    4    4    1   24   19   13    9   11   13   19   19   27   31
   77    0    3    0   12    0    1    0    0    0   42   63   11   46    3   60   63   65   40   64
   55   58   50   47   52   42   34    5    7   27   30   14   39   32   14   47   64   83  127  162
  185    1   27    7    0   16   22    1   34   31   27    2    9    6    3   13   11    0    0    0
    0    0    0    0    0    0    0    0    0    0    0    0    0    0    3    4   26   19   20   30
   19    7    5   10    6    5    3   16    5    3    4    1    1    0    1    1   31   10   10    9
   11   43    0    0    6    7    5   12    5    1    2    0    7    8    9   12    7   12   11   25
   16   18   50   21   51   75   36   97  102   42   29  108   96   54   57   38   60   23   45   31
   66   39   17   39   29   57   52   27  121    7   36   46   43   37   39   16  104   76   46   66
   15    1   17    4   28   61   67   32    2   50   92   18   31    0   39   17   18   18    9   27
   21   48   24   55   32   17   11    9    5   33   36    4    3    1    0    0    0    4    0    1
   14    5    4    0    0   24    6    8   14   51   79   18    5   17    1    9   10    0    0    0
    0    0    3    1    8    0    0    0    0    0    0    0    0    0    1   48   77    5   44   20
    5    5    3    6    4    2    9    9   23   15   21   13    0   13   18   21   28   17    5    9
   28   10   23   18    7   14   16    9    1    0    0    0    5   15    2    4    1    0   27   19
    6   11   15    6   35   25   16   24   13    2   18   13   44   34   43   86   74   56   75   55
   44   18   62   26   84   66   82   44   51   17   32  102   78   42   45   46   96   81   65   74
   49    8    8    5   44   12    7   19    7   20  103   78   18  119   39   83   48   35   19   28
   66   76   54   61   68   30   29   12    8   23   60    8   45    0    0    7   13   21   83  107
  183    7   12    7    0    5    3    2   14   27   16    0    1    0    0    0    0    0    0    0
    1    1    1    1    0    1    1    0    0    0    0    0    0    0    4   25   22   17   44   30
    6    2    3    9   13    2    6    9    4    3    6    8    3    5    4    6   19    8    3   16
   22    2   11    9    4    4    4    1    6    6    5    0    6    4   15    0    1    5    0    1
    1    2    2    1    6   17    3   31   34    3   10   33   47   60   60   37   44   42   30   71
   45   54   73   38   56  105   33   75   84  140   85   38   23   59   50   60   98   67   91   42
   39  167  120  178   26   61   21   27   17   56  189  118   26   41   18   37   51   46   45   46
   42   42   35   53   64   45   30   13   13   44   47   14   34   19   17   55   57   20   50   22
   16    3   40    2    0   13   17    7   27   18   14    1    2    3    3    5   12    4    2    0
    1    4    4    8    7    1    4    1    0    1   24    1    0    0    0    8   14    4   19    9
   13   10   14   10   14   14   26   20   18    9   22   13    8    3   11   17   60   28   13   27
   51   14    1    2    0    1    1   22   21    2    2    0   35   20   26   18   19   27   34   27
   27   25   35   37   50   56   66   63   50   17   18   41   80   90  116   36   45   48   71   41
   87   51   30   42   36   79  143  208  141  109   96  137   75  232  171  149   69  140  172  116
   93   84  134   80  110   83   51   42   17   20   87  115   65   86   24   72   53   52   25   55
   82   74   45   42   39   53   34   14   16   36   53   18   21   68    5   14   25   44  134   73
  125    2   29    1    0   27    9    6   33   20   20   14   26   14    6   20   31    0   12    2
    1    1    2    6    0    0    1    0   11    1    0    0    0    0    4   25   49   11   38   17
   23    7    6    8   15    8    9   25   23   15   15   20    0    0   11    3   31    4    0    0
    4    2    0    0    0    0    0    0    0    0    0    0    0    0    0    0    0    0    2    4
    0    0    0    0    0    0    0    2    0    0    0    3    0    6    0    2    2    0    2    0
    2    3    1    1    1    4    4   20    6   11   18    7    2   15    5   42    2    1   35    2
    1   27   81   12   30   95  110   90  114  119    2    2   28    8   28    2    1    0    9   10
    2    2   24    2   19   10   15    1    1   21   24   14   30   42   48   63   66   24   48   12
   42    9   47    9    1    3    4    2    9    5    0    0    0    0    0    0    0    0    0    0
    3    1    1    4    2    9    1    0    0    0    0    0    0    0    0   11   17    5   22   10
    3    0    1    3    2    2    4    0    3   20    7   15    0    0    4   28   30    5    0    9
   26   14    0    1    4    5    0   12    7    7    7    4    3    3   13    2    6   13   47   49
   11   10   16   14   53   70   31   85   74   29   42   70  202  112  139   43   21  116   35   61
  114   75  116   82  153   37   26   71   25   46   31   28   24   16   18    4   49   42   50   45
   43   22   19   29    3    0    2    2   20  255   16    5    6    6    2   18   32   34   19   14
   29   95   51  134   49   83   39   20   21   33   58   21    6   22    6   17   10   37   25    1
    2   13   17   18    0   15   22   15   44   57   43   29   12   14   13   27   27    3    5    7
    9    4    7    6    1    0    0    0    0    0    0    0    0    0    0    8   13    8   23    9
    4   10    6   10    3    2    1    2    3    3    2   12    3   12    6   18   24   14    6   21
   48   34   10    7    1    8    1    6    3    1    1    0    4   22   34   20   16   27   14    5
   15   17   26   40   33   71   47   80   79   46   76   99   78   78   83   94  125   99  117  154
   78   73  140   87  192  111  166  101   88   26   35  111  116   69  142   49  160  112  108  100
   88    4   31    3  124   49   81  220  141  110   81  126   94  107  129  104   67   35   33   48
   67   70   76  125   40   56   26    9   18   45  130   13    3    6    8    9    5   13   21   18
   56    5    0    3    0   22   16    6   39   59   63   19   23   11    1   15   26    1    0    0
    3    2    3    0    6    1    4   12    0    0    0    0    0    0    7   52   54   33   49   43
   19    4    1   11    6    2    6    6    4    9    9    9    1    0   16    3   26   31    0   18
   19   17    0    1    1    2    1    1    0    0    0    0    1    2    5    6    6    6   38   25
   15    8   10    8   43   13    8    3    4   21   24   10   26   17    9   23   43   29   30   44
    2   13   34   12   28   26   43   18   26   11   30   30   59   47   66   65   68   83  113   91
   94    0   17    0   27   17   16    7   19   10  110   65   43   73    6   22   55   59   30   49
   88   47   46   54   35   26   17   12    6   39   31   44    9   39    5   59   81   56   47   32
   67   11    9   12    0   12   13    9   31   20   13   10    6    4    0    9   10    0    0    0
    0    7    2    4    0    0    0    0    0    0    0    0    0    0    0   21   48    0   16    4
    0    7   13    7    3    8   11   15   12    9   15    9   13    6   16   27   61   35    7   46
   63   21   14   23   11   24   10   15   22    6    2    1   17   12   11    9   16   15    5    2
    4    8    7   10    6    8   10   13   11   11   16   18    4   11   20    9   17   30   38   47
   16    8   23   16   14   32   25   69    8   29    6   34   30    8   12   11   19   13   12   19
   22   17    3   46    2    0    0    1    4    3   10   11   10   77   10   11   17   12    9   29
    6   65   24   45   33    6    3    1    4    5   15   18   10   16   17   27   35   23   59   33
   96    0   22    1    0    9   11    6   14   10    9   18   20   20   12   12   10    1    0    5
    4    4    2    1    4    8    2    3    0    0    0    0    0    0    1   16   26    4    6   24
    5    6    6    9    6    3    5   17   12   40   11   44    4    8   16   34   62   36   22   46
   76  113    4   11   12   16   22   27   15   19   20   14   43   52   65   74   62   75   95  167
   99  110  160   87  162  102   85  111   63   80   77   77   92   91   83   67   81  176  131  164
  133   84   89   75   74   85   67   82   36   28   18   51  137   36   42   71  130   83   42   60
   51   48   71   38   84   80  102  235  185   84   75   30   37  100  100   31   39   77   10   80
   22  106  133  132   69   53   34   21   26   10   39    9    3    2    2    0    6   18    0    4
    0    2    9    0    0   29    5    5   32   35   71   78   33   37   33   30   18    3   11    9
    0    2    0    1    1    2    9    0    0    6    2    1    0    1    0   32   62   14   56   11
   17    3    2    6    9    5    7   13    8    3    4    8    2    3   13    9   36   10    1   10
   53   28    0    1    0    1    0    1    2    6    3    4   13   18   31   25   41   46   30   30
   40   28   26   23   29   34   35   21   60   35   38   82   27   30   32   24   61   25   25   19
   48   90   49   87   67   91    9    5   10    0    1    8   15   28   47   12   43   43   19   19
   71    0    0    0    6    0    2    2    5   15   15   10   10   23   11   29   77   88   33   50
   50  121   77   62  104  127   60   50   43   25   70    3   27   38   24   35   53   45   49   91
   39   13   20    4    1   69    7    3  138   18   23   33   28   59    4   26   14    0    1    2
    4    3    2    7    0    0    0    0    1    0    0    0    0    0    0   45   69   12   63   18
    6    2    5   12    3    0    0    3    3    2    5    1    1    0    0    5   21    4    0    8
    4    2    0    1    0    0    0    0    1    0    0    1    0    4    6    1    3    1   27    2
    6    3    3    0    0    0    0    0    0    2    0    0    0    0    0    2    5    0    5    2
    0    2    2    5   10   39   10   49    9   15   17    8    9   26   21   31   15   40   50   47
   50    0    2    1   22    6    6   30   33  125   23   30   19   17   59   15   51   39   30   67
   55   28   22   36   46   17   29    5    7   33   39   18   82   93   48  111  146   67  174   78
   49   29   27    2    2    8    5    6    4    3    2    3    0    4    0    4    1    0    0    0
    2    2    5    3    2    2    2    0    0    0    0    0    0    0    7   12   12    6    4   13
   16   10   12   11    6    4   20   37   26    9   49   21    4    6   23    4   15   22    6   19
   19   11    5    4    1    7    5    4    5    5    4    0    3    4    2    3    6   19    6   21
    5    3   36   31   52  148   67  158  157   32  102  187  111   95  140   46   80   62   43   51
   83  157   54  137   68   47   39   98    3   75    1   22   28    5   12   32   30   31   30   43
   42   30    0   10    2    2    0    9    3   58    8   16    1    2    3   72   88   56   61   88
   60  202   93  175  102   53   46   28   13   40   63   24    1   35    3   30   43   85   69  108
   24   16    1    2    0   70    8    4   33   49   81   28    6   41    8   17   28    1    6    3
    3    4    3    2    4    0    4    0    1    2    1    0    0    0    2   28   28    8   25   20
    2    0    0    2    1    1    0    5    1    5    1   10    1    1    7   15   18    6    0    9
   13   11    1    1    1    2    1    8    5    4    5    2    2   17   15    7    8   21   28   80
   51   39   46   32   62   66   74   74   93   37   47   95   84   99   81   92  158  135  274  196
   79   86  148   81  154  213  306  173  208   62  101  388  269  143  137   59  206   74   83   71
   46    9   23   71   39   62   11    2    4    0   51    3   12    6    0    0   13    9   57  188
  226   99   47   54   27   16   20    8   11   15   23   10    7    9    1    9   19    7   20    7
   10   11   19   13    1   32   17   13   42   27   55   26    9   18   24   24   21    1    5    7
    9    7    7    7    5    4    5    3    0    0    1    0    0    0    1   29   30   18   25   27
    9   16    7    8    6    8    9   14   10   11   16   18    5    0   14   23   37   12    3   12
   12   10    1    8    0    8    5    5    0    0    0    0   11    9    1    0    0    0   38    2
    0    0    0    2    0    8    0    5    0    1    1    2   16   10    2    9   25    9   14    6
   14    1    3    1    4   15   31   73   51   26   45   85   29  126   67   66   23   20   48   21
   29    2   29    2   53   20   20   40   23   34   27   37   18    5   15   17   30   27   45   31
   10    1    1    5    5    1   13    4   10   14   41   20   43   24   23   30   22   39   23   43
   55   10   36   21    0    1    2    0    3    0    1    0    0    0    0    0    0    0    0    0
    0    0    0    3    0    0    0    0    0    0    0    0    0    0    6   34   51    9   57   15
    6    1    1   13    4    0    2    6    9   13    6   16    4    3   13    9   42   34   26   65
   34   33    3   14    2    5   13   23    3    5    0    0   10   23    9   15    8    6   15   12
   13    9    4    9    1    5    3   15   21    6   22   38   18   31   31   31   30   22   24   27
   27   28   28   48   38   37   16    8   13    5    8   22   25   18   19   20   39   46   55   29
   43    0    3    0   13   12   36   13   92   68   47   75   59  102  187   28   40   48   32   89
   52  113   52   79   80   53   52   24   24   51   53   52   31   94   50  120  132   50   82   68
   47    5   42   14    0   21   13    1   34   22   21    6    7    7    6    8    6    0    0    0
    5    1    3    1    0    0    0    0    1    1    0    0    0    0    4   15   24    6   12   14
   17    2    5    4   12    4    6    5    3    8   13   16    5   11   25    9   44   30    3   16
    8   15    6    8    4    4    0    7    8    6    1    0   10    5    7   15    8   18   19   46
   32   29   45   20   76   77   69   70   69   22   22   48  108   76   80  105  119   83  137   84
   57   44   87   51   91  128  107  135   77  122   41  136  137   70   72   50   73   45   44   36
   53   55   49   84   42   17   33   58    4   39   28    6   31   11   16    2   45   39   13   51
   36   54   32   44   40   24   30    6   10   26   53   13   10    8    8   45   19   20    6    5
    1    6   20    4    0   26   17    6   38   17   13   24    5   28    3   16   13    4    2    0
   18    3    4    5    3    1    0    2    0    0    0    0    0    0    0   43   51    8   31   28
    0    2    1    7    4    2    1    7    3   12    5    3    1    1    5    1    9    5    1    0
   10   11    0    1    2    6    1   12   17    5    0    0   21   16   11    8    9    1   14   19
   18    7    4    1    7   15    3   16    8    1    3    6   38   39   38   47   40   32   59   39
   50   17   59   22   82   42   88   50  109   16   31  176  104   78   78   21   72  148   42   79
   62    1    3    4   50   15   12   13   57   90   39   46   17   33   26    2   48   35   29   53
   64   24   31   22   42   32   37   12   12   44   37    8   16   34   31   57   29   46   92   28
   55    5    8    3    0    2    5    4    4    7   11    4   10    5    4    5    6    2    3    0
    2    1    4    6    2    2    4    0    8    0    8    0    0    0    2    7   17    7   14    1
    3    7    9    3    2    7    8    7   10    6   13    5   11    1    6    6   14   13    0   22
   12   15    0    4    1    1    0    0    0    1    0    0    0    1    0    0    0    0   23    7
    3    0    2    0    4    1    1    3    3    3   22   10    1    5    6   49   77   32   70   67
   61   43  158   88  106   83  105  108  122   39   82  153  106   29   35   69  107   38   46   34
   36   55  127   71   98   72   41   43   26   35   23   26   78   73   40   18   12   22   14    8
   12   60   56   45   36   44   37   19   18   71   62   21    7    9    6    5   24   20   28   39
  170    7   34    3    0    9   12   10    5   20   30    0    0    0    0    0    0    4    0    0
    8    2    1    2    6    2    2    0    8    0    0    0    0    0    0   36   70    6   27   16
   27   16   18   27    4    3    9   20   20   16   17   24    3    3   13   18   53   22    4   16
   57   11    1    7    5   12    8   16   12    7    3    0   43   22   50   26   31   14   27   40
   55   46   17   57   20   31   38   53   43   34   76   54   43   72  116   40   44   83   63   57
   80   48   79   52   36   59  119   75   20   17   63   80   72   19   34   25   32   22   36   39
   28    4   43    0   14   27   21  105    2   93   28    2    4    3   10    6   40   20   14   31
    2   69   60   75   56   69   25    5    7   23   31    6    1   13    3    4    6    6    0    1
    0    3    0    0    0   33   22    3   52   47   37   27   39   23   24   27   20    7    8    8
    6    8    5    2    8    9    8    1    0    9    5    3    0    3    1   26   36   19   31   27
   10   10    1    8    4    1   11   23   17   16   31   30    0   54   29   24   59   44   16   61
   83   15    2    1    3    3   13    8    2    4    0    0    8   19    1    9    1   35   30   82
   30   31   21   20   44   37   28   35   37   40   50   47  130   78   62   72   52  107   72  119
   54   47  120   42   81   41   89   44   56   28   14   82   61   50   70   46  115   94   89  100
  118    2    2    6   17    3   10    9   10    8  286   40   35   22    6   52   76   61   25   30
  135   82   99   79   80   71   29   13   21   25  138   18   25   31    2    9   19   17   13   28
   60   11    2    1    4   40  102    9   70   41   23   18    3    9    0   10    8    0    4    0
    1    4    3    2    2    1    4    2    0    0    1    0    0    3    1   43   50   11  115   17
   12    4    7   11    7    6    7    2    3    5   16    2    0    0    7    6   10    3    0    1
   13   12    1    3    1    1    2    0    0    0    0    0    0    0    0    6    1    3    2    6
    5    1   17    9   23   16   38   19   18    5   16   28   29   63   84   85   82  130   99  129
  143   23  203   17  180  109   89   46  113   17   49  157  292   39  106   41  142  141  107   96
   25    1    2    5   56    0    9   31   30   17   56   89  110   15    5   17   22   40   23    8
  117   40   44   56   32   36   41   17   16   17   60   14   17    0    0    0   12   39   18   26
   33    6    3    3    0    2    1    7   27   31   15    5    0    0    0    0    0    1    0    0
    2    7    3    5    1    0    1    3    0    0    0    0    0    0   31   47   36    0   27   33
   26    7   10   13    4    2    6   11   17    4    9    8    4    3   17    2   30   29    2   10
    8   14    0    7    1    2    1    0    2    9   11    7    4    7   18   21   29   33    9   26
    6   17   28   52   55   97   77  114   75   59   39   64  113  101   83  118   99   69   63  102
   48   15  104   35   96   71   62   68  108  108  148   88   49  299  140  160   56   98  130   95
   90   84  118   91  172   87  136   22   94  186  114   83  170   44   20   24   76   25   46   31
   39   55   34   90   60   29   26   15   18   82   43    9   12    3    8    6    8   12   23    6
   12    7   21    5    1    7    7    4   17   17   26   21   13   10    5   13   18    4    2    5
    7    7    2    2    6    1    0    0    1   25    0    1    0    1    4    9   17   13   18   31
    6    1    7    6    4    0    2    0    0    3    3    7    2    2    8    7   20   20   14   40
   21    0    0    1    3    6   11   10    1    0    0    0    1    0    0    0    2    1    2    0
    0    0    4    6    2   11   12   18   25    9   11   20   23   24   27   20   32   25   26   45
   41   39   24   70   25   28   27   12   12   39   15   14    9    2    4    0   15    4    7    3
    0   11   14    4    6    8    3    0    1   19   11   22   10   16    3   36   10    3    8   13
    1   82   12    5   34   11   10    1    9   14   42   23   36   22   17   44   45    6    9   68
   94    5  112    0    2    3    4    0    1    9   12    2    0    1    1    0    1    1    0    0
    3    7    3    2    0    0    2    0    0    0    0    0    0    0    0   23   31    0   18    5
   13    5   12    6    5    3    4    6   14   17    9    9    2    2   14    2   17    8    0    4
    1    6    8    6    5    6    3    1    1    7   13    4    0    0    0    0    0    2   10   25
    7    3    6    3    7   28   10   13    4   13    7    8   23   28   28   82  119   84  143  118
   39   16  121   31  154   87  107   40   87   35   35  126  139   55  198   42  238  169   98  158
  235   10    3   10   71   30   54  107  105   21  208  125   43  156   87  120   97  103  104   70
  132   50   67   95   60   38   36   15   23   44   74    2    9   42   10   13   26   83   60  119
   68    5    3    2    7   12    5   12   49   25   13    3    0    4    1    1    3    1    0    0
    0    6    4    2    1    2    0    0    0    4    0    0    0    0    2   18   23   14   24   13
    4    6   10    8    7    4    9    7   22   26   10   16    4    1   14   11   26   16    6    7
   37   16    4    4    5    6    6    7    8    5    3    3   26    6   94   17   47   42   62   23
   30   27   28   28   28   66   37   83   65   47   68   70  112  114  116  106  187  161  144  113
   68   59   69   29   89  173  136  116  121   94   92  124   80  201  141  123   39   87  107   63
   29   74   59   37  136   73   98   31    0    6   52   19   61    8   16    3   18    9    6   11
   17   39   32   52   18   24   18    9    8   26   52    7    3    1    0    1    0   22   28   13
   29   40   10   18    0   56   25    5   56   45   69   42   53   35   30   54   33    4   12   18
    7    9   16    1    6    5    5    5    1    4   16    7    8   10    7   21   41   23   51   28
   13   15   11   10   20    9   16   10   17   24   22   27   11   34   52   16   52   87   17   35
   49    5    3    7    3    4    1    1    0    0    0    0    0    0    0    0    0    0    5    0
    0    0    0    0    0    0    0    4    7    2    9   11    2    8    8    5   26    8   17   13
   15   11   18   17   23   46   29   50   22   11    6   37   20   25   27   12   39   29   43   44
   32   16   11   26    1    4    1   16    4   65   22   18    1   10    0   16   38   39   18   43
   50   50   17   58   57   12   33    5    6   30   24   25   36   22   18   16    4   35    5    9
    1   23   15    8    0    8   25    1   12    7    8    4    0    0    0    2    2    0    0    0
    0    2    0    1    2    2    0    0    1    1    0    0    0    0    0   41   46   25   26   28
   18   11   12   19    4    3   10   18   12    6   12   13    5    5   13   32   58   37   12   37
   73   48    3   13    5    5    2    9   11   54   46    0   21   17   37   52   58   75   48   47
   66   68   85  109   55   75   94   41   71  117   87   82   42   21   62   39   56   44   32   51
   34   71   34  101   46  120  115  135  119  155  152   71   25  129   51   69   41   74   72   52
   35  207  205  233   88  111  104   61   65   97   37    1   51    1   56   41   82   71   21   28
   33  135  126   46   80   68   13   13   20   11   80   10    3   10    2   11   12   20   33   13
   38   14    2    5    4   54   42   14   62   87   94   65   45   62   49   55   77    6   28   25
   12   21    3   12    6    1    3    0    0    0    0    0    0    0    7   44   35   12   50   13
   12   10   13   11   15   25   29   32   60   21   32   25    6   25   50   35   55   30   71   62
   69   75   29   28   21   17   44   28   28   32   12    0   81   58   26   21   12   12   28   81
   49   22   52   16   41   72   41   29   25   12   44   31   55   43   34  119   96   64   96   63
   31   15  132   26  106  124  141  149  187  158  221  245  191  262  169  222  147  187  184  168
  102  157  118  138  177  189  151  176  109   41  162   76  153   53   94   40   44   36    9   37
   69   43   15   91   31   13    9    5   10   12   18    2    3    0    0    5   11    9   79   34
   36    1    1    0    0   18   16    3   21   23   23   12    9   10   13   13   11    5    0    0
    3    6    2    0    7    4    3    1    0    8    0    0    0    0    6   17   36   15   31   44
    5    4    6    8   12    5   33   53   78   70   18   79    2    1   33   43   83   19    0   24
   74   49    0    3    7    1    0    0    0    7    6    0    0    3    3   13    5   11   71   62
   35   34   44   41   22   34   41   29   20   31   18   18   21   19   17   13   31   36   52   58
   54   22  110   36  107   47   39   75  112   68   55  108   88   91  127   83  118  105  129  113
   86   44   40   79   54   34   94   92   90   95  130  117  151  212  394   81   53   49   21   21
   59   70   37   79   58   46   38   24   23   20   59    2    0    0    0    0    0    8    5    2
   10    6    0    2    0   18    7   16   24   36   21   10    6    4    6   11   20    3    0    0
    6    7    8    0    0    0    0    0    0    0    7    0    0    0    0   10   13   12    6   45
    9    9   10   12   16    2    9   14   10   18    0    7    0    0    6    3   20   10    1   16
   19   39    0    0    1    0    0    0    0    2    0    0    0    0    0   25    9    4   39   32
   21   23   43   29   73   47   57   46   57   17   55   68   65   97  103   43   62  143   94   79
  135   78  138   77  146   49  133   77   40   27   36   96  101   64   64   65   89  113  103  110
   94   24   27    5  108   34   63   22   52   26  103  123   92   74   33   83   75   55   28   49
  114   92   46   96   88   20   32   15   16   22   52   23    0   15    0    6    7   31   23   37
   20    6    1    0    2   22   16    9   36   38   60    6    5    7    3   11    4    0    4    7
    8    2    1    0    5    1    0    1    0    8    4    0    0    0    2    6   32    4   58   31
    0    1    0    1    1    2    3    0    0   11    4    8    4    2    8   27   68   17   12   26
   91   65    8   16   20   43   16   46   60   46   24    3   28   38   52   62   72   72  162   79
   82   78  121   93  158  175   92   66   85   78   45   90  138  110  100  111  212  138  211  178
  109   68   81   73   83  256  246  136  219   60   72  183  293  298  203  203  160  228  311  401
   57    1   15    0  177   26   38   59  101  118  446  268  137   98  136   91   26   31    3   35
  139   90   41   54   19   21   19   16    9   20   43    0    0    1    1   18   12   46   44   56
   39    2    0    0    0   41   11    8   38   19   50   51   20   59   74   65   61    6   13   17
    5    9    3    1    6    2    2    1    0    0    0    0    0    0    2   35   56   46  105   33
   12   15    8    7   26   24   16   19   19   19   28   33   27    5   19   24   28   11   11   15
   24   15    3    4    5    9   11   18    8    0    0    0    8   14    6    9    8   14   13    4
   15   22    6   13   11   34   29   54   49   39   24   48   89   95   96   51   93   61   70   46
   57   37   98   77   70   64   95  141  113  100  230  200  131  186  174  181   90  131  231  101
   74  124  177  151  254  173  128   65   34   93  157   60  142   44   82   11   51   59   34   64
   77  152   76   47   80   65   27   12   20   37   43   11   99   43   58   21   15   71   44   62
   62    0   54    0    0   13    3    0   35   21   48   19    4    5    3    4    0    0    0    0
    0    0    3    0    0    0    0    0    0    3   16    0    0    1    0   43   73   13   67   43
    5    9    7   11   13    5   15   28   15   17    7   17    1    0    5   13   39    6    0    9
   23    5    0    8    6    1    0    0    1    0    0    0    0    0    0    0    0    0    4    0
    1    0    0    1    6   15    5    9    6    0    4   14   16    7   10   75  139   24   56   44
   17    7   52    9   56  119  127  119  120   64   51  221   85   67  150   92   74   80  172   59
   12   39   25   28   88   15   50   15   18  196   49   52   83   63   31   38   22   17    5   11
   20   32   25   34   27   18   50    3   10   17   19   17    5    1    7   28    4    8   34   48
   99   14    5    7    0    0    7    4    7   20   15    0    0    0    0    0    1    0    0    0
    0    1    7    2    0    0    0    0    0    0    0    0    0    0    0    9   17   26   34   40
