   78   30    7   70   73   87   96   78  108  184   88  135   21   45  153   76  145  206   76   89
   99   34   20   49   33   62   76   48    8    5   23   12   53   92   47   24   62   77   28   60
   48   73   43   75   29   78   25  104  116   53   81   86  118  143   95  135  234  176  298  215
  129  137  206  162  100  190  224  386  340  303  173  330   63  358  239  160  187  151  225  137
  125  188  238  332  243  356  494  419  294  341  401  278  362  462  266  213  169  156  192  199
  208  101   44  101   55  136  158  150   90  115  117  169  304  232  228  178  376  168  185  124
  203  125   75   98  112   10   47   25   57   79   72   75   45   54    8   33   38   34   21    3
   47   44   56  101   13   24   29   10    3    2   25    9    3    2    8   22   14   21   28   45
   78   67   31   70   62   58   96   78   63   93   80   98   38   20   58   76   89   56   25   39
  129  141   20   42   10   38   42   50   32   15   22   12   22   57   85   72   62   65  116  245
  126  120  154   75  103   20  103   12  116   62   81   10  118   39   95  176  218   60  298   67
  110  137  206  108   68  190  271  181  263  265  316  330  150  358  229  138  137   78  104  143
   81  320  238  309  162  356  263  419  354  285  193  140  281  100  266  174   59  104   90  150
  208   34  124   80   68  149   50  150  148   51  113  100  156  221  155  153  157  259  185  121
  203  128   75   98  154   87   63   89   73   79   72   75   53   54   16   41   45   64   21   38
   47   88   56  101   25   14    4    0    5   39    0    0    3    2    8   22   47   21   54   88
   78   97   74   70   35   55   96   69   45   50   73   70   89   58  103   90  166  104  138   61
   86   64   98   59   28   75  182  154   58   16   14   12   90   57   67   65   62   47   88   94
  142   58  204   75  166  120   85   78   90  126   58  105  251  297  105  143  269  561  350  231
  205   88  153  176  128  160  260  219  285   90  165  257  278  358  164  182  155   77  186  106
  129  130  164  303  269  196  230  342  249  278  155  224  153  252  215  144   86  236  116  153
  184   88  135  144  129  206  175  150  158  196  191  137  190  170  171  179   71  185  130  129
  203   85   75   79   87   82   86   93  170   67   80   75   58   54   38   51   69   53   10    4
   47   62   43  134   14   18   19    6   20   31    4    1    4    5    6   22   10   30   41    8
  100  162  117   70  141   46  108    7   31   39  201   41  163  103  178   61   71  107  170   74
   85  114  112   34   26   73  143  223   93   71   60   20  232  232  175  139   99   76   92   55
   45  126   84  138   34   69   36   29   28   36  134   72  111  259  202  288  499  595  663  498
  471  228  859  158  481  309  568  395  637  218  351  686  572  592  348  268  337  453  307  360
  235  217  195  594  327  336  310  205   51  130  441  175  202  270   79  209  316  404  185  196
  293  194  120  215  141   74  154  162  216  137  228  165  296  377  122  138   97  206  108   89
  136  118   84  127   54   46   60   61   57   52  135   92   62   86   87   60   39   19   39   39
   46   37   37   90    8   27   19    8    0    0   16   34    0    0    4   50   71   27   48   61
  141  107  100   70   81   63  215   86   91   75   94   72  108   69  144   20   62   44   54  109
   85    5   49   55   40   70   54   67   70   63   38   28   53   53   37   15   27    2   91   57
   78    6   33    1  119  103   37  131  138    2   36  112   68  101  114  168  247  453  620  460
  489  270  123  312  114  373  650  208  327  125  151  526  541  152  198  136  196  198  244  186
  160  110  103  221  324  336  394  277  118  165  241  111  192  123   97   89  162  263  269  325
  234  333  169  537  163  176   79   37   63   81   96  183  258  292  162  206  137  220  216  119
  275  148  105   92  130   44   40   41   49   65   19    5   37    6   50   41   18   18   14    8
   27   37   65   71   17    9    2    0    0    3    7   21    5    0    0    7   29    9   37    9
   82   82   41   70   42   84  125   71   34  109  148   96   51  119  184  163  108  141   98  113
  241  176   88   81   86   77   59  229  125  120  112   15  252   94  186  238  190  292  105  243
  160  178  191  307  252  381  303  571  540  243  290  517  473  372  214  245  165  461  323  322
  198  263   99  240   70  132  177  121   98   57  195  126  164  283   58  221  177  153  192  106
  141  178  142  207  102  350  191  260  116  153  383  295  225  191  146  204   93  211   72  150
  109  313  446  102  443  398  196  628  247  160  215  135  253  179   77   81   78  118  149   64
  245  132  106   92   63  184  211  103  406  192  191  208  157  123  107  183  221   42   97   39
   68   96   68   87   21   40    8    1    4   25    3    2    5    0    9   36   33   47   45   71
   21   36   25   38   51  122   59  107   85   56   18   61   44   46   42   93  140  108   37   17
   33   12   58   47   37   59   53   65   62   41   27    0   54  121  106  136  125   75   75   26
   60  140   51   80  103  126   86  135  196  133   96  127  119  121  106  212  249  184  162  203
  245  130  175  124   81  231  197  262  161  258  214  137  105  212   60  214  135   84  106  115
  159   71  304  234  220  418  210  647  302  268  227  519  275  305  523  290  128  224  305  268
  229  146   46  124  181  132  111   80   47  210  109  109  228  186  168  119   96  320  263  198
  240  169   43   79   70   86  106   59  100   44   28   90   46   52   28   72   55   31    9   18
   30   31   54  108    9   13    4    0    0    0    5   13    0    0    0   54   28    0   18   13
   70   26   53   91   78   23   40   90   41   47   32   81   47   92   43   88   62   89   60   21
   77   90   47   19   19   88   49   91   61   17   63    5   37   16   31   23   27   34   47   48
   71   24   65  106   93  241  184  111   56   89   12   32   94   91   13   92  136   48   71   51
   18   49  190  155  191   76   75   71  117  181  130  100  103  163  303  164   99   77  111  171
  121  110  153  125  219  275  297  385  151  587  324  362  219  118  187  127  224  125  225  251
  129  264  112  207  126  129   94  337  186  222  209  112  196  388  168  168  170  256  162  185
  170   75   59   30   36   73   67   54  140  143   80   49   31  102   21   34   84   82   24   34
   82   79  118   92   18   28   13    0    1   44    0    0    0    6    1   26   25   18   28   38
  118   72   39   45   62   71  106   96   90   69   40   96  103   59   44  151  144   62   37   51
  120  108   79  102   81   67   53   97   80  127   61   24   84   71   54   77  137  172  108   93
   79   36   95   76  147  114  181   57  108  102  271  332   88  163  101  105  161  238  394  197
  523   97  151  179  206  108  289  356  284  353  353  253  362  454  204  341  169  212  411  234
  169  267  330  596  339 1068  684  234  169   82  452  223  366  508  211  270  466  293  202  297
  190  176  189  152  170  202  193   25   82  190  130  190  318  194  115   42   41  126  139   37
  210  172   41   64  144   57   93   59   50   80  145   68   92   99   44   76   91   23   35   25
   38   37   66  137   12   33    9    4    9    8    7    7    6    0   15   11   33   33   15   33
   75   90   35   36   92   93   94  126   93  150  122  114  128   90   84  121  286   83   97   80
  190   89   97   65   41  121   84   70   75   20   21    4   38   22   28   72   31   39   98  252
  167   70  243   25  181  101  156  204  254    4   81  299  143  131  211  210  133  216  185  249
  201  314  112  172  168  162  175  346  325  323  291  190  247  112  231  158   73   58  105   45
  140  178  303  382  183  271  179  345  210  452   90  184  154   30   65   21  194  291  208  142
  116  236  268  342  268  111  184   55   47  129   98  241  233  253  148  196  143   94  182  119
  130  160   31  116   58    6   14   32   22  116   94   63   14    9    6   15    6   14    4   17
   33   50   48   64   11   15    6    0    5   40    0    1    1    2    4   39   41   26   31   40
   83   37   23   27   22   52   94   58   22   55  100   79   27   32   69   52   49  100   63   47
   29   21   18   19    5   42   29   62   41   48   36    5   28   37   29   35   23   30   41   75
   44   54  122  178   59   13  136   48  109  125   56   84   58  156   78  228  238  113  190  173
  249   48  115  204   87  162  255  188  329  232  223  361  125  470  299  365  177  144  457  190
  201  119  125   61  303  175   99  172  176   55  292  366  208  156  217  238   72   42  126   82
  174   93  112   90   18   72  120  720  349  140  410   56  136  170  212  221   49  140  140  146
   43  100   50   46   20   89  102   90  371   57   16   79   45  101   55  184  105   25   26   52
   72   47   80  124    6   10    7    0    0    2    1    1    0    0    0    8   22    2   20   14
   38   16   15   53   67   18   64   57   32   45   34   83   45   32   33   96   50   44   96  129
  107   58   51   68   33   51   81   71   29   14   19    5   50   45   29   39   28   14   74  130
   83   51  201   33  143   48   75   88  124   54  115  124  121  172   89  101  132  224  265  237
  206  119  274  123  128  288  220  271  424  295  602  465  512  673  554  482  190  616  350  221
  240  230  515  250  589  536  330  616  239  146  417  200  478  309  109  305  235  236  121  318
  295  150   42  251  148  144  163  111  135  263  243  128  192  294  340  351  241  209  385  177
  156  108  169  128  175   33   36   73   76   54   37   81   28   34   33   35   32   12    2   17
   29   47   14  112    6    3    1    0    0    1   10    0    0    3    4    7   12    4   62   20
   85  136   54   83   94   82  112   91  146   84   55   67   45  106   37   56  111   47   36   57
   29   16   46   26   32   23   15   37   22   29   18    3    6   20   10   39   38  100   14   14
   24   39   51   88   12   45   21   31   39  131   25   45   44  118   39  180  188  101  164   63
   13   19   38   56   19  181  172  151  414  202  499  187  269  273   78  305   54   60  126  139
  128  307  258  409  208  335  406  293  362  143   90   27  122   92  236   49   55   76  112  229
   94  190  126  109   62   99   64   40   54   84  260  185  128  166  185  259  130  142  164  175
  243  145   62   88   68   25   68   88   89  115   69   59   34   25   51   27   25   30    5    9
   77   59   23  122   15    9   12   20    5    0   10    3    1    6    3   12   45   27   17   76
   87  112   43   49   90   91   39  113   92   44  101  110   99   94   81   47  109   72  100   60
   98   81   42   36   14   32   87  173   27   24    3    7   37   84   17   14   21    4   69   76
  138  119   99   15   75   37   84   48   31   19   37  159   82  206   88  179  156  339  350  347
  381  119  473  168  397   99  279  157  581  294  539  457  369  396  301  363  347  189  343  204
  198  299  316  294  386  485  196  830  134  337  654  351  264  211  511  314  386  351  193  476
  298  233  112  463  323   49  222   74  144  188  143  289  265  224  169  135   17  126  138  221
  175  141   82  131   36   45   53   78   67   51   58   20   18   21   40   60   35   44   25   52
   43   84   63  109   36   12    7    3    1    4    6   13   11   11   16    6   11   14   17   17
   55   20   17   53   22   26   20  118   66   70   90   47   17   89   75   68   41   26  139   36
   57   40   31   19    5   50   87   50   44   10   11   11   25   28   45   14   51   22   20   30
   30   34   18   29   98   27   69   49  124    7   50   44   49   61  103  176  101  136  213  185
  170   91  165  125  211  326  231  382  386  315  278  250  195  376   86  252  141  138  161  152
  235  399  258  453  149  212  380  475  382  263  109  219  201  308  265  255  253  213  175  437
  105  192  123  160  210  132  353  102   96  184  180  242  252  294  196  253  188  227  236  127
  287  181   38  153  100   67   55   51   75   22   17   32   35   20    6   25   38   30   29    8
   35   37   62  125   26   28   11    5    1    7    4    2    1    0   12   23   34   15    4   33
  172  130   93   17  116   52  184   34   37   46   43   45   76   59   53   78  206  168   70   84
  259  240   37   52   45   39   32   77   59   27   12    4   89  130   40   58   54   35  105   43
  109   98  113   46   90   33  112   73   59   44   90   70   98   77  103  178  222  297  333  170
  113   53  345  124  282   88  160  213  238  168  366  227  261  420  226  248  276  254  193  182
  143  276  282  683  456 1064  392  590   89  332  316  429  709  427  225  153  112  191  106  231
  339  148   24  127  158   45   94  111   78  227  208  175  136  236  174  344  200  305  207  132
  290  100  148  148   85   66   26   49   14   21   53  204   39   80   23  114   51   12    4   10
   26   33    7   38   18    3    8    1    1    2    0    0    2    0    0   26  121   27   29   43
   16   42  108   17   29   83   37   77  105  102   52   75   63  127   55   63  157   99  131   88
   97   89  162   98   40   94   60  101   63   42   10   30  130   75   34   77   81   47   42   92
  162   43  182  116  106  245  171   34  141   60   19  268  152   83   16   42   57  125  192  322
   79  170  315  170  306  104  461  134  328   69   35  628  302  286  214   17  127  189  129   94
  166  137  149   94   17   79  144  441  166  233  146   70   54  181  141  115  332  283  290  195
  133  388  228  374  283  295  294   71   81  302  112  178  198  134  120  124   35  167  171  120
  116  141   57   97   53   64  130  101  123  134  166  108   23   30   21   32   27   34   23   32
   67   52   46  108    5   15   14    0    0    0   14    4    3    5    4    7   22    7    8   11
   68   70   67  139   64   42   43   55   54   84   63   90   31   40   51   85  127  142   61  123
   81   42   21   29   12   79   35   97   26   51   14    1   18   27   25   25   60   34   41   69
  109   10   59   84   81  127   33  196  235    6   39   61   42   78   40   56   98   35   99   57
   85  152   56   58  117  110  253  274  447  387  585  426  231  693  338  474  143  408  413  280
  173  336  412  476  358 1141  282  347  153  272  723  333  339  268  182  345  195  162   98  324
  356   97  103  109  185  101  144   89   63  120   98  216  246  342  167  154  113  107  199   90
  264  132   84  110  123    7   73   64   75   83   15   45   24   61   15    8   48   29    2   22
   22   32   79  106   23   11    4    6    0   23   10   32    1    2    2    2   12   17    4   12
   92   24   23   52   35   26   62   53  100   83   82   99   32   49   91   96  126   35   62   40
  122   51  106   43   11   33   47   47   57   90   34   40   44   51   24   25   46   14   38   43
   36   51   84   22   46   55   46   48   26   11   29   69   44   47   50   56  146  213  421  329
  205  116  203  174  363  200  348  323  395  201  190  366  270  348  224  168  455   94  181  128
  239  174  150  293  144  139  285  531  188  166  240  104  300  301   84  173  227  276  126  406
  290  188   84  183  102   64   73   77   62  107  103  165  151  176  131  304  192  117  147   58
  287  136   81   98   72   11   17   34   32   25   46   29   55   10    9   18    8   21   11    8
   58   35   71  114   20   31    6   11   11    3    3    2   11    6    1   17   11   62   19   53
   21   60   49   75   40   60   49   72   22   35   41   12   47    4   19   53   56   27   12   57
  113  168   78   28   41   32   85   60   48   95   61   23   67   16   42   55   39   20   96   99
  195   48  141   61  115   95  160   80   58   62   64   63   46   92   66  166  187  363  369  306
  252  131  208  180  108  306  334  309  388  134  283  298  430  188  179  207  116  108  247  256
  171   54  127  129  292  192  215  550  283  180  429  330  290  218  385  225   69  130   65  133
  147  171  157  141   79   89   34   43   44   37  136  163  172  214  159  179  121  142  202  220
  183  130   40   82   66   73   68   80  131  100   91  105   37   53   47   47   62   48   14   17
   48   71   60  106   21   12    5    1    6    4    2    1    1    0    3   12    9   27   21   12
   18   89   48   92   88   31   73   44   64   72   74   79  203  127   73  108  169  134   98   54
  161   89  130   36   12   38  109  102   52   49   25   13  136  136  188  146  190  154   69  158
   57  172  310  360  288  329  263  285  215  231  297  287  244  294  204  236  329  211  562  184
  136  257  237  320   96  235  325  158  222  206  298  140  291  253  156  165  136  170  108  170
  161  306  222  507  184  388  261  233  173  302  357  313  444  321  512  168   95  372  196  299
  317  434  302  162  207  147  275  129  104  176  193  146  198  254  142  115   95  290  236  129
  219  101   82   66  134   79  109   73  173  207  186  200  157  180   16   67   79   18    9    6
   48   18   19   86   20    7    1    4    0    0    0    0    1    0    0    9   14    3    6    2
   93  105   41  105   81   95  102   51   57   56   62   52   38   48   78  110  119   59   57   23
   21   19   29   31   65   49   39   25   64   73   15    2   20   23   12   30    1    8    9   19
   17   14   15   35   87  128   38  177  194   55  111  226  350  313  168  163  191  125  132  130
   79   40   63  117   69  168  219  177  228  417  242  191  219  203  141  146  100  164  154  132
  126  338  209  416  197  325  191  491  239  344  180  256   92   58  386  150  165  158  180  236
  110  168   58  222  190   96  225   92  118  105  130  150  143  181  418  235  118  166  139  151
  121  125   26   49   77   77   62  108   57  199  116   24   24   36   17   48   50   30   51   12
   73   65   28   97    9    9    8   13    8   20    7   16   10    4   18    9   19   28   44   35
   15   64   59   72   25   36   69   66  102   75   47   61   64   59  153   47   83   76   60   75
   78   79   87   48   40   92   82  143   65   40   26    7   54   61  126  170  142   93   77   43
   71   88   58   44  158   27   77   69   79   32  104  106  137  169  143  205  275  205  347  123
  141   78  314  112  257  240  399  154  435  235  244  452  735  179  264  199  226  240  262  150
  235  168  208  243  275  322  271  328  352  185  295  214  128  278  442  273  227  289  110  174
  114  216  124  288  190  171  365  204  174  328  393  229  276  190  117  153  191  247  233   79
  149  127  108  109  125   27   46   90   81  103   47  132   92   40   44  107   59   36   19   13
   57   86   54   94   23   30   11   32    6    3    0   10   16   10   26   21   18   43   45   20
   47   28   86   62   46   32  125  131  161  197   89  197   46   71   60  194  146   60   35   15
  107   32   43   27   18   29   48   41   41   13   21    8   26   23    6   84   13   17   38   68
   71   30   43   62   52   51   25   58   63   43   18  134  141  175   97  145  233  311  302  169
  102  110  189   67  138  175  235  197  447  214  289  257  157  271  184  224  374  109  316  242
  226  165  196  665  358  429  300  455  305  410  338  278  309  182  211  199  297  185  109  366
  313  108  160  226  191  166  196  100  129  380  186  206  260  501  174  113   79  174  133  152
  110  170  139   91   58   81   64   77   71  108   36   20   20   29   32   36   43   15   19   13
   44   24   76   90    9   10   26    4    0    4    8    0    5    8    5    8    9   26    7   12
   71  103   76   77  101   63  216   39   44   85   77   67  184   78   75   80  181   85  115   49
   83   41  147   49   25   54   90  135   51   16   19   17   56   40   11   46    9   30   34   86
   75   48   46   30   55   99   67  186  211   11   60  305  206  441  296  229  215  339  324  154
  250  178  177  237  138  220  361  248  332  167  216  322  311  203  145  109  111  128  209   88
   98  146  183  445  174  355  213  477  425  231  262  157  147  106  430   69  112   74  113  162
  162  475  255  324  203  255  116   66   60  178  130  154  182  155  199  168   46  107  152  206
  101  171   33   52   24   19   58   42   54   88   82   57   31   69   47   98   43   16   24    8
   36   35  120  102   17   39   14    2    2    3    0    1    1    1   11   25   33   24   19   91
   39   77   79   63   74   84   93   60   46   94   10   51  126   87   87   54  140   84  133  193
   61  185   44   80   22   52   46   66   26   41   23   10  144  120   23   42   31   24  184  224
   56   35   48   37  372  331   52   87   54   74   78  103  181  312  133  139  187  204  290  271
  271   65  160  159  177  290  420  324  347  370  389  317  268  508  200  397  170  279  178  185
  262  240  290  427  236  426  249  300  172  140  337  138  133  116  342  176  287  325  170  159
  290  116  156  306  201  144  110   73   50   95  149  189  139  177  181  247  182  205  186   74
  128  125   76  123  108   25   66  113   65   53   56   33   20   26   19   55   64   27   14   26
   95  101   62  114   19   47   31    4    0   31    5    3   11    1    5    5   26    8   31   21
   46  172  119   77   83   97  131   99   71   69  145  114  104  105  199   68  125   62   56   33
   79   47   82   50   13   62   43   65   67   75   23    8  139  102   78  176   84   55   27   24
   33   80   76  121   53   34   40   29   45   67  106   38   58   72   50  101  286  379  501  244
  119   16  572   73  348  260  422  215  487  404  322  516  366  464  374  198  271  148  193  244
  286  286  291  353  259  453  216  115  109   68  573  416  154  371  152  428  238  302  174  344
  277   93   58  234  159   57  156   46   69  133  122  200  119   83   79   74   46   36  124  115
  151   83   50   66  105    3   30   75   52  136   31   38  150   42   13   59   31   35   28   24
   61   23   36   59   39   21    8   18    1   16   18   20   11    2    0   14   14    2   42    7
   37  129   60   76   79   88  111   95   41   21   70   33  119   62  134   77   74   92   55   47
  135   86   68   66   11   61   34   83   56   18   33    2  106   38    5   54   19   19  155   91
  112  119   76   59   36   39  102   66  134   31   64  153   48   53  118  105   53   55   90  170
  163  154  159  141  156   86  157  297  242  232  306  417  269  176  132  156  212  136  117  129
   90  101  167  226  255  239  200  676  242  147  205  150  197  351  216  224  237  243  210  344
  211  226   91  277  161  104   84   44   79  172  101  191  184  337  271  360  235  288  196  127
  218   98  154  113   53   36   51  106  101   61   48   27   16   41   30   30   40   54    8   13
   11   78   27  101   18    9    8   14    0   33    1    8    8    1   11   27   19   45   24   94
   51   49   34   69  100  114  143  152  132   94  108   48   65   68  133   52  178   93  114   82
  267  185   83   46   66  156  150  139   91   76   39   43  135  119   41  108   36   45   89  152
  145   81  149   76  174  119  254  130  113   24   93  183  137  238  147  115  114  325  335  236
  386  197  283  204  302   91  200  130  241  175  245  327  222  204  246  100  230  279  139  258
  553  294  290  476  130  502  159  294  220  301  258  222  218  157  224  243  182  312  112  428
  257  338  185  276  207   78  114   43   64   73   94  157  130  149  116  261  172  203  225   94
  201  126  100   77   52   18   47   57   80   86   68   76   59   37   60   73   41   38   22   30
   43   55   48   80   14   33   18   35    9   15    0    5    2   20    7    8   35   18   25   38
  146   62   47   54  108   47  113   25  101  125  109  107   47   18  132  116  104  138   43  110
  168  185   31   33    6   28   45  161   49   46   34    9  114   91   60  150   57   92  119  183
  174  290  219  156  130  230  127  265  284  107  250  309  303  137  187  197  172  456  261  322
  280  187  170  245  292  162  166  155  288   16   65  216  349  116   85   67  150   75   67   73
   87   39   59   36  119   91  211  314  711  239  222   83  227  194  369   72  158  189  129  147
  127  440  394  354   75   78   96  214  105   55  143  106  167  190  252  127  311  157  228   36
  286   78   62   64  100   45   68   75  194  175  195  131   78   53   45   89  112   35   14    4
   25   41   63  139    6   23    7    0    0    4    1    3    1    1    2   12   22    3   28   17
  125   64   27   52   86  106   95  125  117  213  107  148   31  126  134  196  113   34   29   61
  104   90   52   31   16   41   22   43   47   16    4   44   19   63  101   73   41   66   35   30
   42  100  112   81  126  215  115  223  119   66  103   79  153   62   46  164   48  285  131  171
  223  106   99   50   86  146  127   86  149  207  222  121  147  119  161  145  157  113  181  215
   87  150  228  193  217  359  262  354  341  168  375  220  233  122  349   73  111   83  196  264
  117  153  138  169   72  111  135   55   52  149  164   93  209  399  359  176  235  156  223   93
  169  120   72   51   60   30   79  167  106  184  194   43  131   48  113   83   49   13   24    2
   45   78   92  107   11   13   30    9    0    6   17   14   13    6    0    0   11    8   46   21
   18  110   50   85   18    9   23   37   12   26   31   59   52   10   50   36  104   41   43   31
   71   19   47   49   49   96   60   96   56   19   12   20  140   71   56   55   70   38  113   48
   79   98   26   25   71   43   94   73   33   48   20   31   47  117  146   77  110   93  249  109
  413   83  154  116  221  173  308  163  461  201  260  576  250  408  574  311  374  244  193  275
  263  182  218  174  143  200  111  109  211  369  454  121   89  160   71  165  198  216  161  240
  318  209  153  254  175  151  109   87   53  130  109  207  178  181  149  165  185   96  317  108
  131  199  125  135   52   29   18   44   25   33   34   43   49   19   13   49   17   31   12    7
   40   33   57  127   10   20   15   16    1   25   13   13   16    9    1    4   35   21   28   51
  119   60   41   41   80   98  138  131  203  144  129  204   63   42   87  106  188  112   52   43
   36   21   57   21    8   73   29   32   83   50   27    9   67   19   31   36   30   23   21   27
   22   10   53   29   72   72   73  119  171   89   67  154  117  198  160  299  357  335  541  392
  387  237  337  292  262  293  400  200  410  217  167  586  277  276  346  150  217  135  131  148
  174  150  330  243  208  418  184   64  127   79  363  255  117  186  152  122  240  164  164  217
  211  287  181  188  103  139  302   72  108  123  168  155  164  137   54   95   92   96  158   56
  167  164    8   91    6   89   67   80  181  110  114   30   33   28   33   97  117   41   64   26
   47   56   43  125   20   35    7    4    1    8   23    1    5    3    7   14   43   30   30   38
   59  110  113  101   46   49  125   95  107   94   95  111  101   43   53   81   95  197  115  148
  212  244  225   60   71  124  131  117   45   73   52   33   44   79   79   44  109   87   98   53
   73  112  118   57   74   65   91   94  297   65  107  188  119  257  332  103  441  271  246  268
  452  171  179  148  126  422  164  214  297  121  232  291  154  198  193  155  154   97  176  115
  152  151  114  259  167  299  363  472  478  196  182  150  118  248  380  216  125  176   62  275
   94  208  142  223  156  129  114  124  130  175  263  106  133  298  187  215  320  156  333  257
  214  158   88   67   94  104  174  132   91  159   79   80   49   72   67  103   82   56   26   30
   60  110   55   16   53   32   31   11   17    5    0   11   10   10   17   47   25   34   28   57
  100   94   64   78   95  100   78   73   49   32  138  141   94  112  166   60  113   83   78   16
   60   44   48   15   26   44   72   61   63   15   15   19   32   58   44   22    1   23   15    5
   17   40   94   26   17   31   30   65   59    9   47   70  284  103   47  156  132   60  140   62
   79   78  132  120  151   96  231  175  297   82  117  270  208  165  212  149  141   62  119  107
   83  222  194  333   57  328   90  212  212  213  313  213   80   68  154  138  117  273  230  361
   87  165  109  126  138  154  243  113   91  142  189  151  324  472  152  258  273  150  228   99
   80  154   67  147  100   83   69   82  102   71   91  111   46   36   31   23   80   64   51   27
   79   93   66  156  100   10    8    2    0    1    3    0   17    1    0   19   22   36   36   46
   44   98   55   45   76   98  100   73   97  166   76  134  189   55   84  152  193  131   74  126
  127   57  100   49   26   87   85   73  107   83   54   14  203  187   48   52   31   69   45  124
  104   70   83   27   81  157   80  151  119    2   71   86  245  199  165  296  210  637  345  488
  166  125  182  105  241  112  120  157  175  226  282  273  370  186  188  170  218  261  207  210
  281  194  251  318  196  498  149  513  318  281  254  275  137  416  325  151  233  193  100  170
  144  197  179  174  197  141  159   76   40  188  224  113  125  256  137  145   82  400  223  116
  132  110   34   49   16   49   83   88  129  114   93   98   45   36  156  131   92  109   38   20
   96  118  103   72   40   24   12    3    4   26   10    4    4    4    4   23   23   44   35   38
   76   40   40   41   41   39   83   87   36   47   73   49   55   64   94   70  102  100   79   50
  125   66   29   12   15   40   25  101   54   46   12   26   91  106   92   61  147  117   82   90
  105  122  109  122   77   78  114   65   86  132  152  131   71   88   96   89  162  148  211  127
  166  106  243  120  276  178  422  189  286  156  139  203  140  206  225  106  140  101  121  222
  205  112   92  184   96  107  113  507  145  101  303  205  179  363  215   93  255  128  119  264
  196  238  251  213  167  196  266  258   83  124  258  159  175  274  268  103  137   82  204   59
  114  129   39   58   37   93   96  103  107  100   93  134  104   93   88   78   64   71   48   45
  111  123   66   85   40   61   67   13    5   65    2   28    4   12   10   34   43   66   40   67
   93   69   57  132   58   38   97   58   54   50   37   47   52   32   46   80   85   47   71   65
   57   43   80   13   52   45    6   51   75   35   27    3   62   45   59   41   10   14   69   64
    6   21   22   12   20   57    7   19   28    2    4   16  303  166   71   83  201  200  380  159
  225   49  237  194  114  319  229  245  435  131  254  420  239  268  119   96  174   81   49   87
  131   57  118   63   82  123  231  406  122  215  215  349  118   65  584   81  168  278  112  111
  318  250   59  124  155  132  178   77  100  208  102  125  148   92   65   86   53  173  110  109
  103  111   26   36   20   10   47  104   26   85   19   31   78   29   99  100   89   51   35   12
   45   77   48  106   39   53   26    4    2    9   19   27   17    3    3   14   41   35   66   55
  105  134   98  157  105   87  136   94  102   70   84  172   79  117   83   67   70   85  103  124
  159  100   22   52   20   53   35   61   56   49   40    6   39  110   56   50   60   90   18  107
   37   56  275   84  297  142  253  107  198   50  287  196  153  129  191  130  157  251  315  185
  355  257   89  183  131  102  455  251  310  102  109  382  282  257  267  168  248  234  153  125
  178   39  218   47   94  240  186   96  219  131  133   76   83  135   79  148  154  261  174  173
  243  311  104  223  179  145  108  130  141  175  189  166  138  139  174   55  114  107  164   98
  108  112   34   91   43   46   65   90  140   90  105   96   84  123   66   85   77   45   22   20
   52   60   54  133   28   11    4    2    7   40   16    9   11    5    6   12   21    6   14   57
  121  126  118  139  136   85  136  131  158  125  120  109  265   52   67   76   71   99   83  118
  169   96   50   41   36   51   94  123   64   37   29   11    4   34   73   50   42   48   74  164
  160   91  136  120  141  101  200  102  103  181  137  122  126  154  115  175  152  187  212  263
  220   82  286  166  184  154  320  388  342  143  211  330  244  281  159  184  408  134   90  106
  311  207  152  395  213  281  173  230  169  317  242  133  120  112   70  268  145  205  113  299
  304  290  246  264  250  279  181  130  258  227  200  196  209  295  302  190  134  220  240  117
   70  137  118  144  108  106  146   94  151  215  158  115   28   81   21   23   93   27    7    8
   34   40   32   58   23   10    6    2    0    7    1    0    0    0    2    5   19   13    6   21
   52  135   51  130   81   98   77  169  127  110   97   97  143  161  136  137  103  164  130   89
  171   53  141   90   83   86  132  288  117  108   30   22  236   70   78  156   51   40  101  112
   85   24  163   61  132  273  143  388  478   62  237  294  353  390  295  300  205  258  200  160
  193  243   48   97   98  118  112  275  190  276  118  120  170   96  181   83  103  170   85  132
  189  313  226  426  138  221  267  463  359  365  329  319  300  295  505  258  155  122   51  389
  172  272  189  188  208  189  206   88  133  322  301  151  222  162  187  212  152  164  235   93
  269  151   60   80   77   62   32   71  105  242  148   54   43   37   27   65  101   53   21    7
   48   90   22   99    5   21   20    0    9   14   14    6    8    2    4    8   14   17   40   20
   74   74   40   74   43   95  192  136  119  121   84  151   90  152  104  118  158   77   58   38
   75  119   62   68   34   71  100   75   85   39   39   52   69   65   40   25   43   20   15    3
   82   30    5   21    4   24   78   34   47   39  104  129  105   72   94   66  205  275  266  145
  334  186  159  148  180  222  332  210  446  140  188  310  270  329  360  174  205  211  196  155
  308  104  239  300  117  305  263  788  316  271  584  260  253  333  260  220  268  331  159  307
  115  171  253  259  114  159  157  183  209  164  231  131  150  115   52   53   66  109   97  132
  120  127   26  110   41   65  124   89  113  121  117   81   32   42   47   44   91   32   47   37
   55   10   84  132   43   15    8    0   10   30    1   28    2    6   12   15   49   14    9   30
  147  132   52   60  122   97  102   41  110  123  166  104   90   89  120   97  139   98  192   95
  176   84   74   84   27   77   51   58   46   50   10    0   39   70   36  110   68  120   70  101
  172  133   81   88   83  118  102  147  111   97  226  119  160  260  166  148  286  233  556  265
  138  119  192   79  199  291  593  239  484  275  218  590  427  247  322  245  251  158  255  192
  292  319  436  330  467  790  464  505  245  267  317  401  400  258  288  250  258  297   43  295
  240  178  141  191  145  284   77  103  107   76  162  171  194  116  161  110   69   47  130   69
  141  123   45   80   68   67  102   95  136  121  165  103   24   63   22   58   48   27    6    6
   43   72   68  104    6   27   19   12    1   13    4    5    2   20    3   23   61   33   47   53
   46   55   59   87   88   13   47  125  110  138  125   99  133   55  141   55   77   83   65   45
   75   67   39   45   10   40   44   28   45   61   63   23   24   23   89  137   19  110   92   62
  140  141   65  109   41   63   86  103  155  188  152  123   67  110  121  158  496  291  539  257
   92  115  213  128  195  441  598  421  414  305  214  520  293  536  330  363  170  259  163  365
  134  131  134  211  515  475  340  581  861  545  602  718  265  221  398  144  161  206  163  330
  139  154  268  193  119  141  113  169  214   90  185  195  261  279  186  183  102  353  211  110
  240  101   50   77   40   89   96   94  154  153  140   45   32   43   25   97  119  102   53   13
  110  112   95  118   41   41   13    9    6   14    3    8    3    0    7    3    4    3    5   19
   34   77   53   40  143   89  111   19   25   41   45   63  111   67  101   74  197  162   75   69
  164  125   60   34   21   81   47   81   90   36   30   10   69  115   75   85  135   55   69   29
   65   63   50  110   47   17   93  174  110   42  135  109  123  214  176  167  303  242  320  311
  223   64  505  157  488  159  585  348  676  155  303  836  680  431  336  306  356  231  303  204
  274  274  154  111  470  345  219 1173  331  273  302  249  228  272  421  173  321  213  199  182
  350  272  149  276  225  110  204   51   52  120  124  237  235  289  195  250  208  157  218  136
  269  187  124  131  105   20   57   59   36   52   16   41   43   25   16   57   16   15   29   26
   61   34   46   78   21   18    2    1    1   20    4    1    1    0    1   29    3   20    1    9
   98  117   96  152  102  135  166  144  144  157   92   67   95   46  114   85  131   98  154  118
   81   93   63   57   92   45   80   64   44   29   15   12   55   90   66  101   42   36  129  187
  141  174  130   80  259  291  261  187  333   15  252  300  261  225  226  249  339  491  468  265
  320  140  294  197  234  161  167  211  167  151  173  103  284  212  159  134  140  111  103  115
  175   54  107  150  156  293  244  564  118   41  289  329  229  303  309  298  444  326  105  182
  182  294  144  271  265   35   42   34   25   96  162  143  151  137  122   91   79  138  150   82
  160   97   40   71  120   78   54  120   87  243  135   80   84   84   74   76  103   71   28   25
   58   96   45   95   48   19   17    2    0    9   24   13    0    0    1   13   20   20   21   11
   85   42   28   77   61   42   55   36   98   85   22   81   17   40   32   35   37   61   44   34
   28   69   73   41   36   67   39   68   26   80   45    1   36   52   32   14   21   10   13   10
    4    5   44   25    4   82   10  112   86   19   49  102  136  103   58  115  123  131  130  195
  105  281  155   81  110  128  215  291  436  283  278  263  269  345  247  211  411  239  190  159
  166  216  272  366  224  553  417  175  379  290  213  204  145  126  415   98  303  163  122  413
  271  171   95   95  144  104  229   80  183  197  212  271  232  213  121  148  200  174  192   58
   99  127   44  111   84   12   42   56   57   85   61   26   10    5    5   34   11   16    3    2
   31   34   75  118   17   19    5    1    4   36   16    7    0    1    0    5   23   12   17   12
  116  157   47   95  218   93   78   50  100   92   98   40   75  125  126   70   54   76   53   66
   97   52  186   61    8   77   67  120  109   50   11   30  143   71    9  225   22  229   70   51
   41   40   42   49  100  326   70  273  233   29  143   40  171  222  126  150  176  415  540  430
   95   90  418  161  436  145  562  392  869  137  268 1025  539  578  369  267  573  190  235  319
  295  215  198  240  432  545  385  333  176  181  767  773  427  309  281  287  289  259  118  207
  103  290  220  208  337  200  244   51  126  149  107  180  245  219  228  287   58  475   95  152
  210  182   81  162   85    5   16   26   61   27   14   57   28   59   28   45   19   34   22    9
   80   51   44   92   24   21    2    1    0   26   16   13    1    0    6   26   19   12   71    9
   36   47   20   70   49   27   75   74  126   70   79   45   59   57  104   98  109   60   92   37
   30   58   42   32   33   60  126   84   21   82   29    7   24   71   28  101   43   70   66  105
   85  113   80   23  125  105  127   72   65   28   21   61  104  334  256  571  611  873  863  720
  469  137  296  137  339  340  288  204  213  102  102  344  421  112  151  104   97  130  120   72
  199  197  144  296  176  225  141  282  116  272  237  232  138  145  277  101  274  194  158   88
  102  199  109  568  184  187  323  219   95  188  205  200  183  106  213  104   29  180  135   73
   79  144   32   70   73   72   33   90   43   39   83  106   13   79    5   55   47   74   26   20
  106  109   89  126   11    1    7    2    2   23    2    0    1    0    4   12   46   61   20   48
   32   87  148   58   52   39   32   13    6   15   49   46   45   64   30   64   27   34   43   20
   38   51   52   25   26   35   16   18   27   41   15   31   22    3   39   83   25   22   54   95
   20  138  121   50  184  414  188  387  584   47  243  446  297  182  217  172  168  123  254  133
  179  104  116   86  128  214  359  465  512  420  272  589  353  217  233  130  247  130  118  157
  249  524  253  219  168  222  156  113   88   88  432  193  126   38   83  129  325  315  188  286
  503  186  194  390   96  147  134   97   99  114  253  187  345  241  110  125  107  148  178  131
  194  167   96   59   60  106   65   66  151  292  253   49   66  102   25   87   99   77   25   31
   52  134   61  113   65   45   16   22    1   27    7    8   36   28   13   33   14   18   27   58
   28   30   15   34   25   24    5   32   32   39   11  103   33   48   55   70   91  140   76   59
  117   53  138   55   28   62   57  213   84    6   15    1   46  158   31  141   19   66  176   31
  194  191   76   89  236   90   98   82   40   75  104   25  119  108   60  345  409  194  306  132
  153  142  166   87  168  375  324  475  410  202  290  333  247  440  201  187  252  182  305  214
  226  329  217  391  315  393  317 1573  387  385  229  317  358  383  826  141  229  188  102  172
  226  119  211  226  171  169  244   34   97  274  196  222  268  306  164   98  237  219  297  208
  151  140   61   93  146   50  118   97   62  147  137   40   53   16   28   32   67   33   12    6
   49   41   32   86    1    1    1    3    3    8   10    0    0    0    3   21   15   32   10   22
   89  114   84   61   46  114  195   81  148   79  153   65   64   32  122  105   95   76  138   62
   68   82   81   56   39   99  101   79   67  161   91   51  104   90  111  101   76   45   29   58
   61   75   64   33   74   32   99  127  209   99  265  341   33  178  218  129  132  199  335  107
  153  187  128  243  229  182  349  138  365  231  279  206  166  815  416  260  230  176  253  222
  266   83  170   67  183  192  192  421  391  136  758  384  300  202  358  286  411  215   70  252
  213  120  127  428  451  332  257   86  102  295  217  174  244  162  151  153   73  178   84   60
   74  137   51   75   79  111   71  102  165  155   64   68  117  100  156  191  129   42   71   89
   71   60   73   90   53   19   31   44   16    8   10    3   11   23   27   12   35   18   23   62
   96  114   22  105   37   33   29   37   59   48   93   56   98   68  106   53   84   90  222   90
  146   61   91  110   56   65   61   65   40   36   43   14   66  117   28   24   37   65  142  148
   60   50   84   54  156  255  218  159  315  142  129  299  158  162  148  100  116  146  346  336
  196  120  128  219  141  108  282  104  379  139  150  280  522  151   90  165   98  180  140  232
  192  195  295  299  280  402  331  484  281   98  304  183  359  175  154  321  195  164  241  205
   77  202   81  201  365  103  140   76   51  195  135  237  243  347  230  166  113  166  176  133
  142  173   87  111  193   47   64   79   71   73   93   93   73   41   71   94   79   64   56   38
   98   49   65  111   14   12   18    2    1   39   18   26    6   11    4    8   12    7   27   35
   56    5    7   14    7    7   16   13   34   12   68   35   18   70   48   41   64  144   23   12
   58   67   51   27   20   88   33  134   87   54   71   66   70   68  129  159   75   70   70   63
   68  199   71   71   24   57   68   99   82  107   52  139  123  277  255  145   87  258  252  170
  323  160  355  116  265  138   93   95  101   83   60  164  143  255  156  187  160   87  140  138
  131   68   69   63  161  158  238  126   53  101  302   91  134  239   46  157  143   40   98  158
  134  186  190  241  180  138  175  115  224   57  195  210  182  210  267  124  165  185  173   85
  268  119   80  126   78  120   32  113   73   85   83   73   81   81   30  111   35   11   12   12
   65   32   60   73   29   10   19    3    1   39   18   26    7   13    4   14   12    7   30   35
   47   67   23   77   45  119   91   35  101   56  118   43   91  156  190  116  161  131  108   94
  227  169   58   26   42   69   65  118   81   21    4    0   66  171   43   94   46   52   40   84
  139  119  133  171  149  132   68   85  150  133  107  121   89   64   44   37   26  262   24  228
  180   57   87   52  104   30  201  252  470  122  380  235  156  623  178  150  260  219  294  287
  239  186  435  495  535 1122  470  511  227  279  645  521  565  393  306  472  145  242  149  270
  322  125  178   75  137  161  151   52  161  113  129  166  108  215  164   88  113  204  161  136
  148  122   29   75   80   69   79   90   77  133   86   54   33   48   24   34   65   10    1    2
   80   21   45   84    7   25    4    1    0   11    2    4    0    2    0   33   62   17   42   29
  107  143   75  146  126   89  175  156  143  107  142  141   70   81  141   70  276  105  194   74
  228    0   60   40   24   60  101  115   81   27   40    2   35   34   38   56   23   68   87   53
   43  104   94   82  114  190  243  156  173   83   71  136  165  156   40   94  144  185  142   72
   53   34  126  189  183  167  274  549  441  354  346  470  514  250  277  112  292  280  204  232
  249  170  282  341  282  429  347  241   65  548  417  248  345  169   64  265  125  186  264  480
  407   94   65  158  127   56  152   91   62   99   78  201  226  233   89   38   59  227  142   68
  107  129   68   87   63   90   72   57   47   61   69  117   85   85   17   51   19   21    7    8
   53   45   57  106    3    1    2   13    1    7    3    6    8    2    2   11   17   26   65   16
   87   29   25   49   62   79   21   38   33   64   75   47  127   33    4   42   44   27   27   40
   32   54   15   13   15    9   13   44   44   41   45   89   46   52   69   41   34   52   39  201
   74   80  251   86  103  116  141  129   91   56  100  118   70   95   41  159  179  263  229   98
  127  252   49  225  175  220  143  199  222  212  246  203  176  251  259  271  130  160  176  155
  184  378  456  391  274  587  310  385  227   90  454  321  278  100  284  199  248  190  131  440
  256  452  396  232  220  239  163   53   78   88  154  184  162   64  100   43   42   87  133   78
   80   55   59   72   63   68   75   87   90   73  119  113   52   38   54   57   69  107   62  120
   93   86  100   64   30   33    7   14    1    6   10    5   12   28    2   16   28   32   47   17
   17  160   44   48  109   84  111   77   23   51   57   36  143   63  153   21  111   88   80  126
   83   90  236   85   22   90   64  122  122  137   37   18  125  132   97   59   75  112   39   50
   24   27  156   66  154  207  110   86   38   25   15   94  209  132  204  300  361  153  661  213
  129   54  168  132   91  303  275  233  290  248  232  274  428  322  187  340   77  135  238  227
  196  362  278  721  485  765  909  880  346  227  542  543  515  301  921  195   48   90  200  150
  166  109  114  125  254  160  155   92  124   70  159  136  288  161  156  343  120  134  195  246
  143   91   80   59   63   60  104  107   62  124   91   70  104   75   64  112   45   30    4    2
   61  117   33   60    9   10    3    1    3    6    1    0    0    3    5   14   14   17   17    9
  113  169  114  116  166  226  323   94  211  139  172  133   96   69  125  134  182  109   98   92
  143   40   61   58   32   64   44   66   51   15    9    1   96  166   49  126   25   28   62   77
   47   65   63   52  109  150  137  185   56   50  151  148   99  169  160  143   86  329  177  122
  307  161  137  200  210  134  129  171  221  262  317  160  201  156  142  120  176  124  142  101
   91  203  243  206  294  253  207  834  296  244  335  190  263  151   64  126  121  118  182  378
  226  260  198  193  264  117  228   40   34  102  148  120  183  258  203  162  130  154  110  161
  109  118   50   87   38   63   44   46   85   20   37   41   11   26    5   11   34   15   11    0
   67   37   45  127    7    9    9    1    1    2    1    1    0    0    1   11   20   32   27   39
   35   36    3    8   55   42   66   59   56  102   70   34   65   18   31   51   78   36   41   32
   37   61   15   16   24   14   27   54   33   17    3   15   89   48   16   15    5   19   47   43
  114   84   39   35   69   21   70   84   62   19   59   69   19   62  107  100  163  170   76  123
  153   51   90   64  163  178  264  284  665  315  459  542  404  615  497  232  297  232  461  253
  301  252  281  399  366  494  197  327  268  113  531  269  395  282  194  226  183  190  151  319
  377  101  143  227  197  100  178   91  106  174  175  201  247  171  144   79   69   84  107   52
  149  141   32   68   35   31   26   37   87   90  111   38    4    8   48   32   35   21   33   68
   51   52   57   83   14    7   11    2    3   24   29   33    8   26   20    6   18    8   29   31
   56   30   30   76   50   45   78   69   84  110   41   94   30   33   82   72  123   61  127  102
  144  213   26   57   10   76   52  105   48   18   23    6  117   38   63   43   46   23  202   58
   56   15   50   16   62   62   69   77   53    4   57   99  261  313  249  319  541  377  813  396
  434  134  395  218  181  498  763  162  282   99   98  490  466  245  128  123  311  176  150  292
  271  109  115  339  149  218  292  685  250  337  422  321  230  243  348  189  362  184  174  410
  196  187   98  151  144  144  113  109   71  119   88  162  176  209   94  140   78  130  133  164
   99   96   34   32   98   39   30   49  114  128   75   24   42   13   12   24   19   65    7    0
   63   48   76  105   16   16   10   23    2   19    2    0   21    4    4   18   18   15   20   22
  102  129   96   93  140   71  142  102   78  103  155   88  112   87  129  105  140  101   84  159
  188  109  144  105   43   85  112  101   45   66   77  115  104   75  103   44   74   45   34   25
   47   45   12    3  106   69   38   22   69    7   96  216    3   18   69   78  303  122  340  131
  192   21  238   80  169  212  415  364  583  252  192  412  155  457  263  286  159  145  167  115
  164  192  123  249  372  221  255  396  401  422  487  409   92   98  328  292  192  212  110  269
  156   28  119  191  149  163  159   76   74  169  185  143  311  260  129  164  163  142  176   96
   56  184   93   95   92  229   44   75   41   67   43   65   56   29   83   65   47   25   67   49
   59   54   78  123   18   56   20   25    2   15    9   33   12   24   30   21   37    7   10   25
   56  154   72  103  110  133   72   33   41   93   86  100   95   29  191   68  118   45   65   96
  121   20  124   64   87  136  139  108  130   96   46   39   91   99   98   72  109   21   33   18
   18   65   26    6   23   54   20  122   26   15   92   75  144  173   87  184  332  323  639  227
  257  125  119  169  161  324  310  258  405  197  180  590  367  100  145  104  272   85  114  106
  109  194  204  381  156  219  199  179  159  121  313  198  254  198  248  184  119  192  155  142
  170  248  204  105  239  164  166  305  182  149  200  166  251  190  109   51   34   79  137  101
  124  111  126  120  130   16   81   69  163  121   51   75   90   30   55   62   79   59   88   23
   68   83   41   61   15   35   38   26    1   40   12   10   10   32    3   57   60   36   26   31
   24  129  125   83   45   27  120   86   78   75   56   48   51  143   78   57  153   93  102  168
   73   48  160   66   15   56  141  154   89   49   45   27   91   86   38   42   86  116   35   40
   65   90   72   29   47   71   67  115  126   27   41  114   97  111  116  261  178  129  453  107
   65   86   43   94   42  186  553  332  413  261  185  378  382  305  427   98  153  262  142  189
  349  254  232  292  263  203  241  208  350  116  452  316  154  147  442  314  180  296   72  387
  208  183  291  222  252  252  249  194  132   85  165  233  241  295  219  156  135  277  160  182
  106  239   62   73   55   45   30   64   84  131   72   91   70   32   58   46   71   47   52   34
  109   44   81  183   22   31   29   21    8   43   13   23   17    2   26    6   14    5    6    6
   41  148   43   76   57  183  112  109   71  114   77  118  152  148   80   79  111  124  113   45
  129   40   96  127   73   80   86  123   44   57   36    7   42   18   33   25   38   66   30   46
   21   73  164  167  187  252  206  378  185  108   84  236  281  661  368  382  333  419  504  240
  199  124  265  172  238  174  530   87  338  167   69  634  493  157  334  183  273   79   97   98
  273   91  168  130  222  194  152   76  107   51  584  235  140   79  241  273  196  353   91  123
  357  263  278  190  256  129  234   76   90   87  200  191  143   87   34   21   27  280   74  126
   69  164   29   44   60   81   61   94  203  187  108   77   11   34   49   26   84   25   14    4
   51   39   92  109   39   18   18   12    6   11   24    9    7    8   32    4   13   20   56   74
   86  127   51   64   88   97  170   68  144  142  206  132  118   69  113  140  125  170  118   90
   59   66   53   77   59   93   60  111  111  108   78   21   72   81   61  162   73   84   79   60
  104  160  168   63  123  194  106  226  183  125   53  247  309  186  191  321  282  403  431  395
  360  259  108  172  164  311  478  196  508  179  212  344  386  302  270  401  162   20  207   93
  140  104  250  183  306  373  329  147  231  180  324  260  220  345  180  104  142  115  247  335
  287  302  279  546  385  104  139   25   77  412  201  169  379  145  165  187  104  130  204   80
  142  127   63  110  144  119   49  115   61  159   40  183   74   49   74   76  105   24   11    7
   41   54   45   58   15    3   29    1    0   20    7    9    0    0    6   24   45   24   67   70
  534   60   15  110  130   26   69  120  120   88   92   99   26   16   88   56   21   64   47   19
    3   18    3   32   62   39   52  128   80   74   39   34  119   49   45   44   84   94   35   40
   65   93   88   44   90   39   92  141  217   46  141   94  122  309   54  195  307  155  451  338
  148  129  475  168  332  347  572  346  637  477  489  760  514  337  448  112  429  278  290  284
  551  289  408  365  296  425  277  267  156  163  667  292  154  101  352  348  456  463  236  192
  318  272  194  274  144  165  120   97   72  172  116  225  290  258  110   42   15  144  132   79
   85  164   87   96  161  106   65  102  109  122   94  136   41   98   78   59  103   63   51   65
   40   51   38  149   26   43   34    1    2   17    7    6   13   37    0   77   29   18   18   40
