The beginning year of the data is 1951 and the ending year is the current year.
All values are integers. The units of temperature and precipitation are 0.1 centigrade and 1mm respectively.

for example:
     the current year is 2004
     then the number of the years of the data m=2004-1951+1=54

the following Fortran fragment will read the data: 

     parameter(n=160,m=54)
     iyb=1951
     integer it(n,m)
     open(11,file='R1601.txt')
     read(11,*)((it(i,j),i=1,n),j=1,m)
     close(11)



The 160 stations' name(in Chinese) and station number(WMO station number) are showed as following:

              number	  name	        number	 LAT	 LON
		51.72 	126.65 
		48.77 	121.92 
		49.22 	119.75 
		50.45 	121.70 
		49.17 	125.23 
		47.38 	123.92 
		47.43 	126.97 
		47.23 	131.98 
		46.49 	130.17 
		45.28 	130.95 
		45.75 	126.77 
		44.57 	129.60 
		46.08 	122.05 
		43.60 	122.27 
		43.90 	125.22 
		42.88 	129.47 
		41.68 	125.90 
		41.77 	123.43 
		41.55 	120.45 
		40.67 	122.20 
		40.05 	124.33 
		38.90 	121.63 
		43.98 	119.40 
		43.95 	116.07 
		42.40 	112.90 
		42.18 	116.47 
		42.27 	118.97 
		40.97 	117.93 
		40.78 	114.88 
		40.82 	111.68 
		40.66 	109.85 
		40.58 	107.10 
		39.93 	116.28 
		39.10 	117.17 
		38.03 	114.42 
		37.29 	116.22 
		37.07 	114.50 
		36.12 	114.37 
		37.36 	121.26 
		36.07 	120.33 
		36.70 	119.08 
		36.68 	116.98 
		35.05 	118.35 
		35.15 	115.26 
		34.36 	119.10 
		33.60 	119.03 
		34.19 	117.22 
		32.95 	117.37 
		32.93 	115.83 
		34.72 	113.65 
		33.03 	112.58 
		32.13 	114.05 
		32.87 	120.32 
		32.00 	118.80 
		31.87 	117.23 
		31.41 	121.46 
		30.23 	120.17 
		30.53 	117.05 
		29.71 	118.28 
		29.45 	115.59 
		30.62 	114.13 
		31.17 	112.57 
		29.38 	113.08 
		30.70 	111.30 
		29.05 	111.68 
		29.86 	121.56 
		28.97 	118.87 
		28.02 	120.67 
		27.92 	118.53 
		26.08 	119.28 
		25.97 	117.35 
		28.30 	117.21 
		28.60 	115.92 
		26.85 	116.33 
		27.12 	114.97 
		25.85 	114.95 
		28.12 	113.04 
		26.90 	112.60 
		25.45 	112.59 
		26.14 	111.36 
		27.45 	109.68 
		24.48 	118.08 
		24.30 	116.12 
		23.40 	116.68 
		24.80 	113.58 
		23.73 	114.68 
		23.08 	113.19 
		21.87 	111.97 
		21.22 	110.40 
		20.03 	110.35 
		25.33 	110.30 
		24.22 	109.23 
		23.29 	111.18 
		22.82 	108.35 
		21.48 	109.10 
		23.90 	106.60 
		27.70 	106.88 
		26.58 	106.72 
		27.30 	105.23 
		25.43 	105.18 
		25.97 	108.53 
		30.28 	109.47 
		31.20 	107.50 
		28.83 	108.77 
		29.52 	106.48 
		30.80 	106.08 
		29.58 	105.05 
		31.47 	104.68 
		30.67 	104.02 
		28.80 	104.60 
		29.98 	103.00 
		30.05 	101.97 
		27.90 	102.27 
		26.65 	102.25 
		26.83 	100.47 
		25.70 	100.18 
		25.13    99.22 
		25.02 	102.68 
		23.95 	100.22 
		23.38 	103.38 
		22.02 	100.80 
		31.62 	100.00 
		28.50 	 98.90 
		31.15 	 97.17 
		29.67 	 91.13 
		34.30 	108.93 
		34.58 	105.75 
		34.43 	104.01 
		33.07 	107.03 
		32.72 	109.03 
		32.51 	110.49 
		36.03 	113.04 
		37.78 	112.55 
		36.05 	111.32 
		38.23 	109.70 
		36.60 	109.50 
		35.73 	107.63 
		36.05 	103.88 
		37.48 	105.67 
		38.48 	106.22 
		36.62 	101.77 
		35.58 	103.18 
		34.92 	 98.22 
		33.02 	 97.02 
		38.05 	102.55 
		38.93 	100.43 
		39.77 	 98.48 
		40.15 	 94.68 
		42.93 	 89.20 
		41.72 	 82.95 
		39.47 	 75.98 
		37.13 	 79.93 
		38.15 	 85.55 
		39.03 	 88.17 
		42.82 	 93.52 
		47.73 	 88.08 
		46.73 	 83.00 
		44.43 	 84.66 
		43.95 	 81.33 
		43.78 	 87.62 
